============================================================================================================================
Namespace(pooling='dlspool', batch_size=32, lr=0.0001, epochs=500, pool_ratio=0.5, dataset='PROTEINS', edges=False, runs=10, logging='logs/24_03_24/dlspool_nb+nb_notanh', config='config/config.json', patience=50, seeds='config/seeds'); _CudaDeviceProperties(name='NVIDIA GeForce RTX 4060 Ti', major=8, minor=9, total_memory=16379MB, multi_processor_count=34); {'hidden_features': 128, 'nonlinearity': 'elu', 'p_dropout': 0.0, 'conv_layer': 'GCN', 'pre_gnn': [128, 128], 'post_gnn': [128, 128], 'pre_pool_convs': 2, 'post_pool_convs': 1} 
----------------------------------------------------------------------------------------------------------------------------
0.72146, 0.63129, 0.58876, 0.60360, 0.64286
0.61106, 0.62493, 0.60562, 0.62162, 0.68750
0.60629, 0.62836, 0.68989, 0.69369, 0.75000
0.60090, 0.63342, 0.72697, 0.70270, 0.74107
0.59672, 0.63072, 0.68876, 0.69369, 0.75000
0.59344, 0.62721, 0.72809, 0.71171, 0.73214
0.59382, 0.62568, 0.73034, 0.70270, 0.74107
0.58442, 0.63289, 0.72472, 0.68468, 0.68750
0.59187, 0.62100, 0.73258, 0.71171, 0.71429
0.57828, 0.61533, 0.73708, 0.71171, 0.71429
0.57786, 0.61666, 0.73034, 0.71171, 0.71429
0.57305, 0.61452, 0.72921, 0.72072, 0.72321
0.56413, 0.60538, 0.73483, 0.73874, 0.71429
0.56315, 0.61180, 0.73371, 0.67568, 0.69643
0.56273, 0.58449, 0.73596, 0.73874, 0.69643
0.57285, 0.61434, 0.69326, 0.63964, 0.69643
0.55602, 0.60418, 0.73146, 0.65766, 0.70536
0.55231, 0.58489, 0.74382, 0.72973, 0.72321
0.54779, 0.57520, 0.73933, 0.74775, 0.71429
0.54056, 0.57062, 0.74382, 0.73874, 0.71429
0.54128, 0.57007, 0.74382, 0.73874, 0.73214
0.53928, 0.57307, 0.74607, 0.73874, 0.72321
0.54061, 0.56192, 0.74607, 0.73874, 0.72321
0.54128, 0.56855, 0.74382, 0.73874, 0.70536
0.53676, 0.55992, 0.74607, 0.75676, 0.69643
0.54595, 0.58171, 0.74719, 0.72973, 0.71429
0.53169, 0.56022, 0.74382, 0.72973, 0.73214
0.52604, 0.54963, 0.74270, 0.73874, 0.71429
0.53749, 0.56775, 0.73483, 0.75676, 0.69643
0.53250, 0.56045, 0.74270, 0.72973, 0.72321
0.53360, 0.54585, 0.74270, 0.73874, 0.72321
0.52344, 0.54901, 0.74944, 0.73874, 0.69643
0.52164, 0.52982, 0.74831, 0.75676, 0.70536
0.53722, 0.55025, 0.75393, 0.73874, 0.72321
0.53406, 0.56005, 0.73933, 0.72973, 0.69643
0.51457, 0.53095, 0.74831, 0.74775, 0.70536
0.51410, 0.54290, 0.75056, 0.74775, 0.70536
0.52694, 0.53579, 0.74719, 0.72973, 0.71429
0.51591, 0.53755, 0.74719, 0.73874, 0.70536
0.51842, 0.53016, 0.75169, 0.74775, 0.71429
0.51517, 0.53112, 0.74831, 0.73874, 0.70536
0.52504, 0.55438, 0.74494, 0.73874, 0.71429
0.51394, 0.54211, 0.74494, 0.79279, 0.72321
0.51299, 0.54037, 0.75393, 0.74775, 0.73214
0.51575, 0.52658, 0.75393, 0.72973, 0.72321
0.51446, 0.52868, 0.75169, 0.72072, 0.72321
0.51375, 0.51494, 0.75281, 0.74775, 0.73214
0.52126, 0.53182, 0.75169, 0.72072, 0.72321
0.50758, 0.53551, 0.75393, 0.77477, 0.71429
0.50899, 0.52561, 0.74944, 0.72973, 0.72321
0.50884, 0.52936, 0.74944, 0.72072, 0.71429
0.51266, 0.54130, 0.74719, 0.72973, 0.72321
0.50944, 0.51432, 0.74831, 0.74775, 0.71429
0.50865, 0.51442, 0.75618, 0.72973, 0.69643
0.50655, 0.52343, 0.75281, 0.76577, 0.72321
0.50462, 0.51180, 0.75056, 0.73874, 0.71429
0.50469, 0.52178, 0.76180, 0.77477, 0.71429
0.50259, 0.51815, 0.75955, 0.79279, 0.73214
0.50981, 0.52608, 0.74944, 0.72072, 0.72321
0.50074, 0.55766, 0.74270, 0.72072, 0.74107
0.53394, 0.55891, 0.74719, 0.71171, 0.75893
0.50517, 0.52955, 0.74607, 0.74775, 0.73214
0.50855, 0.51753, 0.74831, 0.72973, 0.73214
0.50348, 0.50246, 0.76067, 0.74775, 0.72321
0.50043, 0.50637, 0.75843, 0.73874, 0.72321
0.50212, 0.52683, 0.75843, 0.75676, 0.72321
0.50837, 0.52468, 0.75393, 0.74775, 0.71429
0.50744, 0.53783, 0.75056, 0.70270, 0.73214
0.50684, 0.51508, 0.75843, 0.75676, 0.73214
0.50943, 0.49966, 0.75393, 0.73874, 0.71429
0.50125, 0.52746, 0.75281, 0.70270, 0.73214
0.50309, 0.51674, 0.75955, 0.75676, 0.72321
0.50785, 0.51485, 0.75730, 0.75676, 0.72321
0.51167, 0.52462, 0.75618, 0.70270, 0.72321
0.50493, 0.50630, 0.75506, 0.72973, 0.71429
0.49719, 0.51960, 0.75393, 0.70270, 0.74107
0.50339, 0.51951, 0.75955, 0.76577, 0.73214
0.50110, 0.51343, 0.75843, 0.71171, 0.72321
0.49689, 0.50117, 0.75393, 0.72072, 0.72321
0.50020, 0.51611, 0.75730, 0.71171, 0.75000
0.49837, 0.49305, 0.75843, 0.72973, 0.74107
0.49615, 0.50655, 0.76067, 0.71171, 0.72321
0.49773, 0.53430, 0.75281, 0.72973, 0.74107
0.50699, 0.49707, 0.76067, 0.72072, 0.73214
0.49769, 0.49446, 0.76742, 0.75676, 0.74107
0.49546, 0.50738, 0.75393, 0.71171, 0.75893
0.49315, 0.50032, 0.76404, 0.72072, 0.75893
0.49278, 0.48700, 0.75843, 0.74775, 0.73214
0.49352, 0.50892, 0.76404, 0.70270, 0.74107
0.49305, 0.50832, 0.76517, 0.73874, 0.76786
0.49819, 0.51332, 0.75506, 0.69369, 0.76786
0.49515, 0.50613, 0.76292, 0.70270, 0.74107
0.49644, 0.51250, 0.75843, 0.74775, 0.74107
0.49211, 0.48684, 0.75730, 0.74775, 0.75000
0.49148, 0.50387, 0.76854, 0.76577, 0.74107
0.49125, 0.49482, 0.76966, 0.74775, 0.75000
0.49412, 0.51864, 0.76292, 0.76577, 0.73214
0.49756, 0.49220, 0.76292, 0.72072, 0.73214
0.49328, 0.50703, 0.76742, 0.79279, 0.72321
0.49721, 0.50562, 0.76742, 0.70270, 0.73214
0.49344, 0.52683, 0.75506, 0.78378, 0.70536
0.49615, 0.50861, 0.76404, 0.77477, 0.74107
0.48998, 0.48587, 0.76180, 0.76577, 0.73214
0.49080, 0.51401, 0.76404, 0.75676, 0.74107
0.49203, 0.50849, 0.75955, 0.77477, 0.73214
0.48619, 0.48893, 0.77416, 0.72973, 0.74107
0.49157, 0.49287, 0.77191, 0.70270, 0.74107
0.48709, 0.49564, 0.77303, 0.72072, 0.75000
0.48970, 0.50334, 0.76517, 0.72072, 0.73214
0.48642, 0.49976, 0.77416, 0.73874, 0.75893
0.48794, 0.47351, 0.77303, 0.73874, 0.75000
0.48751, 0.48441, 0.77528, 0.72072, 0.75893
0.48832, 0.47175, 0.77640, 0.74775, 0.74107
0.48774, 0.47382, 0.77640, 0.75676, 0.74107
0.48316, 0.50600, 0.76292, 0.71171, 0.74107
0.49225, 0.52065, 0.75955, 0.70270, 0.73214
0.48700, 0.49063, 0.77528, 0.72072, 0.75893
0.48534, 0.51291, 0.77303, 0.74775, 0.75000
0.48465, 0.48523, 0.77753, 0.77477, 0.74107
0.49118, 0.50132, 0.77191, 0.76577, 0.74107
0.48289, 0.48875, 0.77640, 0.72072, 0.75893
0.48708, 0.48800, 0.77303, 0.73874, 0.75000
0.48990, 0.45937, 0.78090, 0.74775, 0.74107
0.49150, 0.48334, 0.76742, 0.73874, 0.75000
0.48460, 0.47308, 0.76742, 0.75676, 0.76786
0.48792, 0.47080, 0.77753, 0.72973, 0.75893
0.48254, 0.49092, 0.76292, 0.72072, 0.75000
0.48453, 0.46164, 0.77528, 0.73874, 0.73214
0.48216, 0.47446, 0.77528, 0.75676, 0.74107
0.48718, 0.46395, 0.78315, 0.74775, 0.73214
0.48807, 0.47314, 0.77865, 0.71171, 0.75000
0.48489, 0.47335, 0.77753, 0.72072, 0.76786
0.48030, 0.47018, 0.77640, 0.79279, 0.72321
0.48572, 0.48528, 0.77191, 0.72973, 0.74107
0.49319, 0.47058, 0.77753, 0.72973, 0.77679
0.48385, 0.47309, 0.78427, 0.73874, 0.77679
0.48449, 0.47297, 0.77640, 0.76577, 0.74107
0.48023, 0.45879, 0.77753, 0.75676, 0.76786
0.48461, 0.47673, 0.77753, 0.77477, 0.75000
0.48093, 0.46902, 0.78202, 0.74775, 0.76786
0.48519, 0.47852, 0.76067, 0.73874, 0.75000
0.48596, 0.49279, 0.77640, 0.72072, 0.75000
0.47826, 0.47580, 0.77865, 0.76577, 0.73214
0.48080, 0.47045, 0.76742, 0.81081, 0.71429
0.48202, 0.48225, 0.78090, 0.74775, 0.73214
0.48665, 0.46632, 0.77753, 0.74775, 0.73214
0.47946, 0.47804, 0.78090, 0.73874, 0.77679
0.48077, 0.46760, 0.78090, 0.74775, 0.77679
0.48276, 0.47690, 0.77303, 0.78378, 0.73214
0.48170, 0.48449, 0.77528, 0.74775, 0.73214
0.47509, 0.47733, 0.77978, 0.73874, 0.76786
0.47677, 0.49825, 0.77753, 0.74775, 0.75893
0.47884, 0.46743, 0.77865, 0.73874, 0.76786
0.47890, 0.47981, 0.77640, 0.72973, 0.76786
0.47835, 0.46211, 0.77978, 0.75676, 0.77679
0.47521, 0.46980, 0.77753, 0.79279, 0.73214
0.47804, 0.47554, 0.78090, 0.75676, 0.73214
0.47933, 0.49481, 0.77978, 0.73874, 0.78571
0.47795, 0.47024, 0.78427, 0.76577, 0.75893
0.48008, 0.48146, 0.77528, 0.77477, 0.73214
0.48364, 0.46671, 0.78427, 0.75676, 0.74107
0.47447, 0.48396, 0.78202, 0.76577, 0.73214
0.47466, 0.48781, 0.77303, 0.73874, 0.75000
0.47851, 0.47176, 0.78090, 0.74775, 0.77679
0.47832, 0.45649, 0.78202, 0.75676, 0.75893
0.48188, 0.49114, 0.77303, 0.74775, 0.77679
0.47988, 0.47347, 0.77753, 0.74775, 0.76786
0.48290, 0.47136, 0.77528, 0.73874, 0.74107
0.48363, 0.47274, 0.77528, 0.73874, 0.75000
0.48016, 0.46288, 0.78427, 0.75676, 0.78571
0.47711, 0.45886, 0.78315, 0.75676, 0.78571
0.47974, 0.44987, 0.77640, 0.76577, 0.76786
0.47326, 0.46453, 0.78202, 0.75676, 0.73214
0.47469, 0.45470, 0.78202, 0.74775, 0.74107
0.47644, 0.46512, 0.78202, 0.75676, 0.76786
0.47948, 0.47607, 0.77753, 0.75676, 0.77679
0.48038, 0.46080, 0.78427, 0.76577, 0.75000
0.47210, 0.45369, 0.78539, 0.75676, 0.75893
0.47424, 0.48755, 0.77303, 0.72973, 0.75000
0.47856, 0.45961, 0.77753, 0.75676, 0.75893
0.47478, 0.45919, 0.77865, 0.75676, 0.78571
0.47504, 0.47438, 0.77416, 0.73874, 0.76786
0.47442, 0.46382, 0.78090, 0.74775, 0.79464
0.47892, 0.46198, 0.77978, 0.75676, 0.76786
0.47498, 0.48953, 0.76180, 0.72973, 0.75893
0.48263, 0.45710, 0.78539, 0.75676, 0.75000
0.47297, 0.47825, 0.76742, 0.81081, 0.71429
0.47840, 0.45671, 0.77753, 0.75676, 0.75893
0.47105, 0.46309, 0.78315, 0.75676, 0.75893
0.47769, 0.45428, 0.77528, 0.77477, 0.76786
0.47474, 0.47449, 0.78539, 0.75676, 0.76786
0.47316, 0.46039, 0.78315, 0.76577, 0.75893
0.47086, 0.45866, 0.78427, 0.76577, 0.74107
0.47412, 0.45013, 0.77865, 0.77477, 0.72321
0.47153, 0.46587, 0.78202, 0.75676, 0.73214
0.47526, 0.46025, 0.78652, 0.75676, 0.74107
0.47288, 0.45853, 0.77865, 0.75676, 0.74107
0.46986, 0.45401, 0.78202, 0.75676, 0.76786
0.47294, 0.45713, 0.78652, 0.78378, 0.73214
0.47001, 0.45449, 0.78315, 0.76577, 0.75000
0.46947, 0.45582, 0.78090, 0.76577, 0.76786
0.47469, 0.53014, 0.76966, 0.71171, 0.75893
0.47928, 0.46708, 0.78090, 0.75676, 0.78571
0.47056, 0.51722, 0.76966, 0.73874, 0.74107
0.47550, 0.44934, 0.78764, 0.76577, 0.73214
0.47389, 0.45954, 0.77528, 0.75676, 0.76786
0.46799, 0.45746, 0.78202, 0.76577, 0.75893
0.47049, 0.45551, 0.78764, 0.78378, 0.73214
0.47099, 0.47309, 0.77865, 0.74775, 0.80357
0.47800, 0.46746, 0.78427, 0.75676, 0.74107
0.47052, 0.47163, 0.78090, 0.75676, 0.75000
0.47001, 0.46566, 0.77978, 0.75676, 0.80357
0.47310, 0.49450, 0.77640, 0.75676, 0.77679
0.47214, 0.45642, 0.78764, 0.76577, 0.72321
0.46786, 0.47842, 0.78427, 0.75676, 0.72321
0.47517, 0.46655, 0.78315, 0.75676, 0.77679
0.46805, 0.46872, 0.79213, 0.74775, 0.74107
0.46724, 0.47453, 0.77978, 0.73874, 0.77679
0.47111, 0.48685, 0.77416, 0.75676, 0.78571
0.47199, 0.47766, 0.77416, 0.72973, 0.77679
0.48101, 0.49533, 0.78764, 0.76577, 0.74107
0.47805, 0.48018, 0.77978, 0.78378, 0.72321
0.47167, 0.46291, 0.78764, 0.75676, 0.73214
0.46653, 0.48411, 0.77640, 0.74775, 0.77679
0.46766, 0.49740, 0.78090, 0.75676, 0.76786
0.46669, 0.47869, 0.77865, 0.75676, 0.75000
0.47264, 0.49116, 0.77978, 0.76577, 0.73214
0.46925, 0.46471, 0.78427, 0.74775, 0.75893
0.46627, 0.50357, 0.78315, 0.76577, 0.78571
0.46571, 0.48868, 0.76966, 0.72973, 0.75000
0.47128, 0.49337, 0.78539, 0.75676, 0.76786
0.47330, 0.46356, 0.78427, 0.75676, 0.76786
0.46342, 0.49225, 0.78764, 0.75676, 0.75000
0.46524, 0.44838, 0.78876, 0.75676, 0.74107
0.46902, 0.44764, 0.78427, 0.76577, 0.76786
0.46594, 0.49193, 0.77079, 0.72072, 0.76786
0.47461, 0.48724, 0.77528, 0.72072, 0.77679
0.47081, 0.45089, 0.79213, 0.75676, 0.73214
0.46828, 0.48070, 0.77865, 0.73874, 0.77679
0.47186, 0.45752, 0.78315, 0.78378, 0.74107
0.47257, 0.45807, 0.78202, 0.75676, 0.75000
0.46601, 0.45540, 0.78652, 0.76577, 0.74107
0.46918, 0.45851, 0.78315, 0.75676, 0.75893
0.46403, 0.45397, 0.78652, 0.77477, 0.74107
0.47105, 0.46840, 0.77978, 0.76577, 0.75000
0.46080, 0.47142, 0.77303, 0.74775, 0.77679
0.47354, 0.46422, 0.78315, 0.76577, 0.80357
0.47097, 0.46819, 0.77640, 0.76577, 0.79464
0.46673, 0.44884, 0.78539, 0.77477, 0.75893
0.47416, 0.46810, 0.78652, 0.77477, 0.75000
0.46475, 0.47193, 0.78427, 0.76577, 0.74107
0.46678, 0.44930, 0.78876, 0.75676, 0.75893
0.46616, 0.46050, 0.78876, 0.77477, 0.74107
0.46892, 0.46146, 0.79101, 0.77477, 0.74107
0.46075, 0.47803, 0.77528, 0.74775, 0.78571
0.46668, 0.47775, 0.78090, 0.73874, 0.78571
0.46558, 0.46637, 0.77753, 0.75676, 0.79464
0.46635, 0.46285, 0.77978, 0.76577, 0.79464
0.46406, 0.49075, 0.77753, 0.76577, 0.79464
0.46484, 0.45674, 0.79101, 0.76577, 0.75000
0.46178, 0.45763, 0.78764, 0.75676, 0.74107
0.45992, 0.46084, 0.77978, 0.75676, 0.78571
0.46103, 0.47220, 0.78539, 0.72973, 0.78571
0.46380, 0.46944, 0.78427, 0.75676, 0.75000
0.46327, 0.47392, 0.78764, 0.73874, 0.75000
0.46461, 0.50227, 0.76404, 0.78378, 0.71429
0.47757, 0.45857, 0.78989, 0.75676, 0.75893
0.46568, 0.49182, 0.78202, 0.75676, 0.77679
0.46221, 0.46162, 0.79213, 0.74775, 0.75000
0.46245, 0.46574, 0.79551, 0.75676, 0.75000
0.46161, 0.46567, 0.79663, 0.74775, 0.73214
0.46202, 0.50238, 0.78090, 0.72973, 0.78571
0.46662, 0.49430, 0.77303, 0.71171, 0.76786
0.46351, 0.47267, 0.77978, 0.74775, 0.75000
0.46290, 0.46173, 0.78652, 0.74775, 0.77679
0.46163, 0.48373, 0.77865, 0.73874, 0.76786
0.46581, 0.49576, 0.78315, 0.72973, 0.78571
0.46046, 0.48946, 0.78427, 0.76577, 0.75000
0.46256, 0.47249, 0.78764, 0.75676, 0.73214
0.45857, 0.47396, 0.78315, 0.73874, 0.80357
0.46676, 0.49308, 0.78989, 0.74775, 0.74107
0.46053, 0.44657, 0.78427, 0.81081, 0.75000
0.46856, 0.45618, 0.78876, 0.75676, 0.73214
0.46007, 0.45679, 0.78876, 0.75676, 0.73214
0.45796, 0.45121, 0.79326, 0.76577, 0.75000
0.46054, 0.47400, 0.78202, 0.77477, 0.76786
0.46030, 0.46008, 0.77640, 0.76577, 0.78571
0.47088, 0.48349, 0.77978, 0.77477, 0.79464
0.46702, 0.47756, 0.77865, 0.73874, 0.80357
0.45975, 0.47970, 0.77865, 0.73874, 0.80357
0.46387, 0.45770, 0.78989, 0.75676, 0.76786
0.45819, 0.45628, 0.78202, 0.74775, 0.78571
0.45906, 0.47072, 0.78090, 0.76577, 0.80357
0.45827, 0.46482, 0.78652, 0.76577, 0.74107
0.45944, 0.45530, 0.79438, 0.76577, 0.75000
0.45920, 0.45408, 0.79213, 0.75676, 0.76786
0.45538, 0.46432, 0.79101, 0.76577, 0.75000
0.45840, 0.46457, 0.78202, 0.76577, 0.73214
0.45738, 0.46271, 0.78090, 0.75676, 0.80357
0.46156, 0.44889, 0.78876, 0.75676, 0.75893
0.45964, 0.46826, 0.78539, 0.76577, 0.72321
0.45957, 0.45648, 0.78764, 0.75676, 0.74107
0.45844, 0.47103, 0.77978, 0.76577, 0.78571
0.45718, 0.45801, 0.78989, 0.76577, 0.75000
0.46298, 0.47685, 0.78652, 0.75676, 0.78571
0.45560, 0.45846, 0.78989, 0.75676, 0.77679
0.45878, 0.47807, 0.77978, 0.75676, 0.78571
0.45765, 0.46910, 0.78539, 0.76577, 0.77679
0.45809, 0.46121, 0.78427, 0.75676, 0.77679
0.45724, 0.46978, 0.78539, 0.76577, 0.77679
0.45460, 0.48343, 0.78315, 0.72973, 0.79464
0.45561, 0.46576, 0.78876, 0.75676, 0.75000
0.45982, 0.45931, 0.79326, 0.75676, 0.75893
0.45349, 0.46147, 0.79438, 0.76577, 0.75000
0.45708, 0.45636, 0.78652, 0.75676, 0.74107
0.45350, 0.45940, 0.78764, 0.76577, 0.75000
0.45556, 0.46297, 0.78539, 0.76577, 0.78571
0.45757, 0.45931, 0.78989, 0.75676, 0.74107
0.45241, 0.46554, 0.78876, 0.77477, 0.74107
0.46083, 0.46917, 0.78764, 0.77477, 0.75000
0.45141, 0.46388, 0.78652, 0.74775, 0.75893
0.46089, 0.46586, 0.79101, 0.75676, 0.75893
0.45225, 0.45847, 0.79213, 0.75676, 0.73214
0.45696, 0.47333, 0.78090, 0.78378, 0.73214
0.44974, 0.45932, 0.79101, 0.75676, 0.75893
0.44777, 0.47987, 0.77865, 0.73874, 0.79464
0.45628, 0.46962, 0.77865, 0.74775, 0.76786
0.45939, 0.45794, 0.78989, 0.76577, 0.74107
0.45146, 0.47992, 0.78427, 0.76577, 0.76786
0.46049, 0.46323, 0.80337, 0.77477, 0.80357
0.46757, 0.48028, 0.79326, 0.75676, 0.75893
0.45164, 0.46145, 0.78764, 0.75676, 0.75000
----------------------------------------------------------------------------------------------------------------------------
0.63135, 0.57225, 0.59663, 0.61261, 0.57143
0.61520, 0.59904, 0.72697, 0.76577, 0.68750
0.60881, 0.56263, 0.60337, 0.61261, 0.57143
0.60676, 0.58988, 0.71910, 0.74775, 0.72321
0.60246, 0.55571, 0.72921, 0.69369, 0.63393
0.59722, 0.56404, 0.72584, 0.75676, 0.72321
0.59270, 0.55131, 0.73483, 0.73874, 0.65179
0.58984, 0.54924, 0.73596, 0.72973, 0.66071
0.58686, 0.53569, 0.73258, 0.73874, 0.68750
0.58540, 0.53255, 0.74045, 0.73874, 0.66964
0.57850, 0.53718, 0.73596, 0.72072, 0.64286
0.57858, 0.53868, 0.71124, 0.76577, 0.71429
0.58691, 0.54480, 0.70787, 0.76577, 0.72321
0.56693, 0.52322, 0.73596, 0.72973, 0.67857
0.56648, 0.52182, 0.73708, 0.73874, 0.67857
0.56437, 0.53365, 0.72247, 0.76577, 0.72321
0.57010, 0.51278, 0.73596, 0.75676, 0.65179
0.55353, 0.51133, 0.73596, 0.76577, 0.66071
0.54740, 0.51066, 0.74045, 0.74775, 0.66071
0.54448, 0.50100, 0.74045, 0.76577, 0.66964
0.53916, 0.50605, 0.73820, 0.78378, 0.71429
0.53874, 0.50215, 0.73708, 0.73874, 0.69643
0.53296, 0.52292, 0.73596, 0.77477, 0.72321
0.53768, 0.48991, 0.74494, 0.76577, 0.69643
0.53962, 0.49958, 0.73596, 0.77477, 0.72321
0.53807, 0.50381, 0.74719, 0.76577, 0.67857
0.53530, 0.49890, 0.74494, 0.75676, 0.69643
0.53020, 0.52511, 0.73371, 0.76577, 0.72321
0.51967, 0.48886, 0.74494, 0.76577, 0.69643
0.52513, 0.51387, 0.74270, 0.78378, 0.72321
0.53254, 0.48499, 0.74607, 0.76577, 0.70536
0.52051, 0.50386, 0.74270, 0.75676, 0.72321
0.51784, 0.48871, 0.74045, 0.74775, 0.72321
0.51699, 0.50308, 0.74944, 0.74775, 0.68750
0.51627, 0.50524, 0.74607, 0.74775, 0.72321
0.52662, 0.50369, 0.75056, 0.75676, 0.68750
0.52655, 0.49438, 0.74831, 0.72973, 0.70536
0.51024, 0.49698, 0.75618, 0.74775, 0.69643
0.51073, 0.50341, 0.74831, 0.75676, 0.67857
0.53061, 0.49535, 0.74719, 0.74775, 0.69643
0.51383, 0.51476, 0.75506, 0.76577, 0.71429
0.51064, 0.49302, 0.75056, 0.73874, 0.69643
0.51409, 0.49591, 0.75393, 0.74775, 0.70536
0.52287, 0.51463, 0.75506, 0.73874, 0.67857
0.50958, 0.50529, 0.75056, 0.75676, 0.68750
0.51620, 0.51269, 0.75169, 0.73874, 0.67857
0.50414, 0.51523, 0.74944, 0.74775, 0.68750
0.50508, 0.50648, 0.75506, 0.72072, 0.69643
0.50784, 0.51650, 0.75506, 0.72973, 0.69643
0.50160, 0.52380, 0.75281, 0.74775, 0.68750
0.50993, 0.51323, 0.75281, 0.74775, 0.69643
0.50385, 0.53336, 0.75056, 0.74775, 0.71429
0.50673, 0.49754, 0.75730, 0.72973, 0.71429
0.50487, 0.50123, 0.75618, 0.73874, 0.69643
0.50098, 0.50404, 0.76517, 0.77477, 0.71429
0.49709, 0.51084, 0.75506, 0.73874, 0.71429
0.51002, 0.49854, 0.76629, 0.77477, 0.69643
0.49629, 0.49019, 0.75393, 0.74775, 0.71429
0.49856, 0.50143, 0.75618, 0.73874, 0.66964
0.49851, 0.49397, 0.75843, 0.72072, 0.71429
0.49363, 0.49576, 0.75955, 0.72973, 0.71429
0.49476, 0.52043, 0.76517, 0.74775, 0.69643
0.49482, 0.50834, 0.76180, 0.75676, 0.71429
0.49114, 0.49929, 0.76629, 0.72072, 0.71429
0.49213, 0.49625, 0.76180, 0.74775, 0.71429
0.49192, 0.50541, 0.76292, 0.71171, 0.72321
0.49202, 0.51041, 0.75843, 0.72973, 0.68750
0.49779, 0.50517, 0.76180, 0.72973, 0.72321
0.49300, 0.50484, 0.76067, 0.72973, 0.71429
0.49095, 0.51782, 0.77079, 0.76577, 0.70536
0.49193, 0.50800, 0.76629, 0.72973, 0.72321
0.49090, 0.51713, 0.76404, 0.72973, 0.70536
0.48934, 0.49599, 0.76404, 0.73874, 0.70536
0.49060, 0.49665, 0.76742, 0.72973, 0.69643
0.48812, 0.49910, 0.76067, 0.72973, 0.72321
0.49010, 0.51467, 0.77191, 0.75676, 0.71429
0.48689, 0.50354, 0.76629, 0.73874, 0.70536
0.48376, 0.50594, 0.76180, 0.72973, 0.69643
0.50269, 0.51863, 0.74831, 0.74775, 0.67857
0.51221, 0.54108, 0.74494, 0.73874, 0.63393
0.50533, 0.47707, 0.76067, 0.74775, 0.71429
0.48536, 0.47956, 0.76517, 0.73874, 0.69643
0.48503, 0.48904, 0.77079, 0.73874, 0.73214
0.48880, 0.48787, 0.77416, 0.75676, 0.71429
0.48836, 0.49132, 0.77303, 0.76577, 0.70536
0.48213, 0.49136, 0.77640, 0.74775, 0.72321
0.48354, 0.49222, 0.76854, 0.72973, 0.70536
0.48126, 0.49737, 0.77753, 0.72973, 0.72321
0.48142, 0.49724, 0.76067, 0.72973, 0.70536
0.48520, 0.49179, 0.77640, 0.74775, 0.71429
0.49395, 0.52808, 0.76067, 0.74775, 0.69643
0.49334, 0.49598, 0.76966, 0.72973, 0.71429
0.48201, 0.49143, 0.77416, 0.72973, 0.71429
0.47923, 0.49550, 0.77753, 0.74775, 0.71429
0.47883, 0.49873, 0.77416, 0.73874, 0.71429
0.47881, 0.49479, 0.77640, 0.73874, 0.71429
0.49303, 0.49598, 0.76854, 0.73874, 0.70536
0.48233, 0.50576, 0.76180, 0.73874, 0.70536
0.48083, 0.50382, 0.78202, 0.74775, 0.72321
0.48060, 0.50676, 0.77640, 0.74775, 0.72321
0.47817, 0.50347, 0.77416, 0.73874, 0.71429
0.47587, 0.56376, 0.75506, 0.75676, 0.73214
0.48442, 0.47138, 0.77978, 0.74775, 0.70536
0.47585, 0.48311, 0.77753, 0.75676, 0.73214
0.47869, 0.48765, 0.77191, 0.74775, 0.70536
0.48083, 0.47792, 0.76742, 0.74775, 0.69643
0.48004, 0.47352, 0.77753, 0.73874, 0.70536
0.47431, 0.49618, 0.77528, 0.74775, 0.69643
0.48075, 0.47777, 0.77753, 0.74775, 0.70536
0.47461, 0.47577, 0.78202, 0.74775, 0.72321
0.47611, 0.48222, 0.78315, 0.75676, 0.70536
0.47738, 0.47556, 0.77416, 0.74775, 0.71429
0.47953, 0.47700, 0.76742, 0.73874, 0.68750
0.48589, 0.48363, 0.76854, 0.75676, 0.70536
0.48680, 0.48060, 0.77079, 0.74775, 0.69643
0.47736, 0.47653, 0.78090, 0.75676, 0.72321
0.48440, 0.47469, 0.78202, 0.75676, 0.69643
0.47975, 0.51002, 0.76404, 0.76577, 0.68750
0.47278, 0.48708, 0.76966, 0.75676, 0.69643
0.47106, 0.48295, 0.78315, 0.77477, 0.71429
0.47616, 0.48260, 0.78539, 0.76577, 0.71429
0.47339, 0.50090, 0.76742, 0.76577, 0.70536
0.47830, 0.49623, 0.76517, 0.74775, 0.68750
0.47964, 0.48045, 0.78090, 0.75676, 0.69643
0.47398, 0.48584, 0.79101, 0.77477, 0.71429
0.47011, 0.49001, 0.77753, 0.75676, 0.70536
0.46833, 0.49633, 0.78315, 0.76577, 0.71429
0.46961, 0.48687, 0.77753, 0.75676, 0.70536
0.47146, 0.49061, 0.78989, 0.76577, 0.71429
0.47165, 0.50047, 0.77978, 0.76577, 0.70536
0.46933, 0.49083, 0.78876, 0.76577, 0.69643
0.47116, 0.50014, 0.77978, 0.75676, 0.69643
0.46822, 0.48558, 0.77640, 0.75676, 0.69643
0.46915, 0.49526, 0.79101, 0.74775, 0.70536
0.46933, 0.51278, 0.77640, 0.75676, 0.69643
0.46832, 0.49775, 0.77865, 0.78378, 0.69643
0.46988, 0.51928, 0.77978, 0.75676, 0.68750
0.46718, 0.49981, 0.78202, 0.76577, 0.67857
0.46467, 0.50899, 0.78090, 0.74775, 0.70536
0.46916, 0.49139, 0.79101, 0.75676, 0.71429
0.47421, 0.50590, 0.76854, 0.76577, 0.72321
0.47054, 0.50241, 0.79213, 0.75676, 0.70536
0.46621, 0.50130, 0.77978, 0.74775, 0.71429
0.46527, 0.51031, 0.78202, 0.74775, 0.70536
0.46854, 0.49957, 0.79101, 0.75676, 0.69643
0.47372, 0.48469, 0.78427, 0.77477, 0.72321
0.47269, 0.48716, 0.79101, 0.76577, 0.71429
0.46775, 0.48605, 0.79101, 0.76577, 0.69643
0.46923, 0.49347, 0.78764, 0.76577, 0.69643
0.46559, 0.52656, 0.77416, 0.77477, 0.73214
0.46305, 0.48247, 0.78876, 0.76577, 0.71429
0.46620, 0.50768, 0.76292, 0.75676, 0.68750
0.46658, 0.49283, 0.78764, 0.77477, 0.68750
----------------------------------------------------------------------------------------------------------------------------
0.63476, 0.58839, 0.58764, 0.63964, 0.61607
0.61749, 0.58694, 0.62247, 0.68468, 0.66964
0.61067, 0.58462, 0.70225, 0.72072, 0.78571
0.60596, 0.57603, 0.65393, 0.69369, 0.69643
0.60124, 0.58270, 0.61573, 0.66667, 0.65179
0.60793, 0.57362, 0.71798, 0.75676, 0.83929
0.60524, 0.58372, 0.70674, 0.73874, 0.83929
0.59093, 0.58597, 0.71011, 0.72973, 0.83036
0.58348, 0.56403, 0.72247, 0.75676, 0.82143
0.57568, 0.55803, 0.71798, 0.76577, 0.78571
0.60080, 0.56069, 0.72360, 0.76577, 0.83036
0.57474, 0.58409, 0.71461, 0.72072, 0.83929
0.57246, 0.55216, 0.72697, 0.77477, 0.81250
0.56234, 0.54853, 0.72472, 0.75676, 0.79464
0.56173, 0.54929, 0.73146, 0.78378, 0.81250
0.55964, 0.56202, 0.72921, 0.75676, 0.84821
0.55823, 0.54357, 0.73034, 0.77477, 0.79464
0.55261, 0.56652, 0.73146, 0.75676, 0.82143
0.56010, 0.54121, 0.73146, 0.77477, 0.80357
0.56067, 0.53482, 0.73034, 0.78378, 0.81250
0.54826, 0.53783, 0.73146, 0.77477, 0.79464
0.54138, 0.54362, 0.74045, 0.76577, 0.83036
0.54214, 0.54876, 0.74607, 0.76577, 0.84821
0.53643, 0.55403, 0.74382, 0.77477, 0.84821
0.55665, 0.53178, 0.72809, 0.78378, 0.81250
0.54824, 0.54293, 0.74607, 0.76577, 0.83036
0.53327, 0.53033, 0.73371, 0.78378, 0.81250
0.53925, 0.56765, 0.72584, 0.74775, 0.81250
0.54124, 0.53068, 0.73146, 0.76577, 0.79464
0.53270, 0.54359, 0.74382, 0.76577, 0.84821
0.53205, 0.52690, 0.73820, 0.75676, 0.82143
0.53166, 0.52397, 0.73820, 0.78378, 0.82143
0.52984, 0.55525, 0.74494, 0.77477, 0.82143
0.53760, 0.57770, 0.71685, 0.71171, 0.78571
0.54401, 0.52818, 0.73596, 0.74775, 0.81250
0.54023, 0.52415, 0.73258, 0.76577, 0.81250
0.53121, 0.52227, 0.73708, 0.74775, 0.82143
0.54565, 0.52233, 0.73034, 0.74775, 0.82143
0.52713, 0.53068, 0.73258, 0.77477, 0.80357
0.52432, 0.51713, 0.73820, 0.76577, 0.83036
0.54248, 0.52043, 0.73933, 0.75676, 0.82143
0.52827, 0.52656, 0.73596, 0.73874, 0.82143
0.52265, 0.52242, 0.73258, 0.75676, 0.80357
0.51883, 0.52642, 0.73820, 0.77477, 0.82143
0.52398, 0.51726, 0.73596, 0.77477, 0.81250
0.51924, 0.53178, 0.73371, 0.76577, 0.82143
0.53177, 0.51680, 0.73146, 0.75676, 0.82143
0.52565, 0.53321, 0.74382, 0.74775, 0.83929
0.52072, 0.55423, 0.73820, 0.73874, 0.83929
0.52955, 0.51300, 0.73483, 0.77477, 0.79464
0.52435, 0.51388, 0.72921, 0.77477, 0.81250
0.51835, 0.51715, 0.73820, 0.75676, 0.82143
0.51718, 0.51596, 0.74157, 0.76577, 0.82143
0.51874, 0.51442, 0.73933, 0.75676, 0.81250
0.51937, 0.52989, 0.75730, 0.77477, 0.83036
0.51840, 0.53571, 0.75169, 0.74775, 0.81250
0.51957, 0.51100, 0.74607, 0.75676, 0.82143
0.51305, 0.50641, 0.74382, 0.74775, 0.83036
0.51227, 0.53669, 0.75393, 0.77477, 0.81250
0.51550, 0.51740, 0.74831, 0.77477, 0.82143
0.51640, 0.53879, 0.75281, 0.77477, 0.81250
0.51717, 0.50900, 0.74494, 0.76577, 0.81250
0.51456, 0.51196, 0.74494, 0.75676, 0.81250
0.51970, 0.51666, 0.73146, 0.76577, 0.83036
0.52919, 0.53529, 0.74719, 0.74775, 0.83929
0.52002, 0.52927, 0.74607, 0.78378, 0.84821
0.50789, 0.50070, 0.74270, 0.74775, 0.83036
0.52105, 0.51665, 0.75056, 0.76577, 0.81250
0.51004, 0.50099, 0.74157, 0.74775, 0.82143
0.51148, 0.50470, 0.74382, 0.77477, 0.82143
0.51395, 0.50327, 0.74719, 0.74775, 0.81250
0.50664, 0.51719, 0.75730, 0.76577, 0.83036
0.50642, 0.49989, 0.74831, 0.74775, 0.83929
0.50942, 0.53496, 0.75393, 0.75676, 0.81250
0.50730, 0.49700, 0.73820, 0.75676, 0.83036
0.51873, 0.50386, 0.73483, 0.74775, 0.81250
0.51746, 0.49759, 0.74270, 0.74775, 0.79464
0.50931, 0.51237, 0.75281, 0.76577, 0.80357
0.50766, 0.49671, 0.74382, 0.75676, 0.81250
0.51340, 0.50054, 0.74944, 0.75676, 0.81250
0.51133, 0.51204, 0.75281, 0.76577, 0.80357
0.50791, 0.52705, 0.75393, 0.76577, 0.83036
0.50967, 0.52360, 0.75506, 0.75676, 0.81250
0.50060, 0.49166, 0.74607, 0.75676, 0.81250
0.50527, 0.49100, 0.74831, 0.75676, 0.82143
0.50387, 0.51059, 0.75843, 0.76577, 0.80357
0.50344, 0.49974, 0.75169, 0.77477, 0.81250
0.50889, 0.50707, 0.75281, 0.76577, 0.80357
0.51709, 0.49947, 0.74831, 0.77477, 0.80357
0.50287, 0.49173, 0.74719, 0.76577, 0.81250
0.50337, 0.50068, 0.74607, 0.75676, 0.80357
0.51240, 0.51078, 0.75281, 0.76577, 0.83036
0.50450, 0.49155, 0.74831, 0.76577, 0.82143
0.50626, 0.51352, 0.75506, 0.76577, 0.83036
0.50728, 0.49142, 0.74607, 0.78378, 0.81250
0.51130, 0.48760, 0.74607, 0.75676, 0.83036
0.50648, 0.48659, 0.75169, 0.75676, 0.83036
0.50506, 0.50424, 0.75169, 0.78378, 0.80357
0.50150, 0.49178, 0.75281, 0.77477, 0.81250
0.50052, 0.49480, 0.74494, 0.77477, 0.81250
0.50694, 0.49002, 0.75618, 0.77477, 0.81250
0.50168, 0.48410, 0.75393, 0.77477, 0.81250
0.49834, 0.49520, 0.75955, 0.78378, 0.80357
0.50441, 0.57159, 0.74157, 0.76577, 0.79464
0.49877, 0.49677, 0.75393, 0.77477, 0.83036
0.50247, 0.50685, 0.75843, 0.76577, 0.82143
0.50175, 0.48232, 0.74270, 0.77477, 0.83036
0.51069, 0.52119, 0.75281, 0.78378, 0.81250
0.50901, 0.55199, 0.74382, 0.78378, 0.82143
0.51321, 0.49281, 0.75730, 0.78378, 0.83036
0.49861, 0.51531, 0.75955, 0.77477, 0.80357
0.49636, 0.48329, 0.75281, 0.77477, 0.82143
0.50711, 0.48691, 0.75281, 0.77477, 0.80357
0.50184, 0.47698, 0.75506, 0.78378, 0.80357
0.50453, 0.54827, 0.74494, 0.77477, 0.79464
0.50485, 0.49063, 0.76292, 0.79279, 0.81250
0.49679, 0.50533, 0.75843, 0.79279, 0.83929
0.50205, 0.48732, 0.76067, 0.79279, 0.83036
0.50029, 0.48159, 0.76404, 0.79279, 0.83036
0.49622, 0.47891, 0.76404, 0.79279, 0.82143
0.50187, 0.51691, 0.74831, 0.78378, 0.79464
0.50351, 0.49662, 0.76067, 0.78378, 0.83036
0.50109, 0.48036, 0.75281, 0.75676, 0.80357
0.50692, 0.47283, 0.75843, 0.77477, 0.82143
0.50154, 0.47778, 0.76517, 0.78378, 0.80357
0.49556, 0.47738, 0.76404, 0.80180, 0.83036
0.49703, 0.48814, 0.76629, 0.80180, 0.80357
0.49987, 0.49988, 0.76517, 0.78378, 0.81250
0.49272, 0.48509, 0.76854, 0.79279, 0.79464
0.49329, 0.48632, 0.77079, 0.78378, 0.79464
0.49543, 0.49209, 0.76966, 0.78378, 0.82143
0.49545, 0.49458, 0.76966, 0.78378, 0.83036
0.49287, 0.47646, 0.76180, 0.79279, 0.80357
0.49862, 0.47610, 0.75506, 0.77477, 0.82143
0.49619, 0.50823, 0.75955, 0.78378, 0.83036
0.49223, 0.48871, 0.76854, 0.78378, 0.82143
0.49620, 0.47907, 0.76517, 0.79279, 0.80357
0.49430, 0.50943, 0.76404, 0.76577, 0.80357
0.49728, 0.48012, 0.76966, 0.80180, 0.81250
0.49461, 0.50860, 0.76742, 0.77477, 0.80357
0.49544, 0.48072, 0.77416, 0.79279, 0.80357
0.49991, 0.50935, 0.75955, 0.77477, 0.84821
0.50008, 0.47617, 0.75730, 0.79279, 0.80357
0.49483, 0.48261, 0.76180, 0.77477, 0.81250
0.49720, 0.48863, 0.76292, 0.78378, 0.80357
0.49783, 0.48970, 0.76742, 0.79279, 0.83036
0.49350, 0.50091, 0.76629, 0.77477, 0.83036
0.49190, 0.48318, 0.77079, 0.79279, 0.80357
0.49257, 0.48143, 0.77303, 0.79279, 0.80357
0.49455, 0.48936, 0.76742, 0.78378, 0.83036
0.49390, 0.49895, 0.76404, 0.78378, 0.83929
0.49644, 0.51501, 0.75843, 0.77477, 0.83036
0.49585, 0.47868, 0.76966, 0.79279, 0.82143
0.48970, 0.48038, 0.77079, 0.79279, 0.81250
0.49147, 0.49594, 0.77303, 0.78378, 0.83929
0.49274, 0.48829, 0.77079, 0.77477, 0.81250
0.49536, 0.48335, 0.77416, 0.78378, 0.79464
0.49389, 0.49067, 0.76629, 0.77477, 0.81250
0.49571, 0.52738, 0.75506, 0.77477, 0.83036
0.49884, 0.48330, 0.76742, 0.80180, 0.81250
0.50937, 0.47440, 0.74719, 0.78378, 0.82143
0.49393, 0.51490, 0.75618, 0.75676, 0.81250
0.49259, 0.48914, 0.76517, 0.77477, 0.82143
0.49428, 0.48084, 0.75281, 0.77477, 0.83036
0.49635, 0.47906, 0.77303, 0.79279, 0.80357
0.49046, 0.48677, 0.76629, 0.77477, 0.83036
0.48773, 0.50408, 0.76292, 0.77477, 0.83929
0.49186, 0.49012, 0.77528, 0.78378, 0.81250
0.48959, 0.49144, 0.76629, 0.78378, 0.80357
0.49356, 0.49098, 0.77303, 0.77477, 0.78571
0.49295, 0.47569, 0.76517, 0.79279, 0.82143
0.49022, 0.47234, 0.76742, 0.78378, 0.81250
0.49820, 0.47697, 0.76742, 0.79279, 0.83929
0.49328, 0.50053, 0.76292, 0.76577, 0.83036
0.49840, 0.46903, 0.76067, 0.79279, 0.81250
0.49524, 0.47200, 0.77079, 0.79279, 0.82143
0.49575, 0.46573, 0.75843, 0.77477, 0.82143
0.49666, 0.48197, 0.75618, 0.77477, 0.83036
0.49671, 0.49774, 0.76292, 0.77477, 0.82143
0.49567, 0.51612, 0.75730, 0.81081, 0.83929
0.49248, 0.47831, 0.77303, 0.78378, 0.80357
0.48698, 0.48524, 0.77416, 0.79279, 0.79464
0.48725, 0.49776, 0.76067, 0.77477, 0.83929
0.48683, 0.48291, 0.76742, 0.78378, 0.80357
0.49361, 0.48809, 0.76180, 0.77477, 0.83036
0.49739, 0.48701, 0.76404, 0.78378, 0.83036
0.48944, 0.47516, 0.77303, 0.80180, 0.81250
0.49091, 0.48711, 0.77191, 0.79279, 0.83036
0.48717, 0.48945, 0.77640, 0.77477, 0.82143
0.48879, 0.49444, 0.77191, 0.76577, 0.81250
0.48895, 0.50654, 0.75955, 0.77477, 0.83929
0.50998, 0.51976, 0.76180, 0.77477, 0.83929
0.49719, 0.47653, 0.77528, 0.79279, 0.80357
0.48770, 0.47658, 0.77079, 0.80180, 0.81250
0.48787, 0.46660, 0.76517, 0.80180, 0.80357
0.49232, 0.46883, 0.76742, 0.80180, 0.82143
0.48735, 0.48147, 0.76966, 0.80180, 0.81250
0.48468, 0.47325, 0.77416, 0.78378, 0.82143
0.48465, 0.47325, 0.76854, 0.77477, 0.81250
0.48547, 0.49987, 0.76517, 0.76577, 0.81250
0.48716, 0.47545, 0.76517, 0.80180, 0.80357
0.48554, 0.47284, 0.77079, 0.79279, 0.83929
0.48783, 0.49871, 0.76404, 0.77477, 0.83929
0.48552, 0.48073, 0.76742, 0.77477, 0.80357
0.49811, 0.47627, 0.74831, 0.77477, 0.85714
0.49678, 0.46762, 0.76404, 0.79279, 0.82143
0.49658, 0.47233, 0.76404, 0.77477, 0.83036
0.49402, 0.47650, 0.77079, 0.77477, 0.81250
0.48378, 0.48027, 0.77416, 0.79279, 0.83036
0.48810, 0.48908, 0.76742, 0.77477, 0.83929
0.48565, 0.48627, 0.77416, 0.77477, 0.82143
0.48202, 0.48869, 0.76966, 0.77477, 0.81250
0.48177, 0.50068, 0.76966, 0.76577, 0.83929
0.48962, 0.50448, 0.76404, 0.77477, 0.83929
0.49033, 0.47778, 0.77528, 0.77477, 0.82143
0.48472, 0.47237, 0.77528, 0.78378, 0.83036
0.48212, 0.48292, 0.77640, 0.77477, 0.80357
0.48423, 0.49952, 0.76629, 0.77477, 0.83036
0.48977, 0.49712, 0.76854, 0.77477, 0.84821
0.48413, 0.49325, 0.76854, 0.77477, 0.83929
0.48521, 0.46908, 0.77303, 0.79279, 0.80357
0.48383, 0.47365, 0.76966, 0.79279, 0.83036
0.48562, 0.50539, 0.76629, 0.76577, 0.82143
0.48581, 0.47182, 0.77416, 0.78378, 0.83036
0.48554, 0.50555, 0.76629, 0.76577, 0.83929
0.48514, 0.50424, 0.76854, 0.77477, 0.83036
0.48996, 0.49856, 0.76629, 0.77477, 0.84821
----------------------------------------------------------------------------------------------------------------------------
0.63476, 0.58839, 0.58764, 0.63964, 0.61607
0.61749, 0.58694, 0.62247, 0.68468, 0.66964
0.61067, 0.58462, 0.70225, 0.72072, 0.78571
0.60596, 0.57603, 0.65393, 0.69369, 0.69643
0.60124, 0.58270, 0.61573, 0.66667, 0.65179
0.60793, 0.57362, 0.71798, 0.75676, 0.83929
0.60524, 0.58372, 0.70674, 0.73874, 0.83929
0.59093, 0.58597, 0.71011, 0.72973, 0.83036
0.58348, 0.56403, 0.72247, 0.75676, 0.82143
0.57568, 0.55803, 0.71798, 0.76577, 0.78571
0.60080, 0.56069, 0.72360, 0.76577, 0.83036
0.57474, 0.58409, 0.71461, 0.72072, 0.83929
0.57246, 0.55216, 0.72697, 0.77477, 0.81250
0.56234, 0.54853, 0.72472, 0.75676, 0.79464
0.56173, 0.54929, 0.73146, 0.78378, 0.81250
0.55964, 0.56202, 0.72921, 0.75676, 0.84821
0.55823, 0.54357, 0.73034, 0.77477, 0.79464
0.55261, 0.56652, 0.73146, 0.75676, 0.82143
0.56010, 0.54121, 0.73146, 0.77477, 0.80357
0.56067, 0.53482, 0.73034, 0.78378, 0.81250
0.54826, 0.53783, 0.73146, 0.77477, 0.79464
0.54138, 0.54362, 0.74045, 0.76577, 0.83036
0.54214, 0.54876, 0.74607, 0.76577, 0.84821
0.53643, 0.55403, 0.74382, 0.77477, 0.84821
0.55665, 0.53178, 0.72809, 0.78378, 0.81250
0.54824, 0.54293, 0.74607, 0.76577, 0.83036
0.53327, 0.53033, 0.73371, 0.78378, 0.81250
0.53925, 0.56765, 0.72584, 0.74775, 0.81250
0.54124, 0.53068, 0.73146, 0.76577, 0.79464
0.53270, 0.54359, 0.74382, 0.76577, 0.84821
0.53205, 0.52690, 0.73820, 0.75676, 0.82143
0.53166, 0.52397, 0.73820, 0.78378, 0.82143
0.52984, 0.55525, 0.74494, 0.77477, 0.82143
0.53760, 0.57770, 0.71685, 0.71171, 0.78571
0.54401, 0.52818, 0.73596, 0.74775, 0.81250
0.54023, 0.52415, 0.73258, 0.76577, 0.81250
0.53121, 0.52227, 0.73708, 0.74775, 0.82143
0.54565, 0.52233, 0.73034, 0.74775, 0.82143
0.52713, 0.53068, 0.73258, 0.77477, 0.80357
0.52432, 0.51713, 0.73820, 0.76577, 0.83036
0.54248, 0.52043, 0.73933, 0.75676, 0.82143
0.52827, 0.52656, 0.73596, 0.73874, 0.82143
0.52265, 0.52242, 0.73258, 0.75676, 0.80357
0.51883, 0.52642, 0.73820, 0.77477, 0.82143
0.52398, 0.51726, 0.73596, 0.77477, 0.81250
0.51924, 0.53178, 0.73371, 0.76577, 0.82143
0.53177, 0.51680, 0.73146, 0.75676, 0.82143
0.52565, 0.53321, 0.74382, 0.74775, 0.83929
0.52072, 0.55423, 0.73820, 0.73874, 0.83929
0.52955, 0.51300, 0.73483, 0.77477, 0.79464
0.52435, 0.51388, 0.72921, 0.77477, 0.81250
0.51835, 0.51715, 0.73820, 0.75676, 0.82143
0.51718, 0.51596, 0.74157, 0.76577, 0.82143
0.51874, 0.51442, 0.73933, 0.75676, 0.81250
0.51937, 0.52989, 0.75730, 0.77477, 0.83036
0.51840, 0.53571, 0.75169, 0.74775, 0.81250
0.51957, 0.51100, 0.74607, 0.75676, 0.82143
0.51305, 0.50641, 0.74382, 0.74775, 0.83036
0.51227, 0.53669, 0.75393, 0.77477, 0.81250
0.51550, 0.51740, 0.74831, 0.77477, 0.82143
0.51640, 0.53879, 0.75281, 0.77477, 0.81250
0.51717, 0.50900, 0.74494, 0.76577, 0.81250
0.51456, 0.51196, 0.74494, 0.75676, 0.81250
0.51970, 0.51666, 0.73146, 0.76577, 0.83036
0.52919, 0.53529, 0.74719, 0.74775, 0.83929
0.52002, 0.52927, 0.74607, 0.78378, 0.84821
0.50789, 0.50070, 0.74270, 0.74775, 0.83036
0.52105, 0.51665, 0.75056, 0.76577, 0.81250
0.51004, 0.50099, 0.74157, 0.74775, 0.82143
0.51148, 0.50470, 0.74382, 0.77477, 0.82143
0.51395, 0.50327, 0.74719, 0.74775, 0.81250
0.50664, 0.51719, 0.75730, 0.76577, 0.83036
0.50642, 0.49989, 0.74831, 0.74775, 0.83929
0.50942, 0.53496, 0.75393, 0.75676, 0.81250
0.50730, 0.49700, 0.73820, 0.75676, 0.83036
0.51873, 0.50386, 0.73483, 0.74775, 0.81250
0.51746, 0.49759, 0.74270, 0.74775, 0.79464
0.50931, 0.51237, 0.75281, 0.76577, 0.80357
0.50766, 0.49671, 0.74382, 0.75676, 0.81250
0.51340, 0.50054, 0.74944, 0.75676, 0.81250
0.51133, 0.51204, 0.75281, 0.76577, 0.80357
0.50791, 0.52705, 0.75393, 0.76577, 0.83036
0.50967, 0.52360, 0.75506, 0.75676, 0.81250
0.50060, 0.49166, 0.74607, 0.75676, 0.81250
0.50527, 0.49100, 0.74831, 0.75676, 0.82143
0.50387, 0.51059, 0.75843, 0.76577, 0.80357
0.50344, 0.49974, 0.75169, 0.77477, 0.81250
0.50889, 0.50707, 0.75281, 0.76577, 0.80357
0.51709, 0.49947, 0.74831, 0.77477, 0.80357
0.50287, 0.49173, 0.74719, 0.76577, 0.81250
0.50337, 0.50068, 0.74607, 0.75676, 0.80357
0.51240, 0.51078, 0.75281, 0.76577, 0.83036
0.50450, 0.49155, 0.74831, 0.76577, 0.82143
0.50626, 0.51352, 0.75506, 0.76577, 0.83036
0.50728, 0.49142, 0.74607, 0.78378, 0.81250
0.51130, 0.48760, 0.74607, 0.75676, 0.83036
0.50648, 0.48659, 0.75169, 0.75676, 0.83036
0.50506, 0.50424, 0.75169, 0.78378, 0.80357
0.50150, 0.49178, 0.75281, 0.77477, 0.81250
0.50052, 0.49480, 0.74494, 0.77477, 0.81250
0.50694, 0.49002, 0.75618, 0.77477, 0.81250
0.50168, 0.48410, 0.75393, 0.77477, 0.81250
0.49834, 0.49520, 0.75955, 0.78378, 0.80357
0.50441, 0.57159, 0.74157, 0.76577, 0.79464
0.49877, 0.49677, 0.75393, 0.77477, 0.83036
0.50247, 0.50685, 0.75843, 0.76577, 0.82143
0.50175, 0.48232, 0.74270, 0.77477, 0.83036
0.51069, 0.52119, 0.75281, 0.78378, 0.81250
0.50901, 0.55199, 0.74382, 0.78378, 0.82143
0.51321, 0.49281, 0.75730, 0.78378, 0.83036
0.49861, 0.51531, 0.75955, 0.77477, 0.80357
0.49636, 0.48329, 0.75281, 0.77477, 0.82143
0.50711, 0.48691, 0.75281, 0.77477, 0.80357
0.50184, 0.47698, 0.75506, 0.78378, 0.80357
0.50453, 0.54827, 0.74494, 0.77477, 0.79464
0.50485, 0.49063, 0.76292, 0.79279, 0.81250
0.49679, 0.50533, 0.75843, 0.79279, 0.83929
0.50205, 0.48732, 0.76067, 0.79279, 0.83036
0.50029, 0.48159, 0.76404, 0.79279, 0.83036
0.49622, 0.47891, 0.76404, 0.79279, 0.82143
0.50187, 0.51691, 0.74831, 0.78378, 0.79464
0.50351, 0.49662, 0.76067, 0.78378, 0.83036
0.50109, 0.48036, 0.75281, 0.75676, 0.80357
0.50692, 0.47283, 0.75843, 0.77477, 0.82143
0.50154, 0.47778, 0.76517, 0.78378, 0.80357
0.49556, 0.47738, 0.76404, 0.80180, 0.83036
0.49703, 0.48814, 0.76629, 0.80180, 0.80357
0.49987, 0.49988, 0.76517, 0.78378, 0.81250
0.49272, 0.48509, 0.76854, 0.79279, 0.79464
0.49329, 0.48632, 0.77079, 0.78378, 0.79464
0.49543, 0.49209, 0.76966, 0.78378, 0.82143
0.49545, 0.49458, 0.76966, 0.78378, 0.83036
0.49287, 0.47646, 0.76180, 0.79279, 0.80357
0.49862, 0.47610, 0.75506, 0.77477, 0.82143
0.49619, 0.50823, 0.75955, 0.78378, 0.83036
0.49223, 0.48871, 0.76854, 0.78378, 0.82143
0.49620, 0.47907, 0.76517, 0.79279, 0.80357
0.49430, 0.50943, 0.76404, 0.76577, 0.80357
0.49728, 0.48012, 0.76966, 0.80180, 0.81250
0.49461, 0.50860, 0.76742, 0.77477, 0.80357
0.49544, 0.48072, 0.77416, 0.79279, 0.80357
0.49991, 0.50935, 0.75955, 0.77477, 0.84821
0.50008, 0.47617, 0.75730, 0.79279, 0.80357
0.49483, 0.48261, 0.76180, 0.77477, 0.81250
0.49720, 0.48863, 0.76292, 0.78378, 0.80357
0.49783, 0.48970, 0.76742, 0.79279, 0.83036
0.49350, 0.50091, 0.76629, 0.77477, 0.83036
0.49190, 0.48318, 0.77079, 0.79279, 0.80357
0.49257, 0.48143, 0.77303, 0.79279, 0.80357
0.49455, 0.48936, 0.76742, 0.78378, 0.83036
0.49390, 0.49895, 0.76404, 0.78378, 0.83929
0.49644, 0.51501, 0.75843, 0.77477, 0.83036
0.49585, 0.47868, 0.76966, 0.79279, 0.82143
0.48970, 0.48038, 0.77079, 0.79279, 0.81250
0.49147, 0.49594, 0.77303, 0.78378, 0.83929
0.49274, 0.48829, 0.77079, 0.77477, 0.81250
0.49536, 0.48335, 0.77416, 0.78378, 0.79464
0.49389, 0.49067, 0.76629, 0.77477, 0.81250
0.49571, 0.52738, 0.75506, 0.77477, 0.83036
0.49884, 0.48330, 0.76742, 0.80180, 0.81250
0.50937, 0.47440, 0.74719, 0.78378, 0.82143
0.49393, 0.51490, 0.75618, 0.75676, 0.81250
0.49259, 0.48914, 0.76517, 0.77477, 0.82143
0.49428, 0.48084, 0.75281, 0.77477, 0.83036
0.49635, 0.47906, 0.77303, 0.79279, 0.80357
0.49046, 0.48677, 0.76629, 0.77477, 0.83036
0.48773, 0.50408, 0.76292, 0.77477, 0.83929
0.49186, 0.49012, 0.77528, 0.78378, 0.81250
0.48959, 0.49144, 0.76629, 0.78378, 0.80357
0.49356, 0.49098, 0.77303, 0.77477, 0.78571
0.49295, 0.47569, 0.76517, 0.79279, 0.82143
0.49022, 0.47234, 0.76742, 0.78378, 0.81250
0.49820, 0.47697, 0.76742, 0.79279, 0.83929
0.49328, 0.50053, 0.76292, 0.76577, 0.83036
0.49840, 0.46903, 0.76067, 0.79279, 0.81250
0.49524, 0.47200, 0.77079, 0.79279, 0.82143
0.49575, 0.46573, 0.75843, 0.77477, 0.82143
0.49666, 0.48197, 0.75618, 0.77477, 0.83036
0.49671, 0.49774, 0.76292, 0.77477, 0.82143
0.49567, 0.51612, 0.75730, 0.81081, 0.83929
0.49248, 0.47831, 0.77303, 0.78378, 0.80357
0.48698, 0.48524, 0.77416, 0.79279, 0.79464
0.48725, 0.49776, 0.76067, 0.77477, 0.83929
0.48683, 0.48291, 0.76742, 0.78378, 0.80357
0.49361, 0.48809, 0.76180, 0.77477, 0.83036
0.49739, 0.48701, 0.76404, 0.78378, 0.83036
0.48944, 0.47516, 0.77303, 0.80180, 0.81250
0.49091, 0.48711, 0.77191, 0.79279, 0.83036
0.48717, 0.48945, 0.77640, 0.77477, 0.82143
0.48879, 0.49444, 0.77191, 0.76577, 0.81250
0.48895, 0.50654, 0.75955, 0.77477, 0.83929
0.50998, 0.51976, 0.76180, 0.77477, 0.83929
0.49719, 0.47653, 0.77528, 0.79279, 0.80357
0.48770, 0.47658, 0.77079, 0.80180, 0.81250
0.48787, 0.46660, 0.76517, 0.80180, 0.80357
0.49232, 0.46883, 0.76742, 0.80180, 0.82143
0.48735, 0.48147, 0.76966, 0.80180, 0.81250
0.48468, 0.47325, 0.77416, 0.78378, 0.82143
0.48465, 0.47325, 0.76854, 0.77477, 0.81250
0.48547, 0.49987, 0.76517, 0.76577, 0.81250
0.48716, 0.47545, 0.76517, 0.80180, 0.80357
0.48554, 0.47284, 0.77079, 0.79279, 0.83929
0.48783, 0.49871, 0.76404, 0.77477, 0.83929
0.48552, 0.48073, 0.76742, 0.77477, 0.80357
0.49811, 0.47627, 0.74831, 0.77477, 0.85714
0.49678, 0.46762, 0.76404, 0.79279, 0.82143
0.49658, 0.47233, 0.76404, 0.77477, 0.83036
0.49402, 0.47650, 0.77079, 0.77477, 0.81250
0.48378, 0.48027, 0.77416, 0.79279, 0.83036
0.48810, 0.48908, 0.76742, 0.77477, 0.83929
0.48565, 0.48627, 0.77416, 0.77477, 0.82143
0.48202, 0.48869, 0.76966, 0.77477, 0.81250
0.48177, 0.50068, 0.76966, 0.76577, 0.83929
0.48962, 0.50448, 0.76404, 0.77477, 0.83929
0.49033, 0.47778, 0.77528, 0.77477, 0.82143
0.48472, 0.47237, 0.77528, 0.78378, 0.83036
0.48212, 0.48292, 0.77640, 0.77477, 0.80357
0.48423, 0.49952, 0.76629, 0.77477, 0.83036
0.48977, 0.49712, 0.76854, 0.77477, 0.84821
0.48413, 0.49325, 0.76854, 0.77477, 0.83929
0.48521, 0.46908, 0.77303, 0.79279, 0.80357
0.48383, 0.47365, 0.76966, 0.79279, 0.83036
0.48562, 0.50539, 0.76629, 0.76577, 0.82143
0.48581, 0.47182, 0.77416, 0.78378, 0.83036
0.48554, 0.50555, 0.76629, 0.76577, 0.83929
0.48514, 0.50424, 0.76854, 0.77477, 0.83036
0.48996, 0.49856, 0.76629, 0.77477, 0.84821
----------------------------------------------------------------------------------------------------------------------------
0.61664, 0.67162, 0.60562, 0.49550, 0.63393
0.60465, 0.64689, 0.71685, 0.62162, 0.68750
0.59989, 0.66428, 0.65843, 0.55856, 0.69643
0.59881, 0.65243, 0.71124, 0.62162, 0.71429
0.58987, 0.63832, 0.73483, 0.67568, 0.68750
0.58380, 0.63209, 0.73708, 0.71171, 0.67857
0.57879, 0.61576, 0.74831, 0.73874, 0.71429
0.57819, 0.61331, 0.74719, 0.74775, 0.68750
0.56874, 0.63543, 0.74382, 0.67568, 0.69643
0.57189, 0.58825, 0.73820, 0.78378, 0.67857
0.56378, 0.58633, 0.75056, 0.75676, 0.68750
0.56193, 0.57829, 0.75506, 0.76577, 0.70536
0.55686, 0.59350, 0.75056, 0.75676, 0.71429
0.54851, 0.57188, 0.75506, 0.76577, 0.68750
0.54416, 0.59652, 0.75281, 0.74775, 0.70536
0.54440, 0.58525, 0.75393, 0.73874, 0.70536
0.53762, 0.54803, 0.74382, 0.75676, 0.72321
0.54256, 0.54622, 0.74382, 0.77477, 0.72321
0.54980, 0.60045, 0.75169, 0.74775, 0.72321
0.53798, 0.55418, 0.75281, 0.74775, 0.68750
0.53626, 0.59504, 0.75169, 0.72973, 0.71429
0.53199, 0.54876, 0.75169, 0.74775, 0.69643
0.53245, 0.57918, 0.75056, 0.75676, 0.69643
0.52958, 0.61683, 0.74944, 0.69369, 0.71429
0.55079, 0.55849, 0.75056, 0.75676, 0.66964
0.52729, 0.55830, 0.75955, 0.73874, 0.70536
0.52380, 0.54694, 0.75393, 0.74775, 0.69643
0.52132, 0.63312, 0.74944, 0.68468, 0.72321
0.51767, 0.53281, 0.71124, 0.76577, 0.68750
0.52937, 0.53637, 0.74944, 0.74775, 0.70536
0.51795, 0.57125, 0.75506, 0.74775, 0.68750
0.51405, 0.56643, 0.75506, 0.75676, 0.68750
0.50994, 0.54743, 0.75056, 0.73874, 0.67857
0.51655, 0.55457, 0.76629, 0.74775, 0.70536
0.51458, 0.54359, 0.75843, 0.73874, 0.68750
0.51128, 0.54554, 0.76180, 0.73874, 0.69643
0.50664, 0.52284, 0.75843, 0.76577, 0.72321
0.51601, 0.54285, 0.75618, 0.74775, 0.69643
0.51768, 0.55739, 0.75730, 0.73874, 0.70536
0.51088, 0.55657, 0.76067, 0.73874, 0.70536
0.50560, 0.59507, 0.76180, 0.69369, 0.71429
0.50069, 0.55760, 0.75955, 0.74775, 0.69643
0.50233, 0.61426, 0.76067, 0.69369, 0.72321
0.50335, 0.53844, 0.76517, 0.72973, 0.68750
0.50347, 0.59465, 0.75618, 0.70270, 0.70536
0.51358, 0.57023, 0.75730, 0.74775, 0.69643
0.49988, 0.55161, 0.76067, 0.73874, 0.69643
0.49652, 0.53802, 0.76629, 0.73874, 0.68750
0.49991, 0.53248, 0.75618, 0.73874, 0.69643
0.50101, 0.54150, 0.76629, 0.72973, 0.70536
0.49668, 0.53067, 0.77079, 0.74775, 0.71429
0.49079, 0.55169, 0.76854, 0.72973, 0.70536
0.49017, 0.59436, 0.76180, 0.70270, 0.72321
0.49345, 0.57122, 0.76292, 0.73874, 0.71429
0.48931, 0.55248, 0.76742, 0.73874, 0.70536
0.48635, 0.56561, 0.76180, 0.74775, 0.68750
0.48744, 0.58634, 0.75955, 0.71171, 0.70536
0.49356, 0.52792, 0.76629, 0.74775, 0.68750
0.48491, 0.51931, 0.74157, 0.78378, 0.69643
0.49984, 0.54855, 0.76966, 0.73874, 0.70536
0.49538, 0.56013, 0.77303, 0.70270, 0.71429
0.48717, 0.52691, 0.76966, 0.76577, 0.71429
0.48379, 0.56615, 0.76629, 0.73874, 0.71429
0.48631, 0.53202, 0.77303, 0.73874, 0.68750
0.49523, 0.56814, 0.75618, 0.76577, 0.66964
0.49246, 0.55468, 0.77191, 0.73874, 0.71429
0.48335, 0.53802, 0.77640, 0.74775, 0.68750
0.47897, 0.54010, 0.77753, 0.75676, 0.70536
0.48063, 0.56398, 0.77191, 0.72072, 0.72321
0.48795, 0.55193, 0.77753, 0.74775, 0.70536
0.49150, 0.61362, 0.77079, 0.71171, 0.74107
0.47637, 0.54331, 0.77640, 0.76577, 0.71429
0.47522, 0.59259, 0.77528, 0.73874, 0.70536
0.48209, 0.52603, 0.77303, 0.78378, 0.70536
0.47754, 0.55829, 0.78202, 0.75676, 0.71429
0.47990, 0.54903, 0.78090, 0.76577, 0.70536
0.48176, 0.53314, 0.77640, 0.77477, 0.72321
0.48725, 0.57096, 0.76067, 0.75676, 0.67857
0.47595, 0.57615, 0.77753, 0.72973, 0.72321
0.47525, 0.61069, 0.77865, 0.72072, 0.72321
0.48771, 0.58255, 0.77303, 0.76577, 0.70536
0.47635, 0.57928, 0.77303, 0.72973, 0.71429
0.47364, 0.58516, 0.77865, 0.72973, 0.70536
0.47659, 0.56770, 0.77978, 0.76577, 0.69643
0.47231, 0.54306, 0.78764, 0.76577, 0.70536
0.47503, 0.56781, 0.76854, 0.74775, 0.66071
0.47829, 0.59086, 0.77978, 0.72973, 0.71429
0.47420, 0.56268, 0.77191, 0.73874, 0.68750
0.47408, 0.55788, 0.77865, 0.74775, 0.71429
0.46806, 0.53612, 0.78315, 0.77477, 0.68750
0.46937, 0.55301, 0.77528, 0.74775, 0.67857
0.47236, 0.57315, 0.78090, 0.73874, 0.70536
0.47225, 0.57844, 0.77079, 0.74775, 0.70536
0.47308, 0.52586, 0.76854, 0.78378, 0.71429
0.47470, 0.57205, 0.78090, 0.74775, 0.70536
0.46896, 0.56073, 0.78202, 0.75676, 0.69643
0.47322, 0.59291, 0.77303, 0.72973, 0.69643
0.47159, 0.56287, 0.78764, 0.76577, 0.72321
0.47465, 0.60323, 0.77303, 0.72973, 0.71429
0.46989, 0.54967, 0.78202, 0.75676, 0.70536
0.46874, 0.56276, 0.78315, 0.75676, 0.70536
0.46667, 0.59553, 0.77640, 0.72973, 0.70536
0.47011, 0.61465, 0.77865, 0.72072, 0.71429
0.46861, 0.57661, 0.77753, 0.74775, 0.70536
0.46960, 0.58501, 0.77303, 0.72973, 0.70536
0.46494, 0.54450, 0.78764, 0.74775, 0.71429
0.46850, 0.54221, 0.77416, 0.78378, 0.72321
0.47184, 0.55017, 0.78090, 0.74775, 0.69643
0.46862, 0.55551, 0.78090, 0.75676, 0.69643
----------------------------------------------------------------------------------------------------------------------------
0.64638, 0.61416, 0.59663, 0.60360, 0.58929
0.60818, 0.60921, 0.60225, 0.60360, 0.59821
0.60000, 0.61302, 0.71573, 0.75676, 0.72321
0.60282, 0.60626, 0.73146, 0.72973, 0.71429
0.59899, 0.60422, 0.72921, 0.74775, 0.69643
0.58699, 0.59781, 0.73258, 0.72072, 0.71429
0.58916, 0.60292, 0.73820, 0.71171, 0.71429
0.58143, 0.60169, 0.73483, 0.71171, 0.71429
0.57820, 0.60564, 0.72921, 0.70270, 0.70536
0.57725, 0.58489, 0.72921, 0.74775, 0.70536
0.57418, 0.58197, 0.72360, 0.73874, 0.70536
0.56619, 0.57891, 0.72022, 0.75676, 0.73214
0.56393, 0.57544, 0.73146, 0.72973, 0.70536
0.56415, 0.56905, 0.72472, 0.74775, 0.72321
0.55833, 0.56871, 0.72247, 0.73874, 0.73214
0.55880, 0.58606, 0.73146, 0.71171, 0.72321
0.55945, 0.55894, 0.72697, 0.74775, 0.72321
0.55168, 0.56129, 0.72921, 0.74775, 0.73214
0.54425, 0.55250, 0.73034, 0.72973, 0.73214
0.54961, 0.54529, 0.73258, 0.74775, 0.70536
0.54884, 0.54150, 0.73258, 0.74775, 0.70536
0.54610, 0.54411, 0.74045, 0.74775, 0.70536
0.54756, 0.57446, 0.71124, 0.71171, 0.72321
0.55240, 0.54978, 0.73034, 0.72973, 0.73214
0.54340, 0.55039, 0.73708, 0.72072, 0.71429
0.53988, 0.53266, 0.73596, 0.74775, 0.70536
0.53533, 0.52355, 0.73820, 0.75676, 0.70536
0.52998, 0.51874, 0.73708, 0.72973, 0.71429
0.52908, 0.51491, 0.73708, 0.72973, 0.71429
0.53131, 0.51702, 0.74382, 0.76577, 0.71429
0.52360, 0.53336, 0.74719, 0.72973, 0.72321
0.53320, 0.50538, 0.74157, 0.74775, 0.71429
0.53059, 0.51280, 0.74607, 0.73874, 0.72321
0.51749, 0.52382, 0.74831, 0.73874, 0.71429
0.52356, 0.49812, 0.74270, 0.74775, 0.71429
0.52696, 0.50526, 0.75281, 0.76577, 0.72321
0.52406, 0.49750, 0.75056, 0.77477, 0.71429
0.52442, 0.49507, 0.75056, 0.76577, 0.70536
0.52413, 0.49904, 0.74607, 0.73874, 0.71429
0.51983, 0.50083, 0.75056, 0.73874, 0.71429
0.53042, 0.48897, 0.74831, 0.74775, 0.71429
0.52020, 0.50912, 0.74831, 0.73874, 0.71429
0.51965, 0.48582, 0.74494, 0.75676, 0.73214
0.51808, 0.48131, 0.75056, 0.75676, 0.73214
0.51709, 0.49894, 0.75169, 0.73874, 0.71429
0.52997, 0.48443, 0.75056, 0.76577, 0.71429
0.51711, 0.48156, 0.75056, 0.77477, 0.72321
0.53157, 0.52758, 0.74607, 0.72973, 0.71429
0.52054, 0.49424, 0.75506, 0.77477, 0.75893
0.52396, 0.50903, 0.74719, 0.73874, 0.71429
0.51683, 0.50257, 0.74831, 0.73874, 0.70536
0.51083, 0.48209, 0.75169, 0.75676, 0.73214
0.51129, 0.48663, 0.75281, 0.75676, 0.73214
0.50983, 0.48042, 0.75281, 0.73874, 0.72321
0.50937, 0.48252, 0.75169, 0.73874, 0.73214
0.51127, 0.48663, 0.75506, 0.75676, 0.72321
0.51151, 0.47574, 0.75169, 0.76577, 0.73214
0.50431, 0.48915, 0.75955, 0.75676, 0.71429
0.50657, 0.47573, 0.74831, 0.74775, 0.73214
0.51983, 0.49509, 0.75730, 0.75676, 0.72321
0.50886, 0.46679, 0.75393, 0.75676, 0.70536
0.50881, 0.47589, 0.75169, 0.77477, 0.74107
0.50552, 0.47989, 0.75730, 0.79279, 0.73214
0.51827, 0.57986, 0.73933, 0.76577, 0.70536
0.53788, 0.48137, 0.74831, 0.76577, 0.69643
0.50747, 0.47465, 0.75169, 0.76577, 0.71429
0.50811, 0.46944, 0.75393, 0.76577, 0.72321
0.50348, 0.48018, 0.75730, 0.79279, 0.75000
0.50838, 0.47236, 0.75955, 0.76577, 0.73214
0.50491, 0.48302, 0.75281, 0.76577, 0.72321
0.50245, 0.47182, 0.75955, 0.76577, 0.71429
0.50376, 0.52028, 0.74607, 0.73874, 0.71429
0.50345, 0.46292, 0.75618, 0.74775, 0.71429
0.50122, 0.47602, 0.75506, 0.76577, 0.72321
0.50424, 0.50829, 0.75393, 0.76577, 0.70536
0.49686, 0.46356, 0.75843, 0.78378, 0.72321
0.49692, 0.47034, 0.76180, 0.75676, 0.71429
0.49912, 0.47591, 0.75393, 0.76577, 0.72321
0.50141, 0.46352, 0.76067, 0.75676, 0.72321
0.49807, 0.46779, 0.75506, 0.75676, 0.73214
0.49587, 0.46944, 0.75730, 0.77477, 0.73214
0.50076, 0.46152, 0.76067, 0.76577, 0.74107
0.49479, 0.49973, 0.75618, 0.75676, 0.72321
0.49772, 0.46009, 0.76404, 0.75676, 0.73214
0.49339, 0.47982, 0.75618, 0.76577, 0.71429
0.49123, 0.46701, 0.76292, 0.76577, 0.73214
0.49105, 0.46061, 0.76742, 0.76577, 0.73214
0.50493, 0.47357, 0.75730, 0.74775, 0.73214
0.50121, 0.46095, 0.76629, 0.76577, 0.71429
0.49271, 0.47188, 0.75169, 0.76577, 0.72321
0.49369, 0.46548, 0.77079, 0.75676, 0.70536
0.49271, 0.45771, 0.76629, 0.77477, 0.72321
0.48905, 0.46939, 0.76517, 0.76577, 0.73214
0.49618, 0.47514, 0.75730, 0.76577, 0.71429
0.48951, 0.47148, 0.75955, 0.76577, 0.72321
0.49105, 0.45620, 0.76404, 0.74775, 0.75000
0.48666, 0.46427, 0.76854, 0.75676, 0.72321
0.48680, 0.48467, 0.76404, 0.76577, 0.69643
0.49120, 0.45676, 0.76404, 0.77477, 0.74107
0.49082, 0.45699, 0.77303, 0.78378, 0.71429
0.48390, 0.45208, 0.77303, 0.78378, 0.74107
0.48796, 0.45213, 0.77528, 0.79279, 0.72321
0.48880, 0.45478, 0.76854, 0.78378, 0.73214
0.48508, 0.48189, 0.76629, 0.77477, 0.70536
0.48587, 0.46592, 0.76180, 0.77477, 0.73214
0.49120, 0.45771, 0.76629, 0.78378, 0.74107
0.49209, 0.45027, 0.78315, 0.78378, 0.72321
0.48276, 0.49832, 0.77079, 0.77477, 0.69643
0.49358, 0.45201, 0.78202, 0.78378, 0.71429
0.48438, 0.45308, 0.77528, 0.79279, 0.72321
0.48272, 0.44476, 0.78090, 0.79279, 0.73214
0.48758, 0.44948, 0.78202, 0.80180, 0.74107
0.48091, 0.47495, 0.77416, 0.79279, 0.70536
0.48075, 0.44929, 0.78315, 0.78378, 0.72321
0.48620, 0.45726, 0.76854, 0.78378, 0.74107
0.48924, 0.45400, 0.77640, 0.78378, 0.70536
0.47833, 0.46131, 0.77528, 0.80180, 0.70536
0.48555, 0.47593, 0.76629, 0.76577, 0.69643
0.48759, 0.45667, 0.77191, 0.79279, 0.71429
0.48471, 0.44806, 0.78090, 0.78378, 0.71429
0.47707, 0.45314, 0.77191, 0.78378, 0.74107
0.47687, 0.44475, 0.78315, 0.78378, 0.72321
0.47676, 0.47066, 0.76629, 0.78378, 0.71429
0.48390, 0.44632, 0.78652, 0.78378, 0.72321
0.47625, 0.46028, 0.77753, 0.77477, 0.71429
0.47831, 0.45461, 0.77865, 0.80180, 0.70536
0.48018, 0.44793, 0.78315, 0.79279, 0.71429
0.47884, 0.45578, 0.77528, 0.80180, 0.70536
0.48076, 0.48223, 0.77528, 0.78378, 0.67857
0.47800, 0.47778, 0.77079, 0.80180, 0.69643
0.48316, 0.44595, 0.78989, 0.78378, 0.68750
0.47659, 0.44796, 0.78090, 0.77477, 0.73214
0.48048, 0.45395, 0.77079, 0.75676, 0.73214
0.47578, 0.46067, 0.77416, 0.79279, 0.70536
0.47969, 0.44436, 0.78090, 0.76577, 0.73214
0.48469, 0.45483, 0.77753, 0.76577, 0.73214
0.48804, 0.46044, 0.77416, 0.80180, 0.70536
0.48078, 0.46103, 0.77191, 0.79279, 0.71429
0.47988, 0.44838, 0.78090, 0.80180, 0.71429
0.47560, 0.45130, 0.78202, 0.76577, 0.72321
0.47239, 0.44307, 0.78764, 0.77477, 0.71429
0.47326, 0.44325, 0.77978, 0.79279, 0.73214
0.47623, 0.44992, 0.78427, 0.80180, 0.71429
0.48258, 0.45604, 0.77528, 0.76577, 0.74107
0.48155, 0.44774, 0.78315, 0.80180, 0.70536
0.47727, 0.48321, 0.77191, 0.76577, 0.67857
0.48031, 0.47982, 0.76742, 0.77477, 0.69643
0.48239, 0.46242, 0.77640, 0.77477, 0.69643
0.48397, 0.44926, 0.78989, 0.77477, 0.71429
0.47263, 0.45222, 0.78989, 0.78378, 0.69643
0.47517, 0.44738, 0.77753, 0.77477, 0.73214
0.47447, 0.44973, 0.78090, 0.79279, 0.70536
0.47350, 0.45032, 0.78427, 0.80180, 0.69643
0.48154, 0.45406, 0.77640, 0.79279, 0.69643
0.47400, 0.47382, 0.77528, 0.77477, 0.69643
0.46860, 0.44506, 0.78652, 0.78378, 0.71429
0.47317, 0.44907, 0.78427, 0.80180, 0.69643
0.47004, 0.44736, 0.78652, 0.79279, 0.70536
0.47443, 0.43945, 0.79326, 0.77477, 0.71429
0.47196, 0.44685, 0.79213, 0.77477, 0.70536
0.47122, 0.44969, 0.78090, 0.79279, 0.71429
0.48025, 0.44991, 0.78652, 0.80180, 0.70536
0.47214, 0.45337, 0.77640, 0.78378, 0.70536
0.47099, 0.44181, 0.78315, 0.75676, 0.71429
0.47137, 0.44491, 0.78539, 0.76577, 0.70536
0.46772, 0.46563, 0.77865, 0.76577, 0.67857
0.46847, 0.44558, 0.77640, 0.76577, 0.69643
0.47667, 0.45267, 0.78539, 0.77477, 0.71429
0.47248, 0.44552, 0.77978, 0.76577, 0.73214
0.47445, 0.45715, 0.78315, 0.76577, 0.69643
0.47462, 0.45001, 0.78090, 0.79279, 0.70536
0.46566, 0.45305, 0.78315, 0.79279, 0.70536
0.47494, 0.44804, 0.78090, 0.77477, 0.72321
0.48052, 0.44512, 0.78539, 0.75676, 0.71429
0.47565, 0.44857, 0.78202, 0.77477, 0.72321
0.46709, 0.46208, 0.78202, 0.78378, 0.68750
0.47128, 0.46256, 0.77978, 0.77477, 0.68750
0.47674, 0.45414, 0.78315, 0.79279, 0.69643
0.47503, 0.47689, 0.77528, 0.76577, 0.68750
0.48045, 0.47566, 0.77865, 0.75676, 0.69643
0.47721, 0.44326, 0.78764, 0.77477, 0.72321
0.47136, 0.44841, 0.77978, 0.77477, 0.71429
0.46673, 0.46631, 0.77640, 0.78378, 0.68750
0.47447, 0.45229, 0.77640, 0.79279, 0.70536
0.46730, 0.44771, 0.78764, 0.78378, 0.71429
0.46962, 0.44942, 0.78876, 0.76577, 0.71429
0.47478, 0.44578, 0.78764, 0.75676, 0.71429
0.46900, 0.44282, 0.79213, 0.74775, 0.71429
0.46696, 0.44895, 0.78989, 0.78378, 0.70536
0.46644, 0.44455, 0.78652, 0.77477, 0.71429
0.47042, 0.45170, 0.78652, 0.77477, 0.72321
0.46787, 0.46892, 0.77528, 0.76577, 0.68750
0.46664, 0.45046, 0.78876, 0.78378, 0.71429
0.46469, 0.45357, 0.78427, 0.79279, 0.68750
0.46937, 0.44840, 0.77865, 0.78378, 0.70536
0.46604, 0.44520, 0.78090, 0.77477, 0.69643
0.47120, 0.44548, 0.78202, 0.77477, 0.69643
0.47208, 0.44664, 0.78427, 0.76577, 0.71429
0.47337, 0.44520, 0.78652, 0.77477, 0.71429
0.47087, 0.44623, 0.78764, 0.78378, 0.71429
0.46583, 0.44171, 0.78539, 0.77477, 0.70536
0.46796, 0.44156, 0.78427, 0.77477, 0.69643
0.46561, 0.44463, 0.78876, 0.76577, 0.70536
0.46460, 0.45394, 0.77865, 0.76577, 0.71429
0.46608, 0.44421, 0.79438, 0.78378, 0.73214
0.46499, 0.45643, 0.77978, 0.77477, 0.68750
0.46544, 0.44148, 0.79101, 0.77477, 0.72321
0.46665, 0.45364, 0.78876, 0.75676, 0.71429
0.46528, 0.44374, 0.79213, 0.77477, 0.72321
----------------------------------------------------------------------------------------------------------------------------
0.62277, 0.60846, 0.58876, 0.64865, 0.60714
0.61872, 0.59807, 0.58876, 0.64865, 0.59821
0.61346, 0.59664, 0.65955, 0.73874, 0.64286
0.60588, 0.59712, 0.72697, 0.74775, 0.73214
0.59854, 0.58707, 0.72584, 0.74775, 0.73214
0.59665, 0.58152, 0.72809, 0.73874, 0.75000
0.58762, 0.57889, 0.73034, 0.74775, 0.70536
0.58665, 0.63957, 0.64719, 0.57658, 0.66071
0.59240, 0.58935, 0.71461, 0.74775, 0.69643
0.57919, 0.58730, 0.70787, 0.73874, 0.74107
0.57383, 0.55957, 0.73371, 0.72973, 0.67857
0.57730, 0.54997, 0.73258, 0.73874, 0.70536
0.56579, 0.58892, 0.70562, 0.74775, 0.72321
0.56280, 0.54593, 0.73483, 0.75676, 0.70536
0.55473, 0.53186, 0.73820, 0.73874, 0.70536
0.55021, 0.52484, 0.73146, 0.73874, 0.70536
0.55536, 0.52233, 0.73146, 0.73874, 0.69643
0.55734, 0.54298, 0.73258, 0.75676, 0.73214
0.54981, 0.52057, 0.74270, 0.72973, 0.72321
0.54187, 0.52449, 0.74045, 0.74775, 0.73214
0.53669, 0.56216, 0.73596, 0.73874, 0.74107
0.53357, 0.50616, 0.73820, 0.72973, 0.74107
0.53319, 0.52379, 0.73933, 0.73874, 0.73214
0.54754, 0.50133, 0.73933, 0.72072, 0.72321
0.53201, 0.50272, 0.74382, 0.74775, 0.72321
0.53019, 0.50736, 0.73820, 0.73874, 0.74107
0.53060, 0.50204, 0.74382, 0.72072, 0.73214
0.53899, 0.49026, 0.73933, 0.73874, 0.73214
0.52624, 0.51467, 0.74045, 0.71171, 0.72321
0.52457, 0.49765, 0.73933, 0.74775, 0.74107
0.52307, 0.49070, 0.74494, 0.73874, 0.74107
0.52547, 0.49898, 0.74607, 0.73874, 0.74107
0.52561, 0.49847, 0.74494, 0.73874, 0.74107
0.52125, 0.51412, 0.74157, 0.73874, 0.70536
0.51930, 0.48542, 0.74045, 0.73874, 0.75000
0.52241, 0.47457, 0.73708, 0.76577, 0.74107
0.52399, 0.51434, 0.73820, 0.73874, 0.74107
0.53087, 0.51925, 0.74494, 0.75676, 0.71429
0.52102, 0.48539, 0.74270, 0.75676, 0.74107
0.52223, 0.47983, 0.74494, 0.74775, 0.73214
0.51915, 0.47804, 0.74607, 0.74775, 0.74107
0.51606, 0.50123, 0.74045, 0.73874, 0.73214
0.51915, 0.51890, 0.74270, 0.77477, 0.73214
0.51373, 0.48451, 0.74270, 0.74775, 0.75000
0.51307, 0.49419, 0.73820, 0.79279, 0.70536
0.53308, 0.48910, 0.73820, 0.72973, 0.73214
0.53687, 0.51914, 0.74270, 0.74775, 0.73214
0.51689, 0.50799, 0.74157, 0.73874, 0.74107
0.52357, 0.54449, 0.75281, 0.75676, 0.74107
0.52184, 0.48855, 0.74607, 0.72973, 0.75000
0.51295, 0.48939, 0.74719, 0.72973, 0.73214
0.51112, 0.48115, 0.74157, 0.74775, 0.75893
0.51010, 0.51084, 0.74270, 0.75676, 0.73214
0.51747, 0.53698, 0.75506, 0.75676, 0.73214
0.50955, 0.49381, 0.74494, 0.77477, 0.72321
0.51095, 0.49804, 0.74494, 0.78378, 0.70536
0.51596, 0.47745, 0.74382, 0.74775, 0.72321
0.51211, 0.47638, 0.74382, 0.73874, 0.75893
0.51091, 0.46831, 0.74382, 0.76577, 0.75000
0.50440, 0.51393, 0.76180, 0.75676, 0.74107
0.50962, 0.46977, 0.74607, 0.76577, 0.73214
0.50703, 0.51537, 0.76067, 0.75676, 0.71429
0.50861, 0.46901, 0.74382, 0.75676, 0.75000
0.50586, 0.47054, 0.74494, 0.76577, 0.74107
0.51209, 0.46209, 0.74719, 0.74775, 0.73214
0.50490, 0.50052, 0.74719, 0.76577, 0.72321
0.50393, 0.51112, 0.76067, 0.75676, 0.72321
0.51688, 0.48684, 0.74494, 0.76577, 0.73214
0.51854, 0.49506, 0.74719, 0.74775, 0.73214
0.50599, 0.51113, 0.76067, 0.74775, 0.72321
0.50642, 0.47598, 0.74831, 0.75676, 0.73214
0.50398, 0.46510, 0.74719, 0.76577, 0.72321
0.50351, 0.48807, 0.74494, 0.76577, 0.72321
0.49869, 0.46234, 0.75393, 0.76577, 0.74107
0.49762, 0.47371, 0.74831, 0.75676, 0.74107
0.50462, 0.47966, 0.74719, 0.75676, 0.74107
0.50283, 0.46963, 0.75056, 0.76577, 0.73214
0.50165, 0.47487, 0.75506, 0.79279, 0.72321
0.50943, 0.50093, 0.74157, 0.74775, 0.75000
0.50089, 0.48030, 0.74494, 0.73874, 0.74107
0.50271, 0.49091, 0.73933, 0.74775, 0.75893
0.51155, 0.49834, 0.76292, 0.73874, 0.72321
0.50377, 0.47343, 0.74831, 0.75676, 0.75000
0.51135, 0.46736, 0.75056, 0.75676, 0.72321
0.49816, 0.48112, 0.74831, 0.77477, 0.72321
0.49957, 0.52980, 0.75506, 0.73874, 0.72321
0.50554, 0.48403, 0.75955, 0.79279, 0.72321
0.49711, 0.47925, 0.75955, 0.77477, 0.72321
0.49591, 0.47841, 0.75281, 0.77477, 0.71429
0.50824, 0.46938, 0.75393, 0.78378, 0.73214
0.49287, 0.50569, 0.76629, 0.74775, 0.73214
0.50030, 0.47403, 0.74831, 0.79279, 0.72321
0.49409, 0.47212, 0.74831, 0.76577, 0.75000
0.49780, 0.46734, 0.75281, 0.79279, 0.72321
0.49712, 0.46475, 0.75169, 0.78378, 0.73214
0.49808, 0.48490, 0.76742, 0.76577, 0.73214
0.49527, 0.48497, 0.75393, 0.77477, 0.72321
0.49039, 0.46350, 0.75843, 0.77477, 0.75000
0.49709, 0.47314, 0.75618, 0.79279, 0.72321
0.50155, 0.49215, 0.75955, 0.77477, 0.72321
0.49382, 0.48830, 0.76292, 0.76577, 0.73214
0.49872, 0.50230, 0.75506, 0.75676, 0.74107
0.49421, 0.49028, 0.76742, 0.77477, 0.73214
0.50956, 0.50985, 0.76067, 0.72973, 0.72321
0.50392, 0.49166, 0.75618, 0.77477, 0.71429
0.50631, 0.47784, 0.74494, 0.75676, 0.74107
0.49580, 0.47126, 0.75281, 0.78378, 0.72321
0.49248, 0.47973, 0.76517, 0.77477, 0.71429
0.49353, 0.53162, 0.76067, 0.72072, 0.73214
0.49665, 0.51043, 0.76517, 0.75676, 0.75000
0.49197, 0.46499, 0.75281, 0.80180, 0.71429
0.49867, 0.47575, 0.75281, 0.74775, 0.75000
0.49847, 0.47218, 0.75169, 0.78378, 0.73214
0.48949, 0.51937, 0.76517, 0.72973, 0.74107
0.49422, 0.49076, 0.77191, 0.76577, 0.72321
----------------------------------------------------------------------------------------------------------------------------
0.63444, 0.62064, 0.59551, 0.58559, 0.60714
0.61199, 0.61758, 0.60449, 0.59459, 0.60714
0.60626, 0.61165, 0.69213, 0.65766, 0.65179
0.60227, 0.60718, 0.72584, 0.71171, 0.70536
0.60377, 0.60353, 0.73034, 0.70270, 0.73214
0.59046, 0.59874, 0.73483, 0.72973, 0.70536
0.58513, 0.59944, 0.73258, 0.70270, 0.73214
0.57927, 0.61084, 0.72921, 0.68468, 0.75000
0.57483, 0.59217, 0.73820, 0.72973, 0.70536
0.57129, 0.58935, 0.73820, 0.74775, 0.68750
0.56081, 0.61486, 0.73933, 0.69369, 0.73214
0.57634, 0.61211, 0.67416, 0.64865, 0.75893
0.56248, 0.59007, 0.73708, 0.72973, 0.69643
0.55041, 0.59595, 0.72584, 0.71171, 0.73214
0.54046, 0.59249, 0.74494, 0.72973, 0.68750
0.54178, 0.58652, 0.75281, 0.68468, 0.73214
0.55418, 0.63633, 0.67191, 0.62162, 0.69643
0.54544, 0.60096, 0.74382, 0.73874, 0.71429
0.53115, 0.58562, 0.74944, 0.71171, 0.72321
0.53038, 0.58596, 0.75393, 0.72973, 0.74107
0.53960, 0.58718, 0.75056, 0.67568, 0.71429
0.53722, 0.59802, 0.74494, 0.72973, 0.70536
0.52717, 0.58707, 0.75618, 0.72072, 0.73214
0.52828, 0.59248, 0.75843, 0.72973, 0.71429
0.52655, 0.63188, 0.74382, 0.70270, 0.72321
0.55235, 0.60238, 0.73483, 0.67568, 0.74107
0.52673, 0.58638, 0.75393, 0.73874, 0.70536
0.51845, 0.58844, 0.75393, 0.73874, 0.70536
0.52482, 0.58915, 0.75843, 0.72072, 0.72321
0.51474, 0.59961, 0.75393, 0.72973, 0.73214
0.52297, 0.59556, 0.75169, 0.75676, 0.72321
0.51356, 0.58734, 0.75281, 0.71171, 0.73214
0.51488, 0.59371, 0.75506, 0.73874, 0.72321
0.51219, 0.59177, 0.75730, 0.72973, 0.73214
0.50952, 0.60090, 0.75843, 0.73874, 0.72321
0.51339, 0.59498, 0.75730, 0.68468, 0.71429
0.51695, 0.58820, 0.75393, 0.70270, 0.71429
0.52006, 0.59296, 0.75393, 0.73874, 0.73214
0.51220, 0.59295, 0.75506, 0.67568, 0.71429
0.50881, 0.60873, 0.75393, 0.72973, 0.73214
0.52852, 0.59154, 0.75843, 0.67568, 0.72321
0.51649, 0.59518, 0.75506, 0.73874, 0.72321
0.51654, 0.59151, 0.75506, 0.68468, 0.71429
0.51880, 0.66306, 0.73371, 0.69369, 0.74107
0.52061, 0.58133, 0.75281, 0.72973, 0.70536
0.50720, 0.58283, 0.75169, 0.72072, 0.72321
0.50534, 0.59869, 0.75056, 0.66667, 0.73214
0.51216, 0.58247, 0.75281, 0.73874, 0.72321
0.51152, 0.58583, 0.75169, 0.72973, 0.72321
0.52571, 0.59377, 0.74831, 0.66667, 0.75000
0.51783, 0.58431, 0.74831, 0.74775, 0.72321
0.50731, 0.58288, 0.75955, 0.74775, 0.73214
0.50563, 0.59246, 0.75843, 0.73874, 0.71429
0.50937, 0.58510, 0.75730, 0.74775, 0.74107
0.50227, 0.59192, 0.75955, 0.68468, 0.73214
0.50771, 0.57790, 0.75843, 0.72072, 0.71429
0.50819, 0.58573, 0.75506, 0.74775, 0.74107
0.50904, 0.58875, 0.76067, 0.68468, 0.72321
0.51178, 0.57704, 0.75281, 0.73874, 0.73214
0.51045, 0.59936, 0.75169, 0.73874, 0.74107
0.50109, 0.58961, 0.75730, 0.73874, 0.72321
0.50456, 0.57659, 0.75618, 0.72072, 0.70536
0.50233, 0.58338, 0.75393, 0.74775, 0.74107
0.49790, 0.60104, 0.74831, 0.72072, 0.73214
0.49710, 0.58835, 0.75281, 0.73874, 0.73214
0.49891, 0.59342, 0.75955, 0.74775, 0.74107
0.50404, 0.57772, 0.76067, 0.73874, 0.72321
0.49995, 0.58186, 0.75506, 0.71171, 0.71429
0.50016, 0.57764, 0.76180, 0.70270, 0.72321
0.49614, 0.57963, 0.75169, 0.74775, 0.75000
0.49526, 0.58137, 0.75393, 0.72072, 0.70536
0.49371, 0.57586, 0.75843, 0.73874, 0.74107
0.49923, 0.57986, 0.76067, 0.71171, 0.74107
0.50375, 0.61689, 0.74719, 0.72072, 0.74107
0.50244, 0.59134, 0.75730, 0.75676, 0.75893
0.49600, 0.57729, 0.75730, 0.73874, 0.75000
0.49598, 0.58655, 0.76067, 0.72973, 0.73214
0.49231, 0.57820, 0.75955, 0.73874, 0.75893
0.49261, 0.58053, 0.75618, 0.72973, 0.75893
0.49830, 0.59015, 0.75506, 0.72973, 0.75893
0.49708, 0.62162, 0.75056, 0.70270, 0.72321
0.51117, 0.56959, 0.75730, 0.76577, 0.76786
0.49475, 0.57996, 0.75730, 0.73874, 0.75000
0.48643, 0.57912, 0.75955, 0.74775, 0.76786
0.49068, 0.58466, 0.75955, 0.73874, 0.73214
0.48703, 0.57722, 0.76517, 0.72072, 0.74107
0.50958, 0.60969, 0.75393, 0.71171, 0.73214
0.49826, 0.56891, 0.75056, 0.74775, 0.75000
0.48990, 0.56812, 0.75730, 0.75676, 0.75893
0.48656, 0.56772, 0.75955, 0.73874, 0.75893
0.48623, 0.58450, 0.75506, 0.74775, 0.75000
0.49320, 0.58860, 0.76629, 0.72072, 0.74107
0.48870, 0.56471, 0.75955, 0.76577, 0.76786
0.48692, 0.57965, 0.76629, 0.72973, 0.75000
0.48663, 0.57188, 0.75843, 0.74775, 0.75000
0.48424, 0.57752, 0.76629, 0.75676, 0.74107
0.48912, 0.57245, 0.76292, 0.77477, 0.75893
0.48164, 0.57139, 0.75843, 0.75676, 0.77679
0.48155, 0.57167, 0.76742, 0.75676, 0.75000
0.48151, 0.57639, 0.75393, 0.75676, 0.77679
0.48728, 0.58045, 0.76966, 0.74775, 0.76786
0.48490, 0.57127, 0.76517, 0.75676, 0.77679
0.48122, 0.57141, 0.76292, 0.76577, 0.75893
0.48240, 0.57498, 0.75730, 0.77477, 0.75893
0.48677, 0.57333, 0.75393, 0.75676, 0.77679
0.48395, 0.57614, 0.76517, 0.76577, 0.75000
0.48449, 0.56227, 0.75618, 0.76577, 0.77679
0.47796, 0.57739, 0.75506, 0.75676, 0.75000
0.48177, 0.56832, 0.75730, 0.75676, 0.75893
0.48729, 0.56576, 0.77079, 0.79279, 0.78571
0.47844, 0.58240, 0.76404, 0.75676, 0.76786
0.48319, 0.57721, 0.76517, 0.75676, 0.78571
0.47930, 0.58506, 0.76292, 0.76577, 0.77679
0.48123, 0.56610, 0.76854, 0.73874, 0.78571
0.47453, 0.57777, 0.76404, 0.76577, 0.75000
0.47985, 0.56975, 0.76854, 0.78378, 0.76786
0.48302, 0.59179, 0.76517, 0.74775, 0.74107
0.49746, 0.57525, 0.76067, 0.77477, 0.75000
0.48146, 0.55790, 0.76629, 0.77477, 0.75000
0.47911, 0.56058, 0.77079, 0.78378, 0.76786
0.48057, 0.56182, 0.76742, 0.77477, 0.78571
0.48054, 0.55817, 0.76517, 0.75676, 0.75893
0.48121, 0.56582, 0.77079, 0.79279, 0.75000
0.47840, 0.55924, 0.76629, 0.77477, 0.77679
0.47476, 0.56103, 0.77191, 0.77477, 0.78571
0.47804, 0.57796, 0.76629, 0.77477, 0.75893
0.48041, 0.55916, 0.76180, 0.75676, 0.78571
0.47940, 0.56910, 0.77079, 0.76577, 0.76786
0.47951, 0.56650, 0.75955, 0.74775, 0.75893
0.48128, 0.56419, 0.75843, 0.74775, 0.75893
0.48183, 0.56935, 0.76629, 0.76577, 0.76786
0.47546, 0.56347, 0.77753, 0.78378, 0.78571
0.47369, 0.56425, 0.77079, 0.76577, 0.76786
0.47749, 0.55994, 0.77191, 0.78378, 0.78571
0.47518, 0.55938, 0.77640, 0.78378, 0.75893
0.47546, 0.61120, 0.75506, 0.74775, 0.73214
0.47442, 0.56573, 0.77865, 0.77477, 0.76786
0.47088, 0.55972, 0.76742, 0.76577, 0.78571
0.47555, 0.55728, 0.77191, 0.77477, 0.77679
0.48109, 0.57597, 0.77303, 0.76577, 0.80357
0.47802, 0.55655, 0.76966, 0.76577, 0.76786
0.48342, 0.56230, 0.77303, 0.77477, 0.75893
0.47304, 0.56749, 0.76966, 0.77477, 0.75893
0.47959, 0.56113, 0.77191, 0.73874, 0.75893
0.47324, 0.56715, 0.76966, 0.76577, 0.76786
0.47042, 0.56076, 0.77640, 0.77477, 0.75893
0.47090, 0.56282, 0.77753, 0.79279, 0.75893
0.47332, 0.56217, 0.77191, 0.75676, 0.77679
0.47424, 0.56596, 0.76966, 0.77477, 0.77679
0.47362, 0.55744, 0.77191, 0.77477, 0.78571
0.48325, 0.55726, 0.77640, 0.79279, 0.75893
0.46995, 0.56323, 0.77640, 0.76577, 0.75000
0.47620, 0.56148, 0.77191, 0.79279, 0.77679
0.47335, 0.55762, 0.77978, 0.77477, 0.78571
0.47139, 0.55612, 0.76742, 0.77477, 0.76786
0.48392, 0.57888, 0.77303, 0.74775, 0.78571
0.47983, 0.56430, 0.76517, 0.77477, 0.78571
0.47618, 0.55847, 0.76854, 0.79279, 0.76786
0.47017, 0.56539, 0.77416, 0.76577, 0.75000
0.47627, 0.55713, 0.77865, 0.76577, 0.77679
0.47487, 0.55407, 0.76742, 0.76577, 0.76786
0.46858, 0.55957, 0.77640, 0.75676, 0.75893
0.47016, 0.56503, 0.77416, 0.76577, 0.76786
0.47271, 0.55806, 0.77865, 0.77477, 0.77679
0.47378, 0.55500, 0.77416, 0.78378, 0.75000
0.47291, 0.55842, 0.77640, 0.77477, 0.78571
0.47161, 0.55902, 0.77978, 0.77477, 0.76786
0.46971, 0.55534, 0.77753, 0.77477, 0.75000
0.47348, 0.55993, 0.77865, 0.78378, 0.78571
0.47009, 0.56510, 0.77191, 0.77477, 0.76786
0.47593, 0.56690, 0.77191, 0.77477, 0.77679
0.47233, 0.55746, 0.76854, 0.73874, 0.76786
0.46820, 0.56404, 0.76854, 0.78378, 0.77679
0.47022, 0.55761, 0.78315, 0.76577, 0.75893
0.47170, 0.58415, 0.77079, 0.75676, 0.75000
0.47061, 0.57010, 0.76292, 0.76577, 0.78571
0.47138, 0.55071, 0.76854, 0.77477, 0.78571
0.48675, 0.58486, 0.76517, 0.74775, 0.78571
0.47740, 0.55006, 0.77303, 0.77477, 0.76786
0.46878, 0.55154, 0.77865, 0.76577, 0.77679
0.48008, 0.55661, 0.77640, 0.75676, 0.75893
0.47752, 0.55816, 0.77416, 0.76577, 0.75000
0.47000, 0.55628, 0.78652, 0.77477, 0.76786
0.46935, 0.55478, 0.77753, 0.77477, 0.75893
0.47228, 0.55123, 0.77978, 0.77477, 0.75893
0.47399, 0.55542, 0.77753, 0.78378, 0.74107
0.47118, 0.58032, 0.76517, 0.75676, 0.77679
0.48718, 0.55598, 0.77416, 0.76577, 0.75893
0.47185, 0.55377, 0.78764, 0.77477, 0.76786
0.46927, 0.56176, 0.77865, 0.75676, 0.76786
0.46832, 0.55335, 0.78090, 0.77477, 0.77679
0.46644, 0.56480, 0.77978, 0.74775, 0.76786
0.47125, 0.55549, 0.78427, 0.75676, 0.76786
0.46379, 0.55472, 0.77978, 0.77477, 0.77679
0.46941, 0.58180, 0.76517, 0.74775, 0.75893
0.47190, 0.57100, 0.76854, 0.75676, 0.77679
0.47535, 0.55108, 0.78315, 0.76577, 0.75000
0.46721, 0.55186, 0.77191, 0.75676, 0.75000
0.46624, 0.55733, 0.77303, 0.77477, 0.75893
0.46475, 0.55024, 0.78202, 0.77477, 0.79464
0.46816, 0.56511, 0.77191, 0.78378, 0.76786
0.47209, 0.55687, 0.77753, 0.77477, 0.77679
0.46835, 0.55474, 0.77416, 0.77477, 0.77679
0.46628, 0.56808, 0.77303, 0.74775, 0.75893
0.46571, 0.55393, 0.76854, 0.77477, 0.77679
0.46763, 0.55685, 0.78090, 0.79279, 0.77679
0.46431, 0.55069, 0.77978, 0.77477, 0.78571
0.47165, 0.55386, 0.78315, 0.77477, 0.76786
0.46727, 0.55298, 0.77978, 0.77477, 0.75893
0.46817, 0.54926, 0.78652, 0.76577, 0.78571
0.46378, 0.55238, 0.77640, 0.77477, 0.76786
0.46640, 0.55354, 0.78202, 0.75676, 0.76786
0.46591, 0.55587, 0.78090, 0.76577, 0.75893
0.47413, 0.54901, 0.77528, 0.76577, 0.75893
0.46968, 0.54996, 0.78202, 0.78378, 0.77679
0.47286, 0.54968, 0.77753, 0.77477, 0.75893
0.46763, 0.55189, 0.78090, 0.76577, 0.77679
0.46385, 0.55377, 0.77753, 0.79279, 0.78571
0.46664, 0.55172, 0.77753, 0.78378, 0.78571
0.46464, 0.55184, 0.78427, 0.74775, 0.76786
0.46928, 0.54969, 0.78315, 0.77477, 0.75893
0.47315, 0.56017, 0.77640, 0.74775, 0.76786
0.47029, 0.55064, 0.77303, 0.77477, 0.77679
0.46249, 0.56959, 0.76966, 0.75676, 0.78571
0.46878, 0.55798, 0.78090, 0.78378, 0.76786
0.46856, 0.56683, 0.77416, 0.76577, 0.79464
0.46421, 0.55256, 0.78202, 0.75676, 0.76786
0.46337, 0.55669, 0.78315, 0.76577, 0.76786
0.46142, 0.55129, 0.78202, 0.77477, 0.76786
0.46392, 0.55182, 0.78539, 0.76577, 0.75893
0.46659, 0.58116, 0.76742, 0.75676, 0.75000
0.47493, 0.56333, 0.77416, 0.74775, 0.75893
0.46608, 0.54816, 0.78427, 0.77477, 0.75893
0.46525, 0.55400, 0.78202, 0.74775, 0.75000
0.46206, 0.58651, 0.76067, 0.75676, 0.74107
0.48315, 0.54901, 0.77753, 0.75676, 0.76786
0.46821, 0.54462, 0.78427, 0.76577, 0.76786
0.46038, 0.54804, 0.78090, 0.78378, 0.77679
0.46318, 0.54914, 0.78427, 0.78378, 0.75000
0.46362, 0.56365, 0.78315, 0.74775, 0.75000
0.46680, 0.54632, 0.77978, 0.76577, 0.76786
0.46126, 0.55292, 0.77865, 0.75676, 0.75893
0.46065, 0.55284, 0.78539, 0.78378, 0.75893
0.46707, 0.55603, 0.77865, 0.77477, 0.75893
0.47062, 0.55133, 0.77865, 0.76577, 0.75000
0.46188, 0.55879, 0.77753, 0.76577, 0.76786
0.46016, 0.55007, 0.78090, 0.77477, 0.75000
0.46455, 0.54792, 0.78876, 0.78378, 0.78571
0.46104, 0.55032, 0.78539, 0.76577, 0.75893
0.46461, 0.55172, 0.78652, 0.75676, 0.75000
0.46721, 0.55526, 0.78315, 0.74775, 0.75893
0.46564, 0.54756, 0.78202, 0.78378, 0.78571
0.46097, 0.54851, 0.78427, 0.77477, 0.76786
0.45970, 0.54712, 0.78652, 0.75676, 0.75000
0.46119, 0.55384, 0.78202, 0.75676, 0.75893
0.46064, 0.54993, 0.77978, 0.75676, 0.75000
0.46363, 0.54954, 0.78652, 0.78378, 0.75000
0.46443, 0.55119, 0.77753, 0.78378, 0.77679
0.45763, 0.55455, 0.77978, 0.77477, 0.78571
0.47435, 0.55561, 0.78427, 0.77477, 0.75893
0.46632, 0.54393, 0.78539, 0.75676, 0.76786
0.46299, 0.56376, 0.77865, 0.76577, 0.77679
0.46234, 0.54173, 0.78539, 0.76577, 0.76786
0.46332, 0.55146, 0.77978, 0.78378, 0.78571
0.46366, 0.55027, 0.78764, 0.78378, 0.78571
0.46209, 0.55297, 0.78539, 0.76577, 0.75893
0.46404, 0.54914, 0.78315, 0.75676, 0.75893
0.45788, 0.54606, 0.78539, 0.75676, 0.75000
0.45850, 0.54783, 0.78652, 0.77477, 0.77679
0.45858, 0.54533, 0.77978, 0.74775, 0.75893
0.46938, 0.54387, 0.77978, 0.75676, 0.75893
0.46452, 0.55022, 0.77528, 0.78378, 0.75893
0.46598, 0.55266, 0.78539, 0.77477, 0.77679
0.45991, 0.55222, 0.78315, 0.77477, 0.75000
0.46257, 0.54094, 0.78876, 0.78378, 0.75000
0.46300, 0.54168, 0.78315, 0.76577, 0.75893
0.45837, 0.54657, 0.78652, 0.77477, 0.75893
0.45767, 0.54377, 0.78539, 0.76577, 0.76786
0.45738, 0.54557, 0.78652, 0.79279, 0.76786
0.45937, 0.57106, 0.77079, 0.75676, 0.77679
0.46470, 0.54924, 0.78202, 0.77477, 0.76786
0.46339, 0.54907, 0.78315, 0.76577, 0.75000
0.45946, 0.57056, 0.77303, 0.74775, 0.78571
0.47461, 0.54198, 0.78427, 0.78378, 0.78571
0.45878, 0.54113, 0.78202, 0.75676, 0.75893
0.45911, 0.54136, 0.78090, 0.74775, 0.75893
0.45996, 0.55492, 0.77865, 0.77477, 0.75000
0.45817, 0.54196, 0.78652, 0.78378, 0.75893
0.45696, 0.54635, 0.78427, 0.75676, 0.75893
0.46290, 0.55456, 0.78090, 0.73874, 0.75893
0.46678, 0.54538, 0.77978, 0.77477, 0.75893
0.45454, 0.54889, 0.78202, 0.76577, 0.75893
0.45842, 0.54502, 0.78539, 0.78378, 0.78571
0.45984, 0.54970, 0.77978, 0.78378, 0.75893
0.45732, 0.54150, 0.78989, 0.77477, 0.76786
0.45806, 0.54559, 0.78539, 0.78378, 0.76786
0.46134, 0.55057, 0.78090, 0.75676, 0.77679
0.46124, 0.55120, 0.78315, 0.73874, 0.75893
0.45768, 0.55046, 0.77753, 0.77477, 0.75893
0.45732, 0.53731, 0.79101, 0.77477, 0.76786
0.45731, 0.54072, 0.78764, 0.75676, 0.76786
0.45603, 0.54057, 0.78427, 0.76577, 0.75000
0.46082, 0.54595, 0.78652, 0.76577, 0.75000
0.45591, 0.54368, 0.78764, 0.78378, 0.77679
0.45649, 0.55032, 0.78315, 0.75676, 0.75893
0.45879, 0.54078, 0.78539, 0.78378, 0.76786
0.45678, 0.54233, 0.78764, 0.78378, 0.78571
0.45550, 0.53583, 0.78876, 0.75676, 0.75893
0.45681, 0.57141, 0.77079, 0.77477, 0.77679
0.45578, 0.53422, 0.78764, 0.76577, 0.75893
0.46039, 0.54335, 0.78539, 0.77477, 0.75000
0.45935, 0.55804, 0.77640, 0.77477, 0.77679
0.45758, 0.54381, 0.78764, 0.76577, 0.77679
0.46202, 0.53174, 0.78427, 0.75676, 0.76786
0.46054, 0.56203, 0.77865, 0.75676, 0.75000
0.46653, 0.53445, 0.78315, 0.75676, 0.75000
0.45651, 0.53335, 0.79101, 0.76577, 0.76786
0.45217, 0.54370, 0.78652, 0.78378, 0.76786
0.45455, 0.54075, 0.78764, 0.78378, 0.77679
0.45406, 0.54922, 0.78652, 0.77477, 0.77679
0.45922, 0.54573, 0.78315, 0.77477, 0.75893
0.45050, 0.53820, 0.78539, 0.75676, 0.74107
0.45283, 0.54228, 0.78764, 0.76577, 0.78571
0.45730, 0.54302, 0.78989, 0.76577, 0.76786
0.46352, 0.52755, 0.78652, 0.75676, 0.75893
0.45679, 0.53348, 0.79213, 0.75676, 0.75893
0.46283, 0.54098, 0.78090, 0.79279, 0.75893
0.45606, 0.53476, 0.78315, 0.76577, 0.74107
0.45902, 0.53123, 0.78989, 0.78378, 0.75000
0.45024, 0.53876, 0.78427, 0.79279, 0.77679
0.45252, 0.54983, 0.77865, 0.77477, 0.78571
0.45418, 0.55438, 0.77191, 0.78378, 0.75000
0.45742, 0.53943, 0.78876, 0.78378, 0.77679
0.45670, 0.53712, 0.78427, 0.77477, 0.75000
0.45364, 0.53700, 0.79101, 0.76577, 0.75893
0.45329, 0.54191, 0.78764, 0.76577, 0.75893
0.44902, 0.55437, 0.77865, 0.75676, 0.78571
0.45263, 0.53590, 0.78652, 0.74775, 0.77679
0.45534, 0.53404, 0.78539, 0.76577, 0.75893
0.45252, 0.52895, 0.78539, 0.75676, 0.74107
0.45257, 0.53292, 0.79213, 0.75676, 0.76786
0.45597, 0.54683, 0.78315, 0.77477, 0.77679
0.45897, 0.53148, 0.78764, 0.74775, 0.75000
0.45517, 0.52981, 0.79101, 0.76577, 0.76786
0.44627, 0.54389, 0.78989, 0.76577, 0.76786
0.45156, 0.53224, 0.78652, 0.76577, 0.77679
0.44967, 0.52953, 0.78989, 0.76577, 0.76786
0.44765, 0.53877, 0.78989, 0.76577, 0.75893
0.45208, 0.54378, 0.78090, 0.79279, 0.75893
0.45653, 0.53438, 0.79326, 0.73874, 0.75000
0.45334, 0.52721, 0.79438, 0.75676, 0.77679
0.44633, 0.52457, 0.79213, 0.77477, 0.74107
0.44575, 0.53168, 0.79438, 0.74775, 0.75893
0.44618, 0.52757, 0.79438, 0.75676, 0.74107
0.44644, 0.52736, 0.79213, 0.77477, 0.73214
0.45181, 0.53259, 0.78764, 0.79279, 0.76786
0.44859, 0.52436, 0.79663, 0.77477, 0.75000
0.44664, 0.52271, 0.79888, 0.75676, 0.75000
0.44860, 0.54985, 0.77978, 0.76577, 0.76786
0.44863, 0.52943, 0.78652, 0.75676, 0.75000
0.44492, 0.52141, 0.79438, 0.74775, 0.75893
0.44526, 0.52731, 0.78989, 0.78378, 0.75000
0.45065, 0.52646, 0.78764, 0.76577, 0.75000
0.44384, 0.52436, 0.79326, 0.76577, 0.76786
0.44698, 0.52880, 0.79438, 0.76577, 0.76786
0.44377, 0.52435, 0.79888, 0.76577, 0.75000
0.45040, 0.51932, 0.79551, 0.77477, 0.74107
0.44698, 0.52557, 0.79326, 0.76577, 0.75893
0.44090, 0.52689, 0.79551, 0.78378, 0.76786
0.44442, 0.54016, 0.78876, 0.76577, 0.76786
0.44032, 0.52094, 0.79775, 0.75676, 0.75000
0.44100, 0.54205, 0.78764, 0.77477, 0.78571
0.44377, 0.52083, 0.79551, 0.76577, 0.75893
0.44130, 0.51433, 0.79213, 0.78378, 0.75893
0.44135, 0.52368, 0.79101, 0.78378, 0.75000
0.44110, 0.53342, 0.78315, 0.77477, 0.75893
0.44501, 0.52079, 0.79326, 0.77477, 0.75000
0.44241, 0.53309, 0.79213, 0.77477, 0.76786
0.44244, 0.53382, 0.78764, 0.76577, 0.76786
0.44203, 0.53087, 0.79101, 0.77477, 0.75893
0.44726, 0.52425, 0.78764, 0.76577, 0.77679
0.44030, 0.52907, 0.79438, 0.76577, 0.76786
0.44210, 0.52699, 0.79551, 0.76577, 0.75893
0.43777, 0.52917, 0.79326, 0.78378, 0.77679
0.43819, 0.51885, 0.79775, 0.76577, 0.76786
0.44156, 0.52386, 0.79213, 0.76577, 0.75000
0.44195, 0.51998, 0.79551, 0.77477, 0.75000
0.43697, 0.53926, 0.77416, 0.77477, 0.75893
0.45575, 0.51534, 0.79326, 0.78378, 0.75893
0.44296, 0.55038, 0.78090, 0.78378, 0.74107
0.44033, 0.51831, 0.78764, 0.77477, 0.75893
0.44131, 0.51015, 0.80000, 0.76577, 0.75000
0.43839, 0.51498, 0.79438, 0.76577, 0.75000
0.43951, 0.51264, 0.79663, 0.77477, 0.75000
0.44029, 0.51868, 0.79551, 0.77477, 0.76786
0.43818, 0.51445, 0.80112, 0.77477, 0.75893
0.43769, 0.52451, 0.79438, 0.74775, 0.74107
0.43799, 0.52760, 0.78539, 0.76577, 0.76786
0.43656, 0.53383, 0.79213, 0.77477, 0.77679
0.44382, 0.53309, 0.78876, 0.78378, 0.75893
0.43752, 0.51904, 0.80562, 0.75676, 0.75893
0.43801, 0.51804, 0.80112, 0.78378, 0.75893
0.43485, 0.52069, 0.78989, 0.78378, 0.77679
0.43164, 0.53099, 0.79551, 0.76577, 0.75000
0.43086, 0.51240, 0.79551, 0.77477, 0.74107
0.43519, 0.51652, 0.79213, 0.77477, 0.76786
0.43649, 0.52907, 0.78989, 0.77477, 0.75893
0.43902, 0.51387, 0.79438, 0.75676, 0.75893
0.43655, 0.50653, 0.79775, 0.76577, 0.75893
0.43349, 0.51119, 0.79551, 0.77477, 0.77679
0.43215, 0.51213, 0.80000, 0.75676, 0.76786
0.43244, 0.52127, 0.79101, 0.77477, 0.77679
0.43168, 0.52737, 0.79213, 0.78378, 0.75893
0.43216, 0.50278, 0.80112, 0.78378, 0.75893
0.43679, 0.51147, 0.79663, 0.76577, 0.75893
0.43365, 0.53507, 0.79888, 0.75676, 0.75893
0.43376, 0.50865, 0.79551, 0.76577, 0.76786
0.42900, 0.51199, 0.79663, 0.76577, 0.76786
0.43298, 0.51996, 0.80000, 0.75676, 0.76786
0.42867, 0.50586, 0.79438, 0.78378, 0.74107
0.43683, 0.52160, 0.79438, 0.76577, 0.76786
0.43379, 0.52398, 0.80225, 0.77477, 0.75893
0.44281, 0.52038, 0.79101, 0.75676, 0.76786
0.43019, 0.51104, 0.79663, 0.76577, 0.75893
0.43286, 0.52350, 0.79775, 0.76577, 0.75893
0.42837, 0.51431, 0.78989, 0.77477, 0.75893
0.42995, 0.51194, 0.79888, 0.76577, 0.75000
0.42998, 0.54722, 0.78427, 0.76577, 0.77679
0.43455, 0.51066, 0.80112, 0.76577, 0.76786
0.42606, 0.51538, 0.79888, 0.75676, 0.75893
0.42594, 0.51065, 0.80562, 0.75676, 0.75893
0.42450, 0.52405, 0.80000, 0.77477, 0.75893
0.42532, 0.51045, 0.79888, 0.77477, 0.76786
0.43448, 0.53317, 0.79663, 0.74775, 0.74107
0.43418, 0.52091, 0.79326, 0.77477, 0.75893
0.42951, 0.51855, 0.80000, 0.77477, 0.75893
0.44492, 0.50616, 0.79551, 0.78378, 0.75000
0.43043, 0.51970, 0.79326, 0.77477, 0.77679
0.43951, 0.50508, 0.79326, 0.78378, 0.74107
0.42760, 0.51567, 0.80225, 0.75676, 0.75893
0.43028, 0.51815, 0.80000, 0.78378, 0.77679
0.42535, 0.52418, 0.80787, 0.76577, 0.76786
0.42694, 0.51186, 0.80449, 0.75676, 0.76786
0.42635, 0.51666, 0.79438, 0.77477, 0.76786
0.42452, 0.51774, 0.80337, 0.77477, 0.76786
0.42069, 0.51826, 0.79888, 0.77477, 0.77679
0.42811, 0.52061, 0.79101, 0.76577, 0.76786
0.43082, 0.55125, 0.78202, 0.76577, 0.76786
0.43290, 0.52569, 0.79438, 0.75676, 0.75893
0.42932, 0.54099, 0.78427, 0.78378, 0.76786
0.42706, 0.50634, 0.80337, 0.76577, 0.74107
0.41940, 0.51349, 0.79551, 0.76577, 0.75893
0.42203, 0.51396, 0.80674, 0.76577, 0.76786
0.42368, 0.51412, 0.80337, 0.78378, 0.75893
0.41944, 0.51312, 0.79663, 0.77477, 0.76786
0.42180, 0.50729, 0.80225, 0.77477, 0.75893
0.42443, 0.52093, 0.79775, 0.75676, 0.76786
0.42186, 0.52614, 0.79775, 0.76577, 0.78571
0.41948, 0.51711, 0.79438, 0.76577, 0.78571
0.42541, 0.51357, 0.80225, 0.78378, 0.77679
0.42416, 0.51705, 0.80225, 0.78378, 0.76786
0.43086, 0.50340, 0.81124, 0.78378, 0.75893
0.41760, 0.51290, 0.80562, 0.78378, 0.76786
0.42276, 0.50718, 0.80449, 0.77477, 0.75893
----------------------------------------------------------------------------------------------------------------------------
0.61664, 0.67162, 0.60562, 0.49550, 0.63393
0.60465, 0.64689, 0.71685, 0.62162, 0.68750
0.59989, 0.66428, 0.65843, 0.55856, 0.69643
0.59881, 0.65243, 0.71124, 0.62162, 0.71429
0.58987, 0.63832, 0.73483, 0.67568, 0.68750
0.58380, 0.63209, 0.73708, 0.71171, 0.67857
0.57879, 0.61576, 0.74831, 0.73874, 0.71429
0.57819, 0.61331, 0.74719, 0.74775, 0.68750
0.56874, 0.63543, 0.74382, 0.67568, 0.69643
0.57189, 0.58825, 0.73820, 0.78378, 0.67857
0.56378, 0.58633, 0.75056, 0.75676, 0.68750
0.56193, 0.57829, 0.75506, 0.76577, 0.70536
0.55686, 0.59350, 0.75056, 0.75676, 0.71429
0.54851, 0.57188, 0.75506, 0.76577, 0.68750
0.54416, 0.59652, 0.75281, 0.74775, 0.70536
0.54440, 0.58525, 0.75393, 0.73874, 0.70536
0.53762, 0.54803, 0.74382, 0.75676, 0.72321
0.54256, 0.54622, 0.74382, 0.77477, 0.72321
0.54980, 0.60045, 0.75169, 0.74775, 0.72321
0.53798, 0.55418, 0.75281, 0.74775, 0.68750
0.53626, 0.59504, 0.75169, 0.72973, 0.71429
0.53199, 0.54876, 0.75169, 0.74775, 0.69643
0.53245, 0.57918, 0.75056, 0.75676, 0.69643
0.52958, 0.61683, 0.74944, 0.69369, 0.71429
0.55079, 0.55849, 0.75056, 0.75676, 0.66964
0.52729, 0.55830, 0.75955, 0.73874, 0.70536
0.52380, 0.54694, 0.75393, 0.74775, 0.69643
0.52132, 0.63312, 0.74944, 0.68468, 0.72321
0.51767, 0.53281, 0.71124, 0.76577, 0.68750
0.52937, 0.53637, 0.74944, 0.74775, 0.70536
0.51795, 0.57125, 0.75506, 0.74775, 0.68750
0.51405, 0.56643, 0.75506, 0.75676, 0.68750
0.50994, 0.54743, 0.75056, 0.73874, 0.67857
0.51655, 0.55457, 0.76629, 0.74775, 0.70536
0.51458, 0.54359, 0.75843, 0.73874, 0.68750
0.51128, 0.54554, 0.76180, 0.73874, 0.69643
0.50664, 0.52284, 0.75843, 0.76577, 0.72321
0.51601, 0.54285, 0.75618, 0.74775, 0.69643
0.51768, 0.55739, 0.75730, 0.73874, 0.70536
0.51088, 0.55657, 0.76067, 0.73874, 0.70536
0.50560, 0.59507, 0.76180, 0.69369, 0.71429
0.50069, 0.55760, 0.75955, 0.74775, 0.69643
0.50233, 0.61426, 0.76067, 0.69369, 0.72321
0.50335, 0.53844, 0.76517, 0.72973, 0.68750
0.50347, 0.59465, 0.75618, 0.70270, 0.70536
0.51358, 0.57023, 0.75730, 0.74775, 0.69643
0.49988, 0.55161, 0.76067, 0.73874, 0.69643
0.49652, 0.53802, 0.76629, 0.73874, 0.68750
0.49991, 0.53248, 0.75618, 0.73874, 0.69643
0.50101, 0.54150, 0.76629, 0.72973, 0.70536
0.49668, 0.53067, 0.77079, 0.74775, 0.71429
0.49079, 0.55169, 0.76854, 0.72973, 0.70536
0.49017, 0.59436, 0.76180, 0.70270, 0.72321
0.49345, 0.57122, 0.76292, 0.73874, 0.71429
0.48931, 0.55248, 0.76742, 0.73874, 0.70536
0.48635, 0.56561, 0.76180, 0.74775, 0.68750
0.48744, 0.58634, 0.75955, 0.71171, 0.70536
0.49356, 0.52792, 0.76629, 0.74775, 0.68750
0.48491, 0.51931, 0.74157, 0.78378, 0.69643
0.49984, 0.54855, 0.76966, 0.73874, 0.70536
0.49538, 0.56013, 0.77303, 0.70270, 0.71429
0.48717, 0.52691, 0.76966, 0.76577, 0.71429
0.48379, 0.56615, 0.76629, 0.73874, 0.71429
0.48631, 0.53202, 0.77303, 0.73874, 0.68750
0.49523, 0.56814, 0.75618, 0.76577, 0.66964
0.49246, 0.55468, 0.77191, 0.73874, 0.71429
0.48335, 0.53802, 0.77640, 0.74775, 0.68750
0.47897, 0.54010, 0.77753, 0.75676, 0.70536
0.48063, 0.56398, 0.77191, 0.72072, 0.72321
0.48795, 0.55193, 0.77753, 0.74775, 0.70536
0.49150, 0.61362, 0.77079, 0.71171, 0.74107
0.47637, 0.54331, 0.77640, 0.76577, 0.71429
0.47522, 0.59259, 0.77528, 0.73874, 0.70536
0.48209, 0.52603, 0.77303, 0.78378, 0.70536
0.47754, 0.55829, 0.78202, 0.75676, 0.71429
0.47990, 0.54903, 0.78090, 0.76577, 0.70536
0.48176, 0.53314, 0.77640, 0.77477, 0.72321
0.48725, 0.57096, 0.76067, 0.75676, 0.67857
0.47595, 0.57615, 0.77753, 0.72973, 0.72321
0.47525, 0.61069, 0.77865, 0.72072, 0.72321
0.48771, 0.58255, 0.77303, 0.76577, 0.70536
0.47635, 0.57928, 0.77303, 0.72973, 0.71429
0.47364, 0.58516, 0.77865, 0.72973, 0.70536
0.47659, 0.56770, 0.77978, 0.76577, 0.69643
0.47231, 0.54306, 0.78764, 0.76577, 0.70536
0.47503, 0.56781, 0.76854, 0.74775, 0.66071
0.47829, 0.59086, 0.77978, 0.72973, 0.71429
0.47420, 0.56268, 0.77191, 0.73874, 0.68750
0.47408, 0.55788, 0.77865, 0.74775, 0.71429
0.46806, 0.53612, 0.78315, 0.77477, 0.68750
0.46937, 0.55301, 0.77528, 0.74775, 0.67857
0.47236, 0.57315, 0.78090, 0.73874, 0.70536
0.47225, 0.57844, 0.77079, 0.74775, 0.70536
0.47308, 0.52586, 0.76854, 0.78378, 0.71429
0.47470, 0.57205, 0.78090, 0.74775, 0.70536
0.46896, 0.56073, 0.78202, 0.75676, 0.69643
0.47322, 0.59291, 0.77303, 0.72973, 0.69643
0.47159, 0.56287, 0.78764, 0.76577, 0.72321
0.47465, 0.60323, 0.77303, 0.72973, 0.71429
0.46989, 0.54967, 0.78202, 0.75676, 0.70536
0.46874, 0.56276, 0.78315, 0.75676, 0.70536
0.46667, 0.59553, 0.77640, 0.72973, 0.70536
0.47011, 0.61465, 0.77865, 0.72072, 0.71429
0.46861, 0.57661, 0.77753, 0.74775, 0.70536
0.46960, 0.58501, 0.77303, 0.72973, 0.70536
0.46494, 0.54450, 0.78764, 0.74775, 0.71429
0.46850, 0.54221, 0.77416, 0.78378, 0.72321
0.47184, 0.55017, 0.78090, 0.74775, 0.69643
0.46862, 0.55551, 0.78090, 0.75676, 0.69643
----------------------------------------------------------------------------------------------------------------------------
0.64379, 0.62187, 0.60000, 0.56757, 0.58929
0.61692, 0.61203, 0.60112, 0.56757, 0.58929
0.61431, 0.60920, 0.60225, 0.56757, 0.58929
0.60637, 0.60034, 0.64607, 0.61261, 0.63393
0.61180, 0.60246, 0.63371, 0.60360, 0.62500
0.60099, 0.58890, 0.73146, 0.67568, 0.75000
0.59644, 0.58709, 0.72135, 0.75676, 0.72321
0.60025, 0.58104, 0.73146, 0.72973, 0.76786
0.58810, 0.58310, 0.73483, 0.69369, 0.73214
0.58429, 0.57760, 0.73146, 0.75676, 0.74107
0.57958, 0.57273, 0.72809, 0.73874, 0.72321
0.57118, 0.57906, 0.73146, 0.68468, 0.73214
0.56949, 0.56605, 0.73483, 0.73874, 0.74107
0.55899, 0.61838, 0.70449, 0.66667, 0.72321
0.58061, 0.57835, 0.71573, 0.76577, 0.72321
0.56666, 0.55543, 0.73708, 0.75676, 0.75000
0.55958, 0.58665, 0.73708, 0.69369, 0.72321
0.55739, 0.55445, 0.74045, 0.74775, 0.76786
0.55726, 0.55456, 0.74607, 0.73874, 0.75000
0.55135, 0.59395, 0.73483, 0.68468, 0.73214
0.56834, 0.55776, 0.74270, 0.73874, 0.73214
0.54509, 0.54397, 0.74157, 0.74775, 0.75000
0.53935, 0.55036, 0.74831, 0.72072, 0.79464
0.53778, 0.54875, 0.75281, 0.74775, 0.78571
0.53295, 0.54514, 0.74607, 0.72973, 0.79464
0.53982, 0.54242, 0.74719, 0.75676, 0.75000
0.53414, 0.54561, 0.75169, 0.73874, 0.75893
0.53678, 0.55082, 0.74607, 0.73874, 0.75893
0.53376, 0.54105, 0.75056, 0.73874, 0.79464
0.52797, 0.53406, 0.74045, 0.74775, 0.76786
0.52920, 0.54272, 0.75843, 0.72072, 0.78571
0.52844, 0.54363, 0.74382, 0.72072, 0.75000
0.52710, 0.55413, 0.75056, 0.74775, 0.75000
0.52656, 0.54216, 0.75281, 0.73874, 0.78571
0.53735, 0.56279, 0.74494, 0.74775, 0.75000
0.52231, 0.53732, 0.74607, 0.73874, 0.77679
0.52093, 0.53698, 0.74494, 0.74775, 0.77679
0.51967, 0.53573, 0.75843, 0.72072, 0.79464
0.52391, 0.53735, 0.74494, 0.74775, 0.76786
0.53346, 0.53618, 0.74607, 0.73874, 0.75893
0.51824, 0.53054, 0.74382, 0.75676, 0.77679
0.51925, 0.55619, 0.74719, 0.74775, 0.75893
0.52494, 0.54844, 0.74157, 0.74775, 0.70536
0.52414, 0.52545, 0.74607, 0.75676, 0.76786
0.51407, 0.55102, 0.74494, 0.74775, 0.75000
0.52990, 0.53004, 0.74157, 0.73874, 0.78571
0.51728, 0.52810, 0.74719, 0.71171, 0.77679
0.53208, 0.51341, 0.74270, 0.76577, 0.75000
0.53095, 0.53891, 0.74719, 0.73874, 0.76786
0.51715, 0.52537, 0.74157, 0.74775, 0.77679
0.51347, 0.53504, 0.74831, 0.74775, 0.76786
0.51517, 0.54570, 0.75393, 0.74775, 0.76786
0.52015, 0.52372, 0.75281, 0.76577, 0.75893
0.51350, 0.51846, 0.75056, 0.75676, 0.76786
0.51394, 0.53029, 0.75169, 0.74775, 0.76786
0.53002, 0.54512, 0.75281, 0.73874, 0.75893
0.51605, 0.53065, 0.75169, 0.73874, 0.73214
0.51815, 0.53467, 0.74607, 0.74775, 0.75000
0.51409, 0.50763, 0.74494, 0.73874, 0.75893
0.51116, 0.52616, 0.75393, 0.72973, 0.76786
0.51102, 0.52629, 0.74944, 0.74775, 0.76786
0.50866, 0.51576, 0.75169, 0.74775, 0.77679
0.50963, 0.51770, 0.74831, 0.75676, 0.75893
0.50651, 0.52240, 0.74382, 0.75676, 0.76786
0.50589, 0.51793, 0.75169, 0.76577, 0.75893
0.51195, 0.52781, 0.75843, 0.69369, 0.77679
0.51607, 0.53180, 0.74719, 0.75676, 0.76786
0.50887, 0.51336, 0.75169, 0.75676, 0.76786
0.50386, 0.51725, 0.75618, 0.73874, 0.75893
0.50725, 0.53678, 0.75056, 0.73874, 0.75893
0.50509, 0.52669, 0.74719, 0.73874, 0.76786
0.50427, 0.52323, 0.74719, 0.73874, 0.75893
0.50184, 0.55385, 0.75618, 0.72072, 0.77679
0.51548, 0.50630, 0.75393, 0.75676, 0.76786
0.50472, 0.52436, 0.76067, 0.70270, 0.79464
0.50029, 0.50687, 0.76517, 0.72973, 0.79464
0.50362, 0.49918, 0.76292, 0.72973, 0.75893
0.49785, 0.52919, 0.75393, 0.72973, 0.75893
0.50082, 0.50355, 0.76966, 0.71171, 0.79464
0.49622, 0.53376, 0.75730, 0.71171, 0.75893
0.50694, 0.54438, 0.75281, 0.72072, 0.77679
0.50411, 0.52947, 0.75506, 0.71171, 0.75893
0.49591, 0.52282, 0.75393, 0.73874, 0.75000
0.49656, 0.54246, 0.75955, 0.72072, 0.76786
0.51108, 0.51658, 0.75843, 0.74775, 0.75893
0.50425, 0.51776, 0.76854, 0.69369, 0.79464
0.49708, 0.50558, 0.75843, 0.74775, 0.75000
0.50435, 0.52121, 0.77079, 0.70270, 0.76786
0.49788, 0.52557, 0.76292, 0.73874, 0.75000
0.50078, 0.51986, 0.75618, 0.72072, 0.76786
0.50397, 0.49284, 0.76629, 0.75676, 0.75893
0.49950, 0.54195, 0.76517, 0.71171, 0.74107
0.49268, 0.49450, 0.76854, 0.73874, 0.77679
0.50213, 0.50270, 0.76067, 0.74775, 0.75893
0.49278, 0.51175, 0.76629, 0.73874, 0.75893
0.49231, 0.49821, 0.77303, 0.73874, 0.78571
0.49031, 0.51135, 0.76629, 0.72072, 0.77679
0.49319, 0.50565, 0.76629, 0.73874, 0.75893
0.49276, 0.51476, 0.76180, 0.71171, 0.77679
0.49470, 0.51671, 0.76517, 0.72973, 0.75893
0.49943, 0.50257, 0.76517, 0.74775, 0.75893
0.48925, 0.51722, 0.77753, 0.72072, 0.77679
0.49183, 0.50683, 0.76742, 0.71171, 0.79464
0.48901, 0.50056, 0.77528, 0.72973, 0.78571
0.49022, 0.49765, 0.76629, 0.74775, 0.75893
0.48695, 0.49192, 0.77753, 0.72973, 0.78571
0.49279, 0.51210, 0.77978, 0.72973, 0.77679
0.48609, 0.51592, 0.77191, 0.72973, 0.75000
0.49107, 0.50831, 0.77416, 0.72072, 0.77679
0.49540, 0.51978, 0.77753, 0.72072, 0.76786
0.49385, 0.48517, 0.76854, 0.74775, 0.77679
0.48872, 0.50481, 0.77079, 0.71171, 0.78571
0.48864, 0.49429, 0.77753, 0.73874, 0.78571
0.49374, 0.52548, 0.77191, 0.73874, 0.75000
0.48803, 0.51951, 0.77079, 0.72973, 0.76786
0.48895, 0.48688, 0.77640, 0.76577, 0.77679
0.48891, 0.50020, 0.76966, 0.73874, 0.75893
0.49029, 0.50592, 0.76742, 0.73874, 0.75000
0.48799, 0.49497, 0.76742, 0.73874, 0.76786
0.48614, 0.49647, 0.77640, 0.73874, 0.78571
0.48470, 0.48662, 0.77753, 0.75676, 0.77679
0.48867, 0.51487, 0.77640, 0.72072, 0.78571
0.48515, 0.48943, 0.77978, 0.74775, 0.77679
0.48658, 0.52081, 0.76966, 0.73874, 0.75000
0.48755, 0.49409, 0.76742, 0.77477, 0.75893
0.48765, 0.53212, 0.76629, 0.72072, 0.74107
0.48762, 0.50079, 0.77528, 0.75676, 0.75893
0.48569, 0.48189, 0.77640, 0.75676, 0.77679
0.48786, 0.50524, 0.77640, 0.72072, 0.78571
0.48515, 0.49674, 0.77640, 0.73874, 0.76786
0.48514, 0.48899, 0.77978, 0.74775, 0.77679
0.48796, 0.50950, 0.77753, 0.73874, 0.75893
0.49390, 0.50802, 0.77191, 0.75676, 0.76786
0.48320, 0.49893, 0.77079, 0.75676, 0.75893
0.48558, 0.50392, 0.77978, 0.73874, 0.77679
0.47923, 0.50013, 0.78427, 0.72973, 0.78571
0.48194, 0.50203, 0.77978, 0.74775, 0.76786
0.47888, 0.50868, 0.78090, 0.72973, 0.76786
0.48110, 0.48640, 0.78090, 0.74775, 0.77679
0.48324, 0.49661, 0.77978, 0.72072, 0.77679
0.48408, 0.49971, 0.78539, 0.73874, 0.76786
0.48053, 0.50849, 0.77640, 0.72072, 0.76786
0.48242, 0.49964, 0.78539, 0.74775, 0.76786
0.49009, 0.50156, 0.77303, 0.71171, 0.77679
0.48479, 0.51040, 0.77416, 0.72973, 0.77679
0.48185, 0.50871, 0.78090, 0.72072, 0.76786
0.48737, 0.50243, 0.76742, 0.74775, 0.75000
0.48280, 0.49114, 0.77978, 0.73874, 0.78571
0.48859, 0.50936, 0.77416, 0.72973, 0.76786
0.48906, 0.49113, 0.77865, 0.74775, 0.78571
0.48114, 0.50841, 0.77191, 0.69369, 0.77679
0.48470, 0.50614, 0.76966, 0.71171, 0.75893
0.48961, 0.48535, 0.77978, 0.74775, 0.78571
0.49362, 0.50026, 0.78202, 0.74775, 0.75893
0.48215, 0.48838, 0.78427, 0.74775, 0.77679
0.47983, 0.49404, 0.78315, 0.74775, 0.78571
0.48117, 0.50516, 0.78202, 0.74775, 0.76786
0.48010, 0.51191, 0.77978, 0.73874, 0.77679
0.47854, 0.50797, 0.77978, 0.71171, 0.78571
0.47902, 0.51740, 0.77640, 0.71171, 0.77679
0.47911, 0.50281, 0.78202, 0.72072, 0.77679
0.47617, 0.49001, 0.77978, 0.75676, 0.78571
0.47980, 0.51984, 0.78090, 0.72072, 0.76786
0.48506, 0.50637, 0.77865, 0.72973, 0.77679
0.47915, 0.49832, 0.78539, 0.74775, 0.77679
0.47762, 0.48580, 0.77978, 0.73874, 0.77679
0.48055, 0.50019, 0.78539, 0.74775, 0.77679
0.48271, 0.50305, 0.78427, 0.72973, 0.78571
0.47836, 0.50448, 0.78876, 0.74775, 0.76786
0.47467, 0.50027, 0.78202, 0.72973, 0.77679
0.47523, 0.49006, 0.78090, 0.75676, 0.77679
0.47520, 0.49804, 0.77753, 0.71171, 0.76786
0.47720, 0.53308, 0.76966, 0.72973, 0.78571
0.48007, 0.47925, 0.77191, 0.74775, 0.77679
0.48288, 0.53018, 0.77303, 0.70270, 0.76786
0.47953, 0.50215, 0.78315, 0.72072, 0.78571
0.48008, 0.52026, 0.77640, 0.72973, 0.76786
0.47902, 0.50185, 0.78090, 0.72973, 0.77679
0.47614, 0.50544, 0.78315, 0.73874, 0.77679
0.47400, 0.49255, 0.78427, 0.74775, 0.78571
0.48066, 0.49716, 0.78427, 0.73874, 0.78571
0.47533, 0.50156, 0.78202, 0.72072, 0.77679
0.47840, 0.50640, 0.77528, 0.72072, 0.77679
0.47329, 0.49470, 0.78876, 0.74775, 0.77679
0.47847, 0.50784, 0.77753, 0.73874, 0.76786
0.47376, 0.49302, 0.78652, 0.74775, 0.77679
0.47665, 0.50097, 0.78652, 0.73874, 0.77679
0.47632, 0.49784, 0.78764, 0.74775, 0.77679
0.47813, 0.48693, 0.78539, 0.73874, 0.77679
0.47545, 0.55593, 0.75506, 0.71171, 0.77679
0.48484, 0.48895, 0.78202, 0.75676, 0.76786
0.47675, 0.49861, 0.78315, 0.72973, 0.77679
0.47209, 0.49876, 0.77753, 0.74775, 0.78571
0.47774, 0.51071, 0.77528, 0.71171, 0.76786
0.48487, 0.49321, 0.78315, 0.74775, 0.77679
0.47355, 0.48173, 0.78315, 0.72973, 0.77679
0.47542, 0.50917, 0.78315, 0.72973, 0.76786
0.47483, 0.51177, 0.78090, 0.74775, 0.77679
0.47153, 0.49855, 0.78539, 0.72973, 0.77679
0.47514, 0.50355, 0.77978, 0.71171, 0.77679
0.47455, 0.51956, 0.77640, 0.72973, 0.76786
0.47478, 0.49418, 0.78427, 0.72072, 0.77679
0.47738, 0.51895, 0.77640, 0.72973, 0.77679
0.47656, 0.49851, 0.77416, 0.74775, 0.77679
0.47810, 0.50060, 0.77865, 0.72973, 0.76786
0.47303, 0.49274, 0.78539, 0.72973, 0.78571
0.46937, 0.49997, 0.78315, 0.73874, 0.77679
0.47258, 0.49904, 0.78427, 0.74775, 0.78571
0.47104, 0.49587, 0.78090, 0.73874, 0.77679
0.47733, 0.49927, 0.78989, 0.73874, 0.77679
0.47849, 0.51852, 0.78202, 0.72973, 0.76786
0.47402, 0.50917, 0.77528, 0.72072, 0.78571
0.46967, 0.49522, 0.78539, 0.72973, 0.78571
0.47705, 0.48091, 0.77640, 0.75676, 0.77679
0.46854, 0.50191, 0.78315, 0.73874, 0.78571
0.46937, 0.50009, 0.78539, 0.72973, 0.77679
0.46921, 0.48762, 0.78652, 0.75676, 0.78571
0.47082, 0.48776, 0.77640, 0.74775, 0.78571
0.46924, 0.49017, 0.78315, 0.72973, 0.78571
0.46655, 0.51190, 0.78427, 0.72973, 0.76786
0.46931, 0.51358, 0.78539, 0.72973, 0.77679
0.46467, 0.49599, 0.78427, 0.72973, 0.78571
0.47314, 0.50896, 0.78539, 0.72973, 0.77679
0.46879, 0.48475, 0.78876, 0.74775, 0.78571
