============================================================================================================================
Namespace(pooling='lspool', batch_size=32, lr=0.0001, epochs=200, pool_ratio=0.5, dataset='FRANKENSTEIN', edges=False, runs=10, logging='logs/02_04_24/lspool3conv_1attnnt_nosum', config='config/config.json', patience=20, seeds='config/seeds'); _CudaDeviceProperties(name='NVIDIA GeForce RTX 4060 Ti', major=8, minor=9, total_memory=16379MB, multi_processor_count=34); {'hidden_features': 128, 'nonlinearity': 'elu', 'p_dropout': 0.0, 'conv_layer': 'GraphConv', 'pre_gnn': [64, 128], 'post_gnn': [128, 64], 'pre_pool_convs': 2, 'post_pool_convs': 1} 
----------------------------------------------------------------------------------------------------------------------------
0.67756, 0.67574, 0.58028, 0.57373, 0.61290
0.67112, 0.64481, 0.59556, 0.61982, 0.58065
0.65079, 0.61740, 0.63188, 0.62903, 0.58756
0.63449, 0.61874, 0.63505, 0.64977, 0.61751
0.61613, 0.59988, 0.67887, 0.67051, 0.64286
0.60104, 0.61158, 0.66503, 0.64977, 0.61982
0.59307, 0.59328, 0.70164, 0.69585, 0.64977
0.58646, 0.58527, 0.71260, 0.68433, 0.66359
0.57464, 0.58354, 0.72326, 0.68203, 0.66590
0.56220, 0.57605, 0.72672, 0.69585, 0.67512
0.55521, 0.57762, 0.74373, 0.67281, 0.68433
0.54019, 0.58758, 0.76074, 0.68203, 0.66590
0.52989, 0.59765, 0.76074, 0.68203, 0.67742
0.51369, 0.58516, 0.77400, 0.68894, 0.66590
0.49120, 0.60956, 0.78207, 0.68203, 0.66820
0.48264, 0.60140, 0.79677, 0.68433, 0.66820
0.47232, 0.66180, 0.79677, 0.67512, 0.67512
0.44902, 0.63562, 0.80801, 0.67972, 0.65899
0.44529, 0.62177, 0.82935, 0.70507, 0.65899
0.41701, 0.68666, 0.82992, 0.68203, 0.68433
0.39939, 0.80724, 0.78841, 0.65438, 0.68894
0.40160, 0.70666, 0.85702, 0.69355, 0.67512
0.38253, 0.74726, 0.83713, 0.69585, 0.66129
0.35708, 0.74441, 0.87259, 0.66129, 0.65899
0.34410, 0.75796, 0.87547, 0.69124, 0.65207
0.32194, 0.81958, 0.87979, 0.69585, 0.64747
0.29974, 0.88282, 0.89219, 0.66590, 0.66590
0.31056, 0.90989, 0.88296, 0.68433, 0.64055
0.27280, 0.95153, 0.90430, 0.66129, 0.65438
0.26295, 0.89480, 0.89911, 0.68203, 0.63594
----------------------------------------------------------------------------------------------------------------------------
0.67924, 0.66993, 0.57567, 0.58525, 0.53917
0.65809, 0.64735, 0.63361, 0.64286, 0.61060
0.63171, 0.63467, 0.66042, 0.66590, 0.62903
0.60463, 0.65043, 0.65725, 0.64516, 0.62903
0.58423, 0.61982, 0.73105, 0.63364, 0.70276
0.55832, 0.61914, 0.74748, 0.65668, 0.69585
0.54212, 0.60939, 0.75497, 0.67972, 0.67512
0.51431, 0.62320, 0.78553, 0.67512, 0.68664
0.51557, 0.62359, 0.79331, 0.66590, 0.67742
0.47462, 0.63544, 0.81205, 0.67742, 0.67972
0.46901, 0.68933, 0.78985, 0.63134, 0.65207
0.44499, 0.67002, 0.84088, 0.68433, 0.68433
0.41423, 0.70261, 0.84952, 0.64747, 0.67512
0.37805, 0.75048, 0.83453, 0.67051, 0.67281
0.35602, 0.76441, 0.88037, 0.67742, 0.67281
0.32514, 0.87327, 0.84434, 0.65438, 0.65207
0.30511, 0.88582, 0.88758, 0.66129, 0.65899
0.26959, 0.84640, 0.91669, 0.66590, 0.68433
0.23747, 0.95445, 0.91756, 0.64747, 0.67512
0.22286, 1.18330, 0.86163, 0.64747, 0.66820
0.22774, 1.06664, 0.93226, 0.65899, 0.67051
0.19570, 1.24179, 0.90487, 0.63134, 0.64286
0.16728, 1.20866, 0.96627, 0.66129, 0.66820
0.13585, 1.34922, 0.96195, 0.61290, 0.64747
0.10965, 1.50542, 0.97809, 0.63134, 0.65668
0.10932, 1.48887, 0.97896, 0.65207, 0.64286
0.10676, 1.66031, 0.98559, 0.61521, 0.65899
----------------------------------------------------------------------------------------------------------------------------
0.68457, 0.68294, 0.55751, 0.54608, 0.52995
0.67592, 0.66934, 0.59095, 0.56452, 0.55760
0.65749, 0.63232, 0.61459, 0.61521, 0.58525
0.64121, 0.62076, 0.60623, 0.61290, 0.55760
0.63576, 0.61257, 0.64197, 0.65207, 0.61982
0.62727, 0.61939, 0.64630, 0.63134, 0.61521
0.62365, 0.60971, 0.64601, 0.63594, 0.62212
0.62135, 0.61492, 0.64889, 0.63825, 0.63825
0.61271, 0.60015, 0.66561, 0.66359, 0.63594
0.61743, 0.60691, 0.67916, 0.67281, 0.64286
0.60351, 0.60007, 0.69127, 0.69355, 0.65899
0.59316, 0.58009, 0.69876, 0.70276, 0.65438
0.58922, 0.67151, 0.64082, 0.59908, 0.59908
0.59700, 0.62400, 0.67483, 0.63825, 0.64516
0.58385, 0.59835, 0.70798, 0.71198, 0.66590
0.58394, 0.60404, 0.69588, 0.67281, 0.62212
0.57530, 0.61839, 0.69963, 0.64977, 0.64516
0.56608, 0.61988, 0.72009, 0.67512, 0.61982
0.56124, 0.61829, 0.72845, 0.68664, 0.63364
0.56143, 0.62613, 0.72153, 0.66129, 0.63364
0.54621, 0.66045, 0.70597, 0.64516, 0.60599
0.53425, 0.61761, 0.75757, 0.69816, 0.64516
0.52384, 0.63776, 0.74805, 0.67281, 0.64977
0.51789, 0.70768, 0.71634, 0.67512, 0.63594
0.50637, 0.66279, 0.77256, 0.66820, 0.65207
0.49300, 0.65618, 0.77054, 0.67512, 0.64055
0.49171, 0.67781, 0.75440, 0.69355, 0.64977
0.48840, 0.65278, 0.76766, 0.68894, 0.66820
0.46706, 0.66170, 0.79187, 0.68894, 0.64055
0.46419, 0.70482, 0.79533, 0.66590, 0.67512
0.45977, 0.67549, 0.78639, 0.66820, 0.65899
0.44683, 0.68067, 0.81695, 0.68203, 0.65438
----------------------------------------------------------------------------------------------------------------------------
0.68457, 0.68294, 0.55751, 0.54608, 0.52995
0.67589, 0.66936, 0.59152, 0.56452, 0.55991
0.65758, 0.63297, 0.61459, 0.61060, 0.58525
0.64121, 0.61977, 0.60911, 0.61060, 0.56221
0.63671, 0.61317, 0.63765, 0.65438, 0.61521
0.62759, 0.62279, 0.64514, 0.63134, 0.61751
0.62362, 0.61089, 0.64428, 0.63364, 0.61751
0.62161, 0.61461, 0.65091, 0.63134, 0.63364
0.61305, 0.60121, 0.66561, 0.66359, 0.63134
0.61674, 0.60604, 0.68060, 0.67972, 0.63825
0.60291, 0.60451, 0.69213, 0.69124, 0.64977
0.59418, 0.57736, 0.69847, 0.70046, 0.65438
0.58934, 0.66950, 0.64399, 0.60599, 0.59447
0.59674, 0.62474, 0.67310, 0.63825, 0.64516
0.58367, 0.60025, 0.70712, 0.70507, 0.66129
0.58360, 0.60019, 0.69645, 0.66129, 0.63825
0.57597, 0.60820, 0.70568, 0.67281, 0.63594
0.56578, 0.62098, 0.71865, 0.68664, 0.62212
0.55864, 0.61454, 0.72961, 0.68664, 0.64516
0.55731, 0.62206, 0.72269, 0.66820, 0.63825
0.54234, 0.66413, 0.70971, 0.65668, 0.62212
0.53070, 0.61730, 0.75440, 0.68664, 0.65438
0.52344, 0.63694, 0.74892, 0.67512, 0.64977
0.51697, 0.69389, 0.72874, 0.66820, 0.62673
0.50796, 0.66936, 0.76939, 0.66359, 0.64286
0.49666, 0.65046, 0.77429, 0.69355, 0.64055
0.49192, 0.66057, 0.75958, 0.68894, 0.64516
0.48674, 0.65326, 0.76420, 0.68433, 0.65668
0.46686, 0.67879, 0.79072, 0.68203, 0.62903
0.45831, 0.70457, 0.79245, 0.65438, 0.65438
0.45586, 0.66476, 0.80023, 0.67742, 0.66129
0.44240, 0.67232, 0.81464, 0.69124, 0.66129
----------------------------------------------------------------------------------------------------------------------------
0.68047, 0.68514, 0.55549, 0.54608, 0.56452
0.66306, 0.65866, 0.61689, 0.58986, 0.60138
0.63123, 0.63875, 0.66417, 0.60369, 0.62903
0.59900, 0.65025, 0.69213, 0.60599, 0.62903
0.57415, 0.67080, 0.70280, 0.59677, 0.62673
0.55478, 0.68514, 0.72788, 0.62673, 0.63134
0.53591, 0.65884, 0.76593, 0.63364, 0.63134
0.50223, 0.75213, 0.75613, 0.60369, 0.61060
0.48394, 0.72318, 0.79648, 0.61751, 0.63364
0.46967, 0.69637, 0.82473, 0.60369, 0.62673
0.43648, 0.74426, 0.83396, 0.61982, 0.63825
0.41962, 0.74301, 0.85212, 0.61751, 0.62673
0.39453, 0.79914, 0.85673, 0.61521, 0.64977
0.37261, 0.82567, 0.88008, 0.61290, 0.64747
0.34134, 0.90220, 0.88412, 0.62442, 0.64977
0.31593, 1.00367, 0.86048, 0.58525, 0.60829
0.30116, 0.94682, 0.90257, 0.61982, 0.64286
0.27309, 1.09220, 0.92563, 0.62442, 0.63825
0.24630, 1.10086, 0.93629, 0.61751, 0.65438
0.23021, 1.21339, 0.94206, 0.61982, 0.64055
0.20501, 1.22483, 0.93024, 0.59217, 0.62212
0.19297, 1.49467, 0.94696, 0.60829, 0.61982
0.15961, 1.52366, 0.95964, 0.61521, 0.65438
----------------------------------------------------------------------------------------------------------------------------
0.67732, 0.67919, 0.58576, 0.57373, 0.61982
0.67099, 0.67716, 0.59441, 0.55991, 0.60599
0.65615, 0.64576, 0.62381, 0.58295, 0.61290
0.63897, 0.64504, 0.64168, 0.64055, 0.62673
0.62713, 0.62852, 0.66302, 0.64286, 0.61290
0.61390, 0.62015, 0.67599, 0.63825, 0.63134
0.60187, 0.62101, 0.68233, 0.65899, 0.63134
0.59346, 0.63226, 0.69271, 0.64286, 0.62903
0.58201, 0.61618, 0.71029, 0.66590, 0.66359
0.57630, 0.61059, 0.71548, 0.65438, 0.63594
0.55749, 0.62130, 0.72845, 0.67742, 0.62442
0.55708, 0.61607, 0.72643, 0.68433, 0.65438
0.54076, 0.61966, 0.73105, 0.67051, 0.64055
0.53711, 0.63485, 0.74287, 0.64977, 0.64055
0.52732, 0.61640, 0.75670, 0.67281, 0.65438
0.51809, 0.62999, 0.76737, 0.67051, 0.63825
0.50075, 0.61256, 0.78120, 0.66129, 0.64747
0.49786, 0.64692, 0.77976, 0.64747, 0.64977
0.47963, 0.64259, 0.78495, 0.66359, 0.66129
0.46669, 0.62939, 0.79245, 0.66820, 0.66129
0.45953, 0.64591, 0.79764, 0.67051, 0.65438
0.44015, 0.64583, 0.81926, 0.66129, 0.66359
0.43151, 0.65304, 0.81580, 0.67051, 0.67281
0.40652, 0.73074, 0.82646, 0.67051, 0.64747
0.39218, 0.78529, 0.83453, 0.64055, 0.61521
0.39518, 0.76982, 0.84434, 0.66129, 0.64516
0.36937, 0.75719, 0.85471, 0.66129, 0.65668
0.35534, 0.77628, 0.86797, 0.65438, 0.62673
0.33065, 0.82780, 0.87633, 0.64055, 0.64286
0.33044, 0.93867, 0.87086, 0.63825, 0.62903
----------------------------------------------------------------------------------------------------------------------------
0.68094, 0.66891, 0.55664, 0.56912, 0.53917
0.66829, 0.64892, 0.57394, 0.59447, 0.56682
0.64338, 0.62256, 0.67368, 0.69585, 0.64055
0.61775, 0.59033, 0.68319, 0.69585, 0.63594
0.60962, 0.58689, 0.68896, 0.69124, 0.61290
0.58333, 0.58825, 0.69991, 0.68433, 0.65207
0.56895, 0.56626, 0.73595, 0.72120, 0.65899
0.54198, 0.56774, 0.74402, 0.71889, 0.64286
0.53155, 0.58248, 0.74200, 0.67742, 0.62903
0.50674, 0.57789, 0.77054, 0.71659, 0.63364
0.48219, 0.68060, 0.73335, 0.67972, 0.61290
0.47253, 0.60232, 0.78322, 0.69124, 0.62903
0.45220, 0.57845, 0.82762, 0.71659, 0.63364
0.43271, 0.63953, 0.83396, 0.70046, 0.63364
0.42555, 0.60537, 0.84261, 0.70968, 0.63594
0.37706, 0.63825, 0.86509, 0.69816, 0.61982
0.36971, 0.68481, 0.85961, 0.71198, 0.63364
0.33832, 0.71577, 0.86192, 0.69124, 0.60829
0.31744, 0.71273, 0.90314, 0.71429, 0.63825
0.29700, 0.84594, 0.89680, 0.68433, 0.61982
0.27922, 0.81063, 0.92707, 0.69355, 0.64516
0.27904, 0.77735, 0.91871, 0.68894, 0.62903
0.23562, 0.91994, 0.92015, 0.71889, 0.64055
0.21164, 1.04667, 0.90977, 0.70046, 0.62212
0.19902, 0.93019, 0.95128, 0.72350, 0.61521
0.19319, 1.01652, 0.94465, 0.72581, 0.61060
0.16224, 1.29623, 0.92073, 0.69355, 0.60829
----------------------------------------------------------------------------------------------------------------------------
0.68414, 0.69337, 0.51139, 0.49539, 0.48848
0.67728, 0.66628, 0.59527, 0.59908, 0.58986
0.65577, 0.64634, 0.63448, 0.62442, 0.59447
0.63632, 0.64245, 0.65494, 0.66129, 0.60829
0.62671, 0.61518, 0.63217, 0.63364, 0.61982
0.61870, 0.61722, 0.62179, 0.61060, 0.61060
0.60027, 0.62104, 0.67483, 0.63825, 0.65207
0.58709, 0.61271, 0.69242, 0.67051, 0.63825
0.58346, 0.67393, 0.67714, 0.59908, 0.61060
0.56794, 0.64983, 0.68089, 0.63594, 0.64055
0.56689, 0.61354, 0.73220, 0.64977, 0.65899
0.54783, 0.65167, 0.73681, 0.61060, 0.64516
0.54823, 0.62884, 0.74690, 0.66359, 0.66590
0.53150, 0.61930, 0.76333, 0.67281, 0.65438
0.52303, 0.62745, 0.77227, 0.66820, 0.66590
0.50273, 0.64601, 0.75151, 0.65438, 0.65207
0.49410, 0.65073, 0.78697, 0.65438, 0.66129
0.48456, 0.66003, 0.79331, 0.64977, 0.66820
0.47339, 0.65316, 0.81926, 0.64286, 0.64516
0.46870, 0.72848, 0.78755, 0.59217, 0.62673
0.45257, 0.69120, 0.82906, 0.62903, 0.63364
0.43178, 0.67442, 0.82560, 0.66820, 0.65207
0.41807, 0.71255, 0.84664, 0.65668, 0.62903
0.41226, 0.77508, 0.83079, 0.65438, 0.64286
0.38144, 0.78297, 0.84924, 0.60829, 0.65438
0.37861, 0.82835, 0.85644, 0.63364, 0.62903
0.36267, 0.82310, 0.86221, 0.65207, 0.64055
0.35947, 0.89818, 0.85990, 0.60829, 0.62903
----------------------------------------------------------------------------------------------------------------------------
0.68047, 0.68514, 0.55549, 0.54608, 0.56452
0.66305, 0.65873, 0.61603, 0.58986, 0.60138
0.63142, 0.63847, 0.66763, 0.60599, 0.62673
0.59862, 0.65452, 0.69040, 0.60599, 0.61982
0.57323, 0.67125, 0.70078, 0.61060, 0.62442
0.55356, 0.68882, 0.72788, 0.62442, 0.63134
0.53421, 0.66211, 0.75728, 0.63594, 0.62903
0.50121, 0.74567, 0.75267, 0.60599, 0.61521
0.48322, 0.72029, 0.80052, 0.61290, 0.62903
0.47046, 0.69945, 0.82214, 0.61751, 0.64055
0.43686, 0.74824, 0.82733, 0.61290, 0.63364
0.41853, 0.75050, 0.85414, 0.62903, 0.64516
0.39527, 0.79366, 0.85010, 0.61060, 0.64747
0.37490, 0.82533, 0.88440, 0.60138, 0.64516
0.34542, 0.90611, 0.88469, 0.61521, 0.64516
0.31817, 1.01211, 0.85125, 0.59447, 0.61521
0.30323, 0.96504, 0.89594, 0.59447, 0.63825
0.27298, 1.11768, 0.92880, 0.60599, 0.64516
0.24919, 1.11786, 0.93226, 0.63134, 0.64516
0.23767, 1.19960, 0.94350, 0.61290, 0.64977
0.21743, 1.18621, 0.94581, 0.60138, 0.61521
0.19282, 1.55146, 0.93543, 0.61751, 0.63364
0.15331, 1.57943, 0.95993, 0.62212, 0.64747
----------------------------------------------------------------------------------------------------------------------------
0.67665, 0.66818, 0.57394, 0.58756, 0.58525
0.67287, 0.65236, 0.58144, 0.60599, 0.61060
0.64967, 0.64414, 0.62756, 0.64286, 0.64286
0.63048, 0.64612, 0.65062, 0.61751, 0.63134
0.62438, 0.65608, 0.66071, 0.61060, 0.60829
0.60894, 0.62025, 0.67656, 0.67512, 0.66590
0.59865, 0.64020, 0.68435, 0.63134, 0.63825
0.58621, 0.63507, 0.69991, 0.62903, 0.64747
0.57428, 0.62062, 0.73479, 0.64747, 0.68433
0.56208, 0.61662, 0.73451, 0.65668, 0.66820
0.54778, 0.61754, 0.74777, 0.65668, 0.68433
0.52853, 0.62060, 0.76650, 0.64055, 0.67512
0.51313, 0.63810, 0.77515, 0.64977, 0.66820
0.50992, 0.65367, 0.72932, 0.64747, 0.65207
0.48616, 0.67673, 0.78812, 0.60829, 0.65438
0.45971, 0.71577, 0.80917, 0.63364, 0.64747
0.44634, 0.73337, 0.81695, 0.60599, 0.67281
0.42243, 0.73915, 0.82070, 0.64286, 0.67281
0.41169, 0.72516, 0.81551, 0.64747, 0.63594
0.38240, 0.77544, 0.86624, 0.63134, 0.67281
0.38350, 0.77636, 0.85875, 0.61751, 0.64055
0.34547, 0.81740, 0.88239, 0.64286, 0.65668
0.33599, 0.84453, 0.89565, 0.63364, 0.64055
0.30731, 0.83850, 0.89709, 0.62442, 0.61290
0.28706, 0.93665, 0.87460, 0.64286, 0.62442
0.26141, 0.94569, 0.92159, 0.65207, 0.60369
0.24399, 1.05153, 0.92101, 0.62903, 0.59447
0.23146, 1.10961, 0.93716, 0.63594, 0.61982
0.21831, 1.12733, 0.95272, 0.65207, 0.62673
0.18294, 1.26039, 0.92793, 0.62442, 0.61751
============================================================================================================================
Namespace(pooling='lspool', batch_size=32, lr=0.0001, epochs=200, pool_ratio=0.5, dataset='PROTEINS', edges=False, runs=10, logging='logs/02_04_24/lspool3conv_1attnnt_nosum', config='config/config.json', patience=20, seeds='config/seeds'); _CudaDeviceProperties(name='NVIDIA GeForce RTX 4060 Ti', major=8, minor=9, total_memory=16379MB, multi_processor_count=34); {'hidden_features': 128, 'nonlinearity': 'elu', 'p_dropout': 0.0, 'conv_layer': 'GraphConv', 'pre_gnn': [64, 128], 'post_gnn': [128, 64], 'pre_pool_convs': 2, 'post_pool_convs': 1} 
----------------------------------------------------------------------------------------------------------------------------
0.67411, 0.64838, 0.62247, 0.63063, 0.64286
0.64814, 0.62761, 0.65056, 0.64865, 0.66071
0.63867, 0.71158, 0.60449, 0.49550, 0.66964
0.63058, 0.65132, 0.67079, 0.63063, 0.75000
0.61682, 0.61947, 0.66067, 0.63964, 0.68750
0.60900, 0.63349, 0.68652, 0.63964, 0.63393
0.60481, 0.59797, 0.68876, 0.65766, 0.67857
0.61182, 0.61246, 0.64382, 0.64865, 0.58929
0.61179, 0.60831, 0.68539, 0.64865, 0.70536
0.59759, 0.62636, 0.68539, 0.62162, 0.68750
0.59427, 0.60582, 0.70674, 0.67568, 0.66964
0.59585, 0.60846, 0.69888, 0.65766, 0.66964
0.58378, 0.60970, 0.70449, 0.63964, 0.68750
0.58351, 0.66266, 0.68539, 0.63063, 0.70536
0.58237, 0.58968, 0.70562, 0.67568, 0.67857
0.59311, 0.59942, 0.71910, 0.67568, 0.67857
0.57535, 0.64078, 0.68989, 0.61261, 0.70536
0.57312, 0.61102, 0.69551, 0.65766, 0.71429
0.57086, 0.62950, 0.70787, 0.63063, 0.69643
0.56531, 0.61104, 0.71685, 0.66667, 0.69643
0.56418, 0.63484, 0.70674, 0.63063, 0.70536
0.57210, 0.58276, 0.71124, 0.68468, 0.69643
0.56856, 0.57707, 0.71011, 0.67568, 0.66964
0.55697, 0.58148, 0.71124, 0.67568, 0.69643
0.56259, 0.57333, 0.69663, 0.72973, 0.66071
0.56958, 0.60366, 0.72360, 0.64865, 0.70536
0.55068, 0.58307, 0.72360, 0.67568, 0.68750
0.54453, 0.57354, 0.73146, 0.71171, 0.72321
0.54916, 0.59051, 0.70787, 0.69369, 0.60714
0.54424, 0.56611, 0.74270, 0.69369, 0.66964
0.54875, 0.56184, 0.73483, 0.72072, 0.67857
0.53947, 0.60813, 0.74382, 0.70270, 0.68750
0.53207, 0.57529, 0.73371, 0.71171, 0.66964
0.54540, 0.59213, 0.71798, 0.64865, 0.70536
0.54049, 0.59087, 0.74270, 0.70270, 0.70536
0.52398, 0.57856, 0.75843, 0.70270, 0.66964
0.52594, 0.61933, 0.73371, 0.72072, 0.65179
0.53588, 0.55995, 0.75393, 0.71171, 0.66964
0.52481, 0.56555, 0.76404, 0.72072, 0.64286
0.52853, 0.59609, 0.75393, 0.72072, 0.66964
0.53058, 0.58143, 0.74382, 0.72072, 0.67857
0.52079, 0.59533, 0.73371, 0.71171, 0.68750
0.52067, 0.59934, 0.73258, 0.70270, 0.66964
0.51974, 0.57154, 0.75618, 0.71171, 0.70536
0.51034, 0.59162, 0.76292, 0.68468, 0.69643
0.51662, 0.57264, 0.75843, 0.71171, 0.66964
0.51008, 0.58160, 0.75618, 0.72072, 0.67857
0.51287, 0.58059, 0.77191, 0.68468, 0.70536
0.49963, 0.60329, 0.73933, 0.73874, 0.65179
0.52491, 0.57948, 0.74831, 0.72072, 0.67857
0.50282, 0.58044, 0.76854, 0.70270, 0.69643
0.50641, 0.55970, 0.76180, 0.72973, 0.70536
0.49965, 0.58344, 0.76404, 0.71171, 0.69643
0.50817, 0.55886, 0.76966, 0.73874, 0.67857
0.49248, 0.60780, 0.76180, 0.72973, 0.69643
0.48970, 0.59461, 0.77191, 0.74775, 0.68750
0.49019, 0.60926, 0.78090, 0.73874, 0.69643
0.49022, 0.61122, 0.75955, 0.76577, 0.67857
0.49944, 0.58544, 0.78202, 0.70270, 0.72321
0.48842, 0.58785, 0.75281, 0.72072, 0.69643
0.52298, 0.59014, 0.72135, 0.72072, 0.65179
0.51060, 0.55844, 0.75730, 0.68468, 0.72321
0.50331, 0.58565, 0.77191, 0.72973, 0.69643
0.48396, 0.60179, 0.78090, 0.73874, 0.73214
0.47862, 0.57811, 0.77865, 0.73874, 0.75000
0.47627, 0.58675, 0.78652, 0.76577, 0.69643
0.47470, 0.57493, 0.77191, 0.72072, 0.71429
0.49476, 0.56675, 0.78764, 0.72072, 0.71429
0.47594, 0.62094, 0.78989, 0.72072, 0.73214
0.47181, 0.55194, 0.77528, 0.72973, 0.71429
0.47319, 0.61242, 0.78876, 0.73874, 0.75893
0.46665, 0.63276, 0.78539, 0.69369, 0.71429
0.46997, 0.58918, 0.79775, 0.72973, 0.68750
0.45680, 0.58398, 0.80000, 0.75676, 0.71429
0.45513, 0.61163, 0.79326, 0.69369, 0.69643
0.45726, 0.60459, 0.78989, 0.74775, 0.73214
0.46103, 0.64200, 0.76742, 0.69369, 0.66964
0.47597, 0.56860, 0.78315, 0.75676, 0.75000
0.47188, 0.58701, 0.80000, 0.71171, 0.69643
0.45315, 0.61903, 0.81348, 0.69369, 0.71429
0.45610, 0.58999, 0.79326, 0.70270, 0.74107
0.47201, 0.57416, 0.79213, 0.74775, 0.76786
0.46062, 0.64293, 0.78202, 0.63964, 0.71429
0.45484, 0.59360, 0.80337, 0.72973, 0.74107
0.44169, 0.62533, 0.80337, 0.72072, 0.70536
0.43783, 0.64201, 0.78539, 0.66667, 0.70536
0.45018, 0.60560, 0.81011, 0.69369, 0.68750
0.45705, 0.58991, 0.74831, 0.72072, 0.68750
0.47703, 0.58585, 0.78539, 0.72072, 0.75000
0.44379, 0.62203, 0.80899, 0.68468, 0.75893
----------------------------------------------------------------------------------------------------------------------------
0.63804, 0.61562, 0.61461, 0.62162, 0.58929
0.61358, 0.56253, 0.69326, 0.70270, 0.68750
0.58309, 0.58138, 0.65730, 0.63063, 0.61607
0.59710, 0.54885, 0.72472, 0.71171, 0.66964
0.57482, 0.54399, 0.69775, 0.64865, 0.66071
0.56585, 0.51725, 0.72697, 0.74775, 0.68750
0.57313, 0.54555, 0.72472, 0.72072, 0.66071
0.57671, 0.52372, 0.72809, 0.75676, 0.66071
0.55709, 0.50970, 0.73483, 0.76577, 0.67857
0.55343, 0.51999, 0.73258, 0.76577, 0.68750
0.55361, 0.51284, 0.71348, 0.71171, 0.70536
0.54867, 0.51555, 0.72584, 0.74775, 0.67857
0.55490, 0.51765, 0.71798, 0.73874, 0.71429
0.55062, 0.53603, 0.71348, 0.71171, 0.70536
0.53856, 0.48958, 0.73596, 0.77477, 0.66071
0.54067, 0.49747, 0.74944, 0.76577, 0.66071
0.56102, 0.49390, 0.74157, 0.77477, 0.66964
0.53765, 0.49344, 0.75281, 0.77477, 0.69643
0.52900, 0.48952, 0.75730, 0.75676, 0.68750
0.52787, 0.48825, 0.75618, 0.76577, 0.69643
0.52848, 0.49806, 0.77303, 0.79279, 0.70536
0.53468, 0.52130, 0.71798, 0.71171, 0.68750
0.52829, 0.48093, 0.76067, 0.78378, 0.70536
0.52332, 0.47949, 0.76629, 0.78378, 0.67857
0.52362, 0.54258, 0.73146, 0.75676, 0.65179
0.54628, 0.47677, 0.75393, 0.79279, 0.68750
0.52540, 0.54407, 0.71910, 0.72072, 0.67857
0.52389, 0.48578, 0.77191, 0.77477, 0.69643
0.50652, 0.48165, 0.77640, 0.78378, 0.70536
0.51271, 0.50105, 0.78427, 0.79279, 0.70536
0.50952, 0.50306, 0.76629, 0.75676, 0.70536
0.51266, 0.48479, 0.78652, 0.76577, 0.72321
0.52106, 0.47862, 0.78764, 0.80180, 0.71429
0.49689, 0.60206, 0.73483, 0.72072, 0.69643
0.50919, 0.49869, 0.78202, 0.80180, 0.71429
0.50409, 0.51489, 0.75955, 0.72973, 0.66964
0.50909, 0.51096, 0.79213, 0.77477, 0.69643
0.49295, 0.52916, 0.77303, 0.74775, 0.69643
0.49260, 0.56328, 0.76067, 0.72072, 0.68750
0.50797, 0.48512, 0.78764, 0.78378, 0.70536
0.48783, 0.47826, 0.79663, 0.79279, 0.71429
0.48210, 0.54603, 0.77753, 0.76577, 0.71429
0.50577, 0.50613, 0.80337, 0.78378, 0.72321
0.48740, 0.52484, 0.79101, 0.77477, 0.70536
0.47828, 0.54924, 0.79663, 0.76577, 0.69643
0.48421, 0.51884, 0.80112, 0.76577, 0.69643
----------------------------------------------------------------------------------------------------------------------------
0.65725, 0.64914, 0.62360, 0.65766, 0.64286
0.63795, 0.60927, 0.66292, 0.69369, 0.74107
0.62286, 0.60264, 0.66742, 0.66667, 0.70536
0.61624, 0.62108, 0.68090, 0.62162, 0.68750
0.62008, 0.61983, 0.67079, 0.69369, 0.72321
0.62684, 0.59668, 0.68090, 0.66667, 0.76786
0.62476, 0.58765, 0.66966, 0.68468, 0.75893
0.61818, 0.57969, 0.67528, 0.69369, 0.73214
0.60855, 0.56472, 0.68539, 0.68468, 0.72321
0.60398, 0.55480, 0.68090, 0.71171, 0.72321
0.61526, 0.57743, 0.64719, 0.68468, 0.67857
0.61250, 0.60093, 0.68427, 0.69369, 0.74107
0.60332, 0.59424, 0.67865, 0.69369, 0.74107
0.60118, 0.54870, 0.66067, 0.69369, 0.74107
0.59829, 0.55785, 0.68989, 0.72973, 0.72321
0.59165, 0.54689, 0.69101, 0.72072, 0.72321
0.59608, 0.54727, 0.69438, 0.72973, 0.72321
0.58945, 0.57505, 0.70674, 0.72973, 0.72321
0.59106, 0.55168, 0.71124, 0.72072, 0.71429
0.58391, 0.55238, 0.69888, 0.70270, 0.71429
0.58948, 0.57688, 0.69775, 0.70270, 0.71429
0.57841, 0.55696, 0.69101, 0.72072, 0.77679
0.58859, 0.53311, 0.70787, 0.72973, 0.71429
0.58161, 0.57248, 0.67191, 0.70270, 0.68750
0.58396, 0.53575, 0.71461, 0.72973, 0.68750
0.58239, 0.53640, 0.71348, 0.72072, 0.75000
0.57866, 0.53729, 0.70449, 0.68468, 0.73214
0.57561, 0.54841, 0.72472, 0.67568, 0.74107
0.57610, 0.52649, 0.70787, 0.72072, 0.72321
0.58363, 0.55231, 0.70449, 0.73874, 0.69643
0.58798, 0.52658, 0.70899, 0.69369, 0.72321
0.57950, 0.56044, 0.70787, 0.69369, 0.72321
0.58776, 0.57393, 0.69326, 0.71171, 0.67857
0.58168, 0.60931, 0.67303, 0.64865, 0.67857
0.57001, 0.57442, 0.70899, 0.67568, 0.70536
0.57205, 0.53566, 0.69663, 0.70270, 0.77679
0.58507, 0.52840, 0.69101, 0.69369, 0.75000
0.57422, 0.52852, 0.71124, 0.69369, 0.74107
0.56274, 0.50763, 0.71910, 0.72973, 0.74107
0.55674, 0.52040, 0.72360, 0.72072, 0.75000
0.55970, 0.52165, 0.74494, 0.71171, 0.76786
0.55501, 0.53069, 0.73708, 0.71171, 0.77679
0.55132, 0.51585, 0.71910, 0.72973, 0.72321
0.54869, 0.51700, 0.72472, 0.73874, 0.71429
0.55142, 0.56790, 0.71461, 0.68468, 0.74107
0.55488, 0.52487, 0.72022, 0.73874, 0.69643
0.54734, 0.50558, 0.73146, 0.74775, 0.73214
0.54629, 0.49240, 0.73596, 0.72973, 0.74107
0.55440, 0.54389, 0.72921, 0.72973, 0.75000
0.54587, 0.50016, 0.73371, 0.73874, 0.75000
0.54916, 0.49791, 0.73933, 0.72072, 0.74107
0.53207, 0.51126, 0.74157, 0.73874, 0.73214
0.54897, 0.49219, 0.73371, 0.72072, 0.73214
0.54001, 0.50725, 0.73933, 0.72973, 0.75000
0.53845, 0.55306, 0.72360, 0.70270, 0.73214
0.54491, 0.52464, 0.73933, 0.72973, 0.73214
0.53528, 0.49888, 0.75169, 0.73874, 0.75893
0.53060, 0.49896, 0.74494, 0.72072, 0.74107
0.52935, 0.54610, 0.72809, 0.72973, 0.73214
0.53809, 0.48944, 0.74944, 0.73874, 0.75000
0.52785, 0.52993, 0.74045, 0.72072, 0.73214
0.53446, 0.49758, 0.73933, 0.72072, 0.73214
0.53215, 0.51618, 0.74607, 0.73874, 0.75000
0.53554, 0.52281, 0.72921, 0.72072, 0.73214
0.52461, 0.55132, 0.73258, 0.71171, 0.75000
0.53738, 0.51728, 0.75393, 0.72973, 0.75000
0.52527, 0.52801, 0.75169, 0.70270, 0.78571
0.53141, 0.55519, 0.73708, 0.67568, 0.77679
0.51785, 0.50406, 0.75056, 0.72973, 0.75893
0.51778, 0.51706, 0.74157, 0.72973, 0.76786
0.53606, 0.54013, 0.75056, 0.71171, 0.77679
0.51974, 0.49411, 0.74382, 0.72973, 0.75000
0.52513, 0.49996, 0.73258, 0.73874, 0.75893
0.52865, 0.56500, 0.74719, 0.72072, 0.75000
0.51464, 0.51180, 0.75393, 0.73874, 0.76786
0.53026, 0.52943, 0.75281, 0.74775, 0.77679
0.51756, 0.49343, 0.75281, 0.71171, 0.77679
0.51211, 0.50216, 0.75281, 0.72973, 0.77679
0.51057, 0.49521, 0.75843, 0.72072, 0.78571
0.51203, 0.52025, 0.75281, 0.73874, 0.75893
----------------------------------------------------------------------------------------------------------------------------
0.65593, 0.65011, 0.62697, 0.65766, 0.64286
0.64032, 0.60834, 0.66292, 0.67568, 0.74107
0.62413, 0.60888, 0.68315, 0.63063, 0.68750
0.61583, 0.61348, 0.68539, 0.63964, 0.69643
0.62007, 0.59597, 0.67416, 0.70270, 0.74107
0.62710, 0.60049, 0.69326, 0.67568, 0.75893
0.62069, 0.59047, 0.66629, 0.68468, 0.72321
0.61852, 0.58441, 0.67640, 0.66667, 0.72321
0.60627, 0.56045, 0.67640, 0.71171, 0.73214
0.60173, 0.55173, 0.68202, 0.70270, 0.70536
0.61064, 0.58561, 0.64719, 0.68468, 0.67857
0.61115, 0.61343, 0.68539, 0.68468, 0.71429
0.60370, 0.60056, 0.67416, 0.70270, 0.73214
0.60219, 0.55230, 0.66180, 0.69369, 0.72321
0.59557, 0.55413, 0.68989, 0.72072, 0.74107
0.59005, 0.54424, 0.69551, 0.72973, 0.73214
0.59559, 0.54212, 0.69551, 0.73874, 0.74107
0.58996, 0.57271, 0.71236, 0.75676, 0.72321
0.59357, 0.55466, 0.70337, 0.72072, 0.71429
0.58013, 0.55386, 0.70112, 0.69369, 0.73214
0.58882, 0.58398, 0.70112, 0.70270, 0.71429
0.57955, 0.55340, 0.68539, 0.71171, 0.77679
0.58666, 0.53117, 0.70337, 0.71171, 0.71429
0.58411, 0.57885, 0.67191, 0.69369, 0.68750
0.58666, 0.53240, 0.71011, 0.75676, 0.68750
0.58297, 0.54103, 0.71236, 0.68468, 0.75000
0.57770, 0.54515, 0.70449, 0.68468, 0.73214
0.57514, 0.54484, 0.72135, 0.70270, 0.75893
0.57588, 0.52576, 0.70899, 0.72973, 0.73214
0.58268, 0.54466, 0.71236, 0.74775, 0.71429
0.57797, 0.52778, 0.70112, 0.70270, 0.69643
0.57960, 0.55603, 0.72022, 0.70270, 0.73214
0.58455, 0.56589, 0.69213, 0.72072, 0.67857
0.58134, 0.61189, 0.67416, 0.65766, 0.68750
0.56717, 0.57237, 0.71236, 0.67568, 0.71429
0.57018, 0.53384, 0.69438, 0.67568, 0.72321
0.58219, 0.52826, 0.69101, 0.68468, 0.75893
0.57038, 0.52850, 0.71011, 0.70270, 0.71429
0.56061, 0.50346, 0.71910, 0.73874, 0.72321
0.55438, 0.51759, 0.72809, 0.71171, 0.73214
0.55696, 0.50662, 0.74494, 0.72973, 0.75893
0.55552, 0.52847, 0.73258, 0.71171, 0.76786
0.55050, 0.52947, 0.72360, 0.72973, 0.71429
0.54817, 0.52523, 0.72921, 0.74775, 0.72321
0.55002, 0.56772, 0.71461, 0.69369, 0.72321
0.54977, 0.52823, 0.72135, 0.73874, 0.72321
0.54521, 0.51687, 0.73034, 0.73874, 0.72321
0.54317, 0.50118, 0.74719, 0.73874, 0.74107
0.55174, 0.55741, 0.73258, 0.69369, 0.71429
0.54100, 0.50225, 0.74944, 0.75676, 0.75000
0.54904, 0.50450, 0.74270, 0.74775, 0.74107
0.53165, 0.51786, 0.74494, 0.75676, 0.75000
0.54672, 0.50048, 0.72921, 0.72072, 0.74107
0.53944, 0.52400, 0.73708, 0.75676, 0.75893
0.53832, 0.57039, 0.72584, 0.69369, 0.73214
0.54430, 0.52950, 0.73708, 0.72973, 0.75893
0.53211, 0.50625, 0.75169, 0.74775, 0.75893
0.53701, 0.51805, 0.75730, 0.72072, 0.76786
0.53028, 0.55997, 0.73258, 0.71171, 0.69643
0.53481, 0.51952, 0.75056, 0.72973, 0.76786
0.52917, 0.55387, 0.73483, 0.69369, 0.72321
0.53077, 0.50533, 0.74045, 0.72072, 0.72321
0.52713, 0.51875, 0.74944, 0.73874, 0.74107
0.53306, 0.53755, 0.73371, 0.70270, 0.73214
0.52480, 0.55736, 0.73483, 0.71171, 0.71429
0.53457, 0.51736, 0.75393, 0.72973, 0.75893
0.52502, 0.52250, 0.75730, 0.71171, 0.75893
0.53098, 0.54896, 0.73820, 0.69369, 0.77679
0.51358, 0.50654, 0.74831, 0.70270, 0.75893
0.51874, 0.50693, 0.75169, 0.72072, 0.76786
0.53095, 0.52948, 0.75393, 0.70270, 0.79464
0.51736, 0.50085, 0.74045, 0.72072, 0.75000
0.52029, 0.52094, 0.71573, 0.70270, 0.74107
----------------------------------------------------------------------------------------------------------------------------
0.70123, 0.65975, 0.68090, 0.67568, 0.65179
0.62536, 0.64414, 0.69551, 0.65766, 0.60714
0.60940, 0.63215, 0.70225, 0.65766, 0.61607
0.59147, 0.62133, 0.70674, 0.65766, 0.61607
0.57473, 0.58296, 0.72247, 0.72072, 0.67857
0.57000, 0.59429, 0.71011, 0.70270, 0.66071
0.56525, 0.57552, 0.71685, 0.72973, 0.67857
0.56644, 0.57433, 0.71348, 0.72072, 0.65179
0.56737, 0.62204, 0.72247, 0.65766, 0.64286
0.55804, 0.55392, 0.73933, 0.72973, 0.66964
0.55276, 0.55589, 0.74831, 0.71171, 0.66964
0.54760, 0.56872, 0.73933, 0.71171, 0.66964
0.54544, 0.58138, 0.74831, 0.73874, 0.67857
0.53020, 0.54564, 0.76180, 0.72072, 0.68750
0.52824, 0.55249, 0.74944, 0.76577, 0.66964
0.52525, 0.58997, 0.75169, 0.72072, 0.68750
0.52434, 0.55110, 0.76180, 0.72973, 0.65179
0.52602, 0.59972, 0.75056, 0.72973, 0.67857
0.52229, 0.58000, 0.76292, 0.72072, 0.67857
0.50903, 0.56804, 0.76517, 0.72973, 0.66071
0.51042, 0.61577, 0.77303, 0.70270, 0.66964
0.51811, 0.58890, 0.76180, 0.71171, 0.64286
0.50773, 0.61274, 0.75730, 0.67568, 0.68750
0.52084, 0.67008, 0.73596, 0.68468, 0.69643
0.53978, 0.61704, 0.73933, 0.71171, 0.67857
0.51547, 0.57126, 0.76517, 0.72072, 0.69643
0.50351, 0.56485, 0.78764, 0.71171, 0.66964
0.51086, 0.58956, 0.78202, 0.72072, 0.67857
0.49407, 0.56643, 0.71798, 0.71171, 0.63393
0.52260, 0.59782, 0.76854, 0.68468, 0.65179
0.50371, 0.60289, 0.78652, 0.71171, 0.66071
0.49425, 0.60459, 0.77640, 0.69369, 0.68750
0.49528, 0.55369, 0.78315, 0.77477, 0.66071
0.50142, 0.58108, 0.79438, 0.70270, 0.68750
----------------------------------------------------------------------------------------------------------------------------
0.66935, 0.62332, 0.60337, 0.61261, 0.59821
0.65389, 0.62070, 0.65506, 0.64865, 0.60714
0.64241, 0.59729, 0.64382, 0.65766, 0.58929
0.64611, 0.61130, 0.65843, 0.68468, 0.62500
0.62801, 0.57876, 0.63146, 0.65766, 0.59821
0.61269, 0.60190, 0.69438, 0.71171, 0.63393
0.62512, 0.56840, 0.66629, 0.69369, 0.60714
0.60712, 0.57974, 0.66742, 0.68468, 0.58929
0.61892, 0.57079, 0.67640, 0.70270, 0.60714
0.62762, 0.61036, 0.66629, 0.69369, 0.61607
0.61499, 0.57024, 0.69663, 0.69369, 0.68750
0.58928, 0.55844, 0.70449, 0.72973, 0.67857
0.59491, 0.57728, 0.66854, 0.69369, 0.62500
0.59323, 0.56327, 0.68876, 0.72072, 0.65179
0.59106, 0.56577, 0.68876, 0.73874, 0.66071
0.57945, 0.55280, 0.68315, 0.71171, 0.66071
0.57967, 0.52598, 0.69213, 0.75676, 0.65179
0.58928, 0.54729, 0.70000, 0.74775, 0.61607
0.58376, 0.56169, 0.70112, 0.71171, 0.64286
0.58161, 0.56854, 0.70674, 0.73874, 0.65179
0.57718, 0.53636, 0.70337, 0.75676, 0.67857
0.56499, 0.54053, 0.69551, 0.72973, 0.66964
0.57430, 0.55822, 0.69326, 0.76577, 0.66964
0.57989, 0.53486, 0.70449, 0.76577, 0.66964
0.56415, 0.51225, 0.71348, 0.77477, 0.66071
0.56413, 0.54312, 0.71011, 0.78378, 0.62500
0.56410, 0.52379, 0.71798, 0.75676, 0.67857
0.55343, 0.51555, 0.71798, 0.79279, 0.64286
0.55947, 0.54553, 0.70225, 0.72072, 0.67857
0.56079, 0.52769, 0.72022, 0.77477, 0.64286
0.55205, 0.52171, 0.68539, 0.75676, 0.65179
0.57059, 0.53686, 0.70000, 0.73874, 0.66071
0.55926, 0.49478, 0.71798, 0.79279, 0.66964
0.55576, 0.51898, 0.70000, 0.73874, 0.64286
0.54477, 0.48868, 0.73258, 0.80180, 0.66071
0.55263, 0.50933, 0.72022, 0.80180, 0.67857
0.54909, 0.50461, 0.73258, 0.78378, 0.70536
0.55670, 0.52118, 0.73034, 0.75676, 0.66964
0.54906, 0.51390, 0.72135, 0.75676, 0.68750
0.55923, 0.51397, 0.73146, 0.78378, 0.66071
0.55134, 0.51590, 0.73371, 0.76577, 0.66071
0.53941, 0.52627, 0.71236, 0.75676, 0.67857
0.55451, 0.50023, 0.73820, 0.81081, 0.67857
0.54290, 0.50471, 0.73933, 0.75676, 0.71429
0.53792, 0.48957, 0.73708, 0.79279, 0.70536
0.54412, 0.49598, 0.73258, 0.80180, 0.72321
0.53678, 0.50711, 0.73258, 0.74775, 0.66964
0.55564, 0.52059, 0.71685, 0.74775, 0.67857
0.53882, 0.51912, 0.72809, 0.79279, 0.69643
0.53319, 0.49355, 0.74045, 0.77477, 0.72321
0.52801, 0.50607, 0.75506, 0.80180, 0.70536
0.52686, 0.49730, 0.74944, 0.78378, 0.69643
0.52435, 0.50193, 0.73708, 0.76577, 0.71429
0.52994, 0.50835, 0.75056, 0.78378, 0.72321
0.52735, 0.49546, 0.74607, 0.77477, 0.70536
----------------------------------------------------------------------------------------------------------------------------
0.66479, 0.58429, 0.61685, 0.67568, 0.58929
0.61588, 0.56124, 0.67079, 0.71171, 0.68750
0.60720, 0.58474, 0.71461, 0.72973, 0.73214
0.59152, 0.56188, 0.72697, 0.72072, 0.73214
0.58289, 0.54456, 0.72697, 0.72072, 0.68750
0.57592, 0.57559, 0.73820, 0.68468, 0.71429
0.58260, 0.55248, 0.70787, 0.74775, 0.67857
0.55750, 0.54354, 0.73034, 0.72973, 0.69643
0.56871, 0.61545, 0.72360, 0.66667, 0.66964
0.55199, 0.58020, 0.74719, 0.69369, 0.69643
0.54923, 0.53343, 0.71798, 0.72973, 0.69643
0.55482, 0.54052, 0.75169, 0.72072, 0.68750
0.53110, 0.60142, 0.73034, 0.68468, 0.68750
0.54527, 0.54344, 0.75056, 0.72072, 0.69643
0.52622, 0.53547, 0.76180, 0.73874, 0.67857
0.53290, 0.53617, 0.76854, 0.73874, 0.66964
0.57847, 0.54249, 0.68652, 0.76577, 0.66071
0.54705, 0.59754, 0.74719, 0.69369, 0.69643
0.52962, 0.52484, 0.72472, 0.76577, 0.68750
0.53725, 0.57475, 0.77191, 0.70270, 0.69643
0.53425, 0.61373, 0.75618, 0.66667, 0.67857
0.52344, 0.51551, 0.73596, 0.74775, 0.68750
0.52209, 0.57220, 0.76854, 0.72072, 0.70536
0.52004, 0.52942, 0.76404, 0.75676, 0.66071
0.51167, 0.54322, 0.77978, 0.74775, 0.67857
0.50994, 0.53673, 0.77865, 0.73874, 0.66071
0.51579, 0.60300, 0.75618, 0.67568, 0.67857
0.51513, 0.51136, 0.76854, 0.75676, 0.67857
0.50008, 0.53503, 0.78652, 0.76577, 0.66964
0.51158, 0.57557, 0.77753, 0.68468, 0.68750
0.50817, 0.54458, 0.78764, 0.74775, 0.66071
0.51665, 0.51437, 0.76180, 0.74775, 0.68750
0.53215, 0.52424, 0.77865, 0.74775, 0.66071
0.50192, 0.53062, 0.78876, 0.77477, 0.66071
0.49572, 0.53957, 0.78090, 0.74775, 0.67857
0.49540, 0.51738, 0.77303, 0.75676, 0.66071
0.51325, 0.52341, 0.74607, 0.77477, 0.68750
0.50637, 0.55971, 0.79101, 0.72973, 0.67857
0.49085, 0.53095, 0.78876, 0.74775, 0.65179
0.49111, 0.54583, 0.78989, 0.76577, 0.66071
0.49465, 0.52888, 0.77528, 0.72973, 0.66071
0.50191, 0.59478, 0.78539, 0.68468, 0.67857
0.50312, 0.62391, 0.77079, 0.66667, 0.68750
0.49654, 0.53351, 0.78989, 0.74775, 0.66071
0.48614, 0.53161, 0.78876, 0.75676, 0.65179
0.48575, 0.51216, 0.76742, 0.73874, 0.67857
0.50357, 0.55533, 0.79888, 0.73874, 0.66964
0.47383, 0.52940, 0.76180, 0.74775, 0.67857
----------------------------------------------------------------------------------------------------------------------------
0.67828, 0.73002, 0.61011, 0.58559, 0.61607
0.63803, 0.62311, 0.66854, 0.67568, 0.64286
0.61471, 0.61802, 0.68989, 0.69369, 0.71429
0.61262, 0.62255, 0.66292, 0.68468, 0.60714
0.61415, 0.59444, 0.68652, 0.73874, 0.68750
0.59278, 0.67239, 0.68427, 0.63063, 0.68750
0.60290, 0.63686, 0.68652, 0.66667, 0.70536
0.60008, 0.60931, 0.69551, 0.71171, 0.68750
0.59109, 0.62038, 0.70000, 0.72072, 0.68750
0.58929, 0.61074, 0.71011, 0.71171, 0.70536
0.59208, 0.68687, 0.69438, 0.67568, 0.70536
0.59673, 0.63676, 0.67978, 0.69369, 0.66964
0.60107, 0.66540, 0.71011, 0.66667, 0.67857
0.57989, 0.62969, 0.71910, 0.71171, 0.71429
0.57469, 0.66665, 0.71011, 0.65766, 0.70536
0.57611, 0.63201, 0.71573, 0.68468, 0.70536
0.57064, 0.73453, 0.68764, 0.62162, 0.67857
0.59339, 0.68199, 0.69775, 0.68468, 0.65179
0.57995, 0.65505, 0.70787, 0.68468, 0.66071
0.58228, 0.66146, 0.66629, 0.63964, 0.64286
0.57695, 0.68163, 0.71124, 0.64865, 0.68750
0.56570, 0.67095, 0.72022, 0.70270, 0.67857
0.56085, 0.65665, 0.72022, 0.67568, 0.69643
0.55558, 0.65411, 0.73034, 0.72973, 0.68750
0.56234, 0.63420, 0.71124, 0.67568, 0.71429
----------------------------------------------------------------------------------------------------------------------------
0.70123, 0.65976, 0.68090, 0.67568, 0.65179
0.62536, 0.64414, 0.69551, 0.65766, 0.60714
0.60940, 0.63197, 0.70112, 0.65766, 0.61607
0.59146, 0.62150, 0.70674, 0.65766, 0.61607
0.57476, 0.58310, 0.72247, 0.72072, 0.67857
0.56968, 0.59263, 0.71011, 0.69369, 0.66071
0.56524, 0.57476, 0.71685, 0.72973, 0.67857
0.56598, 0.57434, 0.71461, 0.72072, 0.65179
0.56745, 0.62335, 0.72022, 0.65766, 0.64286
0.55786, 0.55192, 0.73596, 0.72072, 0.66964
0.55279, 0.55779, 0.74719, 0.72072, 0.65179
0.54727, 0.57052, 0.73820, 0.71171, 0.65179
0.54802, 0.58316, 0.74719, 0.73874, 0.66964
0.53145, 0.54845, 0.76180, 0.70270, 0.67857
0.52673, 0.55645, 0.75056, 0.76577, 0.66964
0.52597, 0.59003, 0.75056, 0.71171, 0.67857
0.52486, 0.55089, 0.76067, 0.72973, 0.65179
0.52660, 0.60404, 0.75506, 0.72072, 0.66071
0.52046, 0.57397, 0.77079, 0.71171, 0.67857
0.50904, 0.57555, 0.76854, 0.72973, 0.66071
0.50990, 0.61551, 0.76292, 0.69369, 0.67857
0.51711, 0.58942, 0.76292, 0.71171, 0.65179
0.50593, 0.61989, 0.75281, 0.66667, 0.69643
0.52211, 0.66995, 0.73708, 0.70270, 0.69643
0.54028, 0.61167, 0.73708, 0.72072, 0.67857
0.51474, 0.57746, 0.77191, 0.72072, 0.68750
0.50251, 0.56699, 0.78315, 0.71171, 0.66964
0.50089, 0.59565, 0.78202, 0.71171, 0.66964
0.49506, 0.56357, 0.70337, 0.69369, 0.64286
0.52601, 0.57408, 0.77978, 0.71171, 0.65179
0.50345, 0.59471, 0.78764, 0.71171, 0.66071
0.49474, 0.60623, 0.77865, 0.69369, 0.69643
0.49820, 0.55314, 0.78090, 0.76577, 0.64286
0.50063, 0.57085, 0.79438, 0.73874, 0.65179
----------------------------------------------------------------------------------------------------------------------------
0.66194, 0.66078, 0.61236, 0.56757, 0.59821
0.63792, 0.65206, 0.64045, 0.60360, 0.65179
0.61661, 0.62794, 0.66854, 0.63964, 0.69643
0.60527, 0.63531, 0.66517, 0.63063, 0.68750
0.60070, 0.60457, 0.68539, 0.62162, 0.67857
0.58900, 0.60439, 0.68539, 0.63063, 0.68750
0.58218, 0.61144, 0.69663, 0.63964, 0.75000
0.58726, 0.60309, 0.69888, 0.64865, 0.73214
0.57517, 0.58922, 0.70899, 0.66667, 0.67857
0.57653, 0.57746, 0.70674, 0.67568, 0.69643
0.57408, 0.58947, 0.69438, 0.66667, 0.64286
0.57996, 0.60346, 0.70337, 0.67568, 0.67857
0.57952, 0.58936, 0.70899, 0.66667, 0.71429
0.56062, 0.60922, 0.70225, 0.65766, 0.72321
0.58406, 0.57637, 0.73371, 0.67568, 0.71429
0.55435, 0.60529, 0.72247, 0.67568, 0.67857
0.56492, 0.64276, 0.71236, 0.66667, 0.66964
0.55738, 0.57056, 0.72472, 0.68468, 0.69643
0.54422, 0.57407, 0.73933, 0.69369, 0.71429
0.54366, 0.57236, 0.73596, 0.72072, 0.74107
0.53986, 0.57067, 0.72697, 0.71171, 0.74107
0.53525, 0.57238, 0.74831, 0.71171, 0.72321
0.53651, 0.56764, 0.75618, 0.71171, 0.74107
0.52985, 0.56596, 0.74607, 0.72072, 0.70536
0.52638, 0.59375, 0.75393, 0.69369, 0.71429
0.52871, 0.57744, 0.73258, 0.72072, 0.72321
0.53029, 0.55328, 0.75843, 0.72973, 0.73214
0.52476, 0.57305, 0.75056, 0.70270, 0.71429
0.52081, 0.54949, 0.75281, 0.72072, 0.75000
0.52320, 0.54668, 0.75169, 0.75676, 0.75000
0.52241, 0.55570, 0.75730, 0.72072, 0.75000
0.52565, 0.53037, 0.76404, 0.74775, 0.72321
0.52421, 0.53565, 0.76966, 0.72072, 0.73214
0.50811, 0.54286, 0.76629, 0.77477, 0.74107
0.53240, 0.54611, 0.72022, 0.72072, 0.75893
0.50799, 0.54877, 0.76517, 0.72973, 0.73214
0.50545, 0.54405, 0.77303, 0.72072, 0.74107
0.49638, 0.53333, 0.78315, 0.72072, 0.75000
0.50350, 0.55121, 0.75281, 0.71171, 0.75000
0.49813, 0.56020, 0.76517, 0.73874, 0.72321
0.49411, 0.56762, 0.77191, 0.73874, 0.72321
0.50150, 0.55606, 0.76629, 0.71171, 0.73214
0.50403, 0.56387, 0.75843, 0.72973, 0.75000
0.49067, 0.54022, 0.76742, 0.74775, 0.74107
0.48614, 0.56879, 0.77753, 0.73874, 0.72321
0.48050, 0.56287, 0.78652, 0.73874, 0.74107
0.49353, 0.56141, 0.78202, 0.73874, 0.74107
0.47643, 0.56082, 0.78764, 0.76577, 0.73214
0.47569, 0.53416, 0.78539, 0.75676, 0.72321
0.49518, 0.54202, 0.78315, 0.74775, 0.72321
0.47569, 0.55514, 0.78315, 0.74775, 0.76786
0.46966, 0.53250, 0.78989, 0.76577, 0.74107
============================================================================================================================
Namespace(pooling='lspool', batch_size=32, lr=0.0001, epochs=200, pool_ratio=0.5, dataset='Mutagenicity', edges=False, runs=10, logging='logs/02_04_24/lspool3conv_1attnnt_nosum', config='config/config.json', patience=20, seeds='config/seeds'); _CudaDeviceProperties(name='NVIDIA GeForce RTX 4060 Ti', major=8, minor=9, total_memory=16379MB, multi_processor_count=34); {'hidden_features': 128, 'nonlinearity': 'elu', 'p_dropout': 0.0, 'conv_layer': 'GraphConv', 'pre_gnn': [64, 128], 'post_gnn': [128, 64], 'pre_pool_convs': 2, 'post_pool_convs': 1} 
----------------------------------------------------------------------------------------------------------------------------
0.68505, 0.67678, 0.55693, 0.55991, 0.52074
0.66548, 0.62720, 0.64803, 0.66359, 0.64055
0.61965, 0.64183, 0.66157, 0.62212, 0.68433
0.59516, 0.60264, 0.69444, 0.65899, 0.69816
0.57648, 0.61550, 0.70308, 0.64977, 0.72120
0.56086, 0.57269, 0.72153, 0.66820, 0.72120
0.55000, 0.55712, 0.73710, 0.67281, 0.73733
0.53351, 0.54532, 0.74085, 0.69816, 0.72811
0.52914, 0.54502, 0.74085, 0.68894, 0.73733
0.53014, 0.57362, 0.72182, 0.69816, 0.72581
0.53165, 0.54515, 0.74777, 0.69816, 0.73963
0.51107, 0.53821, 0.75094, 0.70737, 0.73963
0.51942, 0.53038, 0.76045, 0.71659, 0.75115
0.50868, 0.51737, 0.75641, 0.73041, 0.74885
0.50715, 0.52510, 0.76247, 0.72120, 0.74424
0.51706, 0.55114, 0.73825, 0.70507, 0.73733
0.50303, 0.53412, 0.76045, 0.71429, 0.75576
0.49701, 0.52196, 0.76564, 0.71198, 0.75806
0.49251, 0.51541, 0.76852, 0.74424, 0.74424
0.49374, 0.55532, 0.74431, 0.72120, 0.71659
0.49714, 0.52544, 0.75930, 0.72581, 0.74194
0.48571, 0.52429, 0.76276, 0.72811, 0.74424
0.48991, 0.51170, 0.76622, 0.75806, 0.75576
0.48591, 0.49686, 0.77861, 0.74885, 0.76267
0.48485, 0.51260, 0.77371, 0.74885, 0.73963
0.48208, 0.53860, 0.74690, 0.73963, 0.74194
0.48407, 0.50495, 0.78120, 0.74424, 0.76267
0.47464, 0.49726, 0.77371, 0.77650, 0.76959
0.47148, 0.48338, 0.78351, 0.76267, 0.76267
0.47377, 0.50413, 0.77544, 0.76037, 0.76498
0.46677, 0.47945, 0.79129, 0.77880, 0.76267
0.47157, 0.50099, 0.78351, 0.75806, 0.76728
0.47055, 0.48369, 0.79302, 0.75346, 0.76959
0.46666, 0.51009, 0.77486, 0.74885, 0.75115
0.46185, 0.48308, 0.79216, 0.78341, 0.77650
0.45997, 0.50729, 0.78985, 0.76498, 0.74885
0.45333, 0.48772, 0.79302, 0.76728, 0.77880
0.45512, 0.46973, 0.79418, 0.77189, 0.75576
0.46749, 0.50828, 0.78899, 0.75115, 0.75576
0.46024, 0.48278, 0.79331, 0.78111, 0.78341
0.45641, 0.48153, 0.79447, 0.75806, 0.77880
0.44901, 0.47946, 0.80167, 0.77880, 0.77650
0.45574, 0.48741, 0.79302, 0.77419, 0.78341
0.45048, 0.49802, 0.80254, 0.76959, 0.75806
0.44361, 0.52398, 0.77515, 0.73733, 0.74424
0.44529, 0.47981, 0.80917, 0.78341, 0.77419
0.44783, 0.48618, 0.80167, 0.77419, 0.76959
0.45322, 0.46932, 0.80340, 0.78111, 0.77880
0.44205, 0.48851, 0.80686, 0.76728, 0.78341
0.44706, 0.47130, 0.80830, 0.78341, 0.78111
0.43726, 0.49005, 0.80023, 0.78571, 0.76037
0.43403, 0.48810, 0.79908, 0.76728, 0.77189
0.43664, 0.46740, 0.81118, 0.76728, 0.76498
0.43843, 0.48561, 0.80830, 0.77650, 0.75115
0.43348, 0.49579, 0.80455, 0.76267, 0.75115
0.43638, 0.48400, 0.81666, 0.77880, 0.75576
0.42721, 0.47649, 0.81493, 0.77880, 0.76037
0.43280, 0.52410, 0.79072, 0.74424, 0.73733
0.42451, 0.47535, 0.81954, 0.77189, 0.76267
0.41490, 0.47723, 0.82358, 0.77189, 0.76498
0.41905, 0.48311, 0.81118, 0.78802, 0.75346
0.41949, 0.48019, 0.81291, 0.77650, 0.79263
0.41979, 0.50570, 0.80340, 0.75115, 0.75346
0.42631, 0.48080, 0.81118, 0.77189, 0.76728
0.41836, 0.46903, 0.81320, 0.79493, 0.77650
0.41646, 0.46815, 0.82819, 0.78341, 0.76498
0.41344, 0.46877, 0.82992, 0.78111, 0.76498
0.41667, 0.46777, 0.82185, 0.79263, 0.78571
0.40948, 0.48122, 0.81897, 0.78111, 0.77650
0.40949, 0.47702, 0.82416, 0.76959, 0.77189
0.40591, 0.47463, 0.83021, 0.78341, 0.76498
0.41195, 0.50404, 0.82790, 0.76037, 0.73963
0.42448, 0.48480, 0.82790, 0.77189, 0.77419
----------------------------------------------------------------------------------------------------------------------------
0.67232, 0.60338, 0.67455, 0.66820, 0.67512
0.59439, 0.59435, 0.70164, 0.69124, 0.72120
0.57683, 0.57990, 0.70308, 0.67972, 0.68894
0.56395, 0.56885, 0.71462, 0.71429, 0.70276
0.54893, 0.56951, 0.71058, 0.70968, 0.69355
0.54231, 0.56191, 0.73768, 0.73272, 0.71889
0.53444, 0.54554, 0.74287, 0.74654, 0.72581
0.53514, 0.53745, 0.74142, 0.73272, 0.72811
0.52102, 0.54335, 0.73278, 0.74424, 0.72581
0.51343, 0.53163, 0.74056, 0.73502, 0.73502
0.50844, 0.52407, 0.76247, 0.73963, 0.74424
0.50521, 0.52009, 0.76276, 0.75115, 0.74885
0.50323, 0.52384, 0.75209, 0.74654, 0.76267
0.50305, 0.50870, 0.75295, 0.76728, 0.74424
0.49876, 0.54140, 0.74056, 0.72811, 0.74654
0.48553, 0.55246, 0.74777, 0.73272, 0.73502
0.49414, 0.49879, 0.77890, 0.76498, 0.76728
0.48115, 0.49828, 0.77342, 0.76498, 0.75576
0.49031, 0.50728, 0.76852, 0.75346, 0.76267
0.47632, 0.49652, 0.78178, 0.77880, 0.77189
0.47212, 0.49978, 0.76910, 0.76959, 0.76498
0.46846, 0.48177, 0.79274, 0.78571, 0.77419
0.46662, 0.49163, 0.77083, 0.76498, 0.76037
0.46427, 0.48315, 0.79331, 0.78802, 0.74654
0.46022, 0.49158, 0.78812, 0.77880, 0.76959
0.46528, 0.48541, 0.79562, 0.77650, 0.75346
0.45344, 0.47324, 0.80427, 0.78111, 0.76959
0.44902, 0.47147, 0.79619, 0.78571, 0.77650
0.46031, 0.46613, 0.79879, 0.79263, 0.77650
0.46164, 0.49591, 0.79447, 0.77419, 0.77650
0.44611, 0.47867, 0.80052, 0.78111, 0.77650
0.44263, 0.47611, 0.79706, 0.76959, 0.77189
0.44314, 0.44802, 0.80542, 0.80415, 0.77419
0.44184, 0.47578, 0.80484, 0.78571, 0.78111
0.43507, 0.45788, 0.81695, 0.79032, 0.78111
0.43646, 0.47688, 0.80167, 0.77880, 0.77189
0.43210, 0.47398, 0.80628, 0.78571, 0.77419
0.43660, 0.46296, 0.81090, 0.78111, 0.77419
0.43010, 0.45640, 0.82070, 0.78571, 0.79493
0.42862, 0.45322, 0.81810, 0.77419, 0.77419
0.42939, 0.45528, 0.82127, 0.79032, 0.79493
0.43168, 0.44879, 0.82099, 0.79493, 0.78571
0.42029, 0.46132, 0.81320, 0.78802, 0.77650
0.42297, 0.48446, 0.79389, 0.76037, 0.75806
0.43536, 0.45549, 0.81551, 0.79032, 0.78571
0.42608, 0.49138, 0.79591, 0.75806, 0.75346
0.42892, 0.46003, 0.81897, 0.77650, 0.77880
0.41935, 0.46241, 0.81493, 0.79032, 0.77880
0.41305, 0.44959, 0.82012, 0.78571, 0.77189
0.40766, 0.45145, 0.82502, 0.79493, 0.78341
0.41412, 0.45539, 0.83569, 0.78802, 0.79263
0.40926, 0.46577, 0.82041, 0.78571, 0.79493
0.42484, 0.45746, 0.82416, 0.79724, 0.78341
----------------------------------------------------------------------------------------------------------------------------
0.68311, 0.67628, 0.56241, 0.56221, 0.51613
0.66922, 0.65691, 0.62468, 0.59908, 0.61290
0.63948, 0.63707, 0.64255, 0.60829, 0.59677
0.60011, 0.62957, 0.68031, 0.64747, 0.65438
0.58463, 0.62245, 0.69530, 0.64516, 0.66590
0.56654, 0.62184, 0.70741, 0.64747, 0.67051
0.56100, 0.62729, 0.70308, 0.64516, 0.68664
0.55298, 0.64246, 0.69011, 0.63364, 0.63364
0.56364, 0.60562, 0.72326, 0.65899, 0.68433
0.53690, 0.61262, 0.73710, 0.65438, 0.70046
0.52813, 0.60695, 0.74114, 0.66359, 0.69355
0.52460, 0.61805, 0.75353, 0.66129, 0.69585
0.51621, 0.58279, 0.75786, 0.68433, 0.68203
0.51204, 0.60669, 0.73941, 0.68203, 0.70276
0.51202, 0.58432, 0.75641, 0.69585, 0.70046
0.50420, 0.59556, 0.74459, 0.69124, 0.70737
0.50028, 0.57863, 0.77025, 0.71659, 0.70737
0.49253, 0.57527, 0.77169, 0.71659, 0.67972
0.49139, 0.57115, 0.77313, 0.71659, 0.70968
0.48677, 0.57340, 0.78178, 0.70737, 0.68664
0.48370, 0.56892, 0.77659, 0.72120, 0.69816
0.48509, 0.57504, 0.78784, 0.72811, 0.71198
0.48041, 0.57306, 0.78409, 0.71659, 0.70968
0.47511, 0.56115, 0.78207, 0.73502, 0.70968
0.47894, 0.58691, 0.76074, 0.69585, 0.71429
0.46945, 0.59032, 0.75958, 0.70276, 0.70276
0.47584, 0.56007, 0.78755, 0.74424, 0.71198
0.46552, 0.59996, 0.76160, 0.70046, 0.70046
0.46636, 0.57598, 0.77948, 0.73733, 0.70046
0.46589, 0.55880, 0.78784, 0.74194, 0.72581
0.46259, 0.56740, 0.78928, 0.73963, 0.72811
0.46114, 0.56457, 0.78928, 0.73041, 0.70507
0.45931, 0.58950, 0.77515, 0.71198, 0.71429
0.46138, 0.56370, 0.78956, 0.73502, 0.70507
0.45594, 0.55760, 0.80023, 0.74885, 0.73272
0.46049, 0.56454, 0.78582, 0.73963, 0.71889
0.45094, 0.55510, 0.79908, 0.75115, 0.72581
0.44398, 0.55709, 0.79677, 0.74885, 0.74194
0.44165, 0.57016, 0.80052, 0.76037, 0.72581
0.44898, 0.58608, 0.77457, 0.71198, 0.69355
0.46302, 0.57264, 0.79735, 0.74654, 0.71429
0.44077, 0.56395, 0.80369, 0.76498, 0.73502
0.44988, 0.55443, 0.80801, 0.74654, 0.73502
0.45084, 0.60200, 0.77198, 0.70046, 0.70968
0.45263, 0.55126, 0.80398, 0.76728, 0.74424
0.43328, 0.55484, 0.80628, 0.76728, 0.74885
0.42952, 0.55765, 0.80830, 0.74654, 0.73733
0.42509, 0.58602, 0.79965, 0.73963, 0.74654
0.44086, 0.56020, 0.80715, 0.76728, 0.73733
0.42679, 0.56017, 0.81666, 0.76498, 0.74654
0.42621, 0.55554, 0.81263, 0.76267, 0.75576
0.43561, 0.55450, 0.79677, 0.73733, 0.73502
0.42671, 0.55280, 0.81580, 0.75115, 0.75346
0.42300, 0.56582, 0.80138, 0.73733, 0.72581
0.43778, 0.55321, 0.80657, 0.73963, 0.73272
0.42421, 0.54815, 0.81954, 0.77189, 0.75806
0.41754, 0.58526, 0.80254, 0.74654, 0.73041
0.42052, 0.63163, 0.76247, 0.72350, 0.71429
0.42635, 0.56464, 0.81263, 0.73272, 0.74654
0.42858, 0.63509, 0.75930, 0.70968, 0.69355
0.41554, 0.58298, 0.80167, 0.76037, 0.73963
0.41258, 0.53759, 0.81868, 0.78571, 0.74885
0.41358, 0.55297, 0.81954, 0.76959, 0.74194
0.41681, 0.56956, 0.82617, 0.77650, 0.76037
0.41625, 0.54532, 0.82531, 0.75346, 0.77189
0.40034, 0.56866, 0.82070, 0.76267, 0.77189
0.40745, 0.56484, 0.82214, 0.77880, 0.75576
0.41857, 0.59238, 0.80542, 0.74654, 0.72811
0.40878, 0.55924, 0.82502, 0.75806, 0.76728
0.40969, 0.56575, 0.81695, 0.75576, 0.75115
0.41440, 0.55270, 0.81291, 0.74424, 0.73041
0.39931, 0.53091, 0.82589, 0.77419, 0.76959
0.39927, 0.56808, 0.82012, 0.75576, 0.75576
0.40201, 0.55060, 0.83108, 0.77189, 0.76959
0.40186, 0.55239, 0.83309, 0.79032, 0.77419
0.40213, 0.56735, 0.79418, 0.73963, 0.72581
0.40472, 0.59886, 0.79677, 0.74194, 0.72581
0.39481, 0.53649, 0.83684, 0.78111, 0.76498
0.40111, 0.54347, 0.82300, 0.76498, 0.75346
0.40572, 0.54069, 0.82675, 0.77189, 0.76267
0.39130, 0.54801, 0.83540, 0.78802, 0.77419
0.40674, 0.53105, 0.82156, 0.77189, 0.75576
0.39542, 0.54317, 0.83886, 0.78341, 0.77419
0.39274, 0.54220, 0.83655, 0.78571, 0.77650
0.39162, 0.55163, 0.83396, 0.77880, 0.77650
0.39809, 0.55527, 0.83252, 0.78341, 0.76959
0.39418, 0.58703, 0.80427, 0.76959, 0.73502
0.39038, 0.57705, 0.83194, 0.77419, 0.75576
0.39519, 0.56772, 0.83396, 0.77189, 0.77419
0.38879, 0.54770, 0.83598, 0.77419, 0.76037
0.38886, 0.52891, 0.83915, 0.79032, 0.77419
0.38228, 0.53969, 0.83886, 0.78111, 0.77189
0.38226, 0.57459, 0.81291, 0.75806, 0.73963
0.38838, 0.57664, 0.81781, 0.76267, 0.74424
0.38456, 0.56897, 0.83309, 0.76728, 0.76267
0.38021, 0.58354, 0.83223, 0.76267, 0.76728
0.37453, 0.59695, 0.81003, 0.75576, 0.73502
0.39290, 0.56887, 0.81551, 0.75346, 0.73963
0.38078, 0.56633, 0.82502, 0.76959, 0.75346
0.38823, 0.53883, 0.83684, 0.77419, 0.76498
0.37895, 0.54668, 0.84059, 0.78802, 0.78111
0.37043, 0.57683, 0.81695, 0.76267, 0.74424
0.37593, 0.56850, 0.84318, 0.79263, 0.77419
0.37530, 0.53231, 0.83771, 0.77880, 0.76728
0.36726, 0.55798, 0.83828, 0.79263, 0.76959
0.36740, 0.56007, 0.85154, 0.79493, 0.78802
0.37545, 0.54785, 0.85414, 0.78341, 0.77880
0.36384, 0.55214, 0.84808, 0.78111, 0.78341
0.37433, 0.55132, 0.83799, 0.77880, 0.77189
0.37535, 0.54822, 0.84952, 0.78802, 0.78111
0.36965, 0.56925, 0.83136, 0.77419, 0.75806
----------------------------------------------------------------------------------------------------------------------------
0.68331, 0.67715, 0.56385, 0.56221, 0.51613
0.66843, 0.65564, 0.62669, 0.60138, 0.61290
0.63878, 0.63852, 0.64111, 0.60829, 0.59908
0.60002, 0.62729, 0.67685, 0.64286, 0.64516
0.58399, 0.62263, 0.69040, 0.64516, 0.67281
0.56756, 0.62155, 0.70654, 0.64286, 0.66820
0.56055, 0.62531, 0.70424, 0.64055, 0.70046
0.55382, 0.64238, 0.69011, 0.62673, 0.63825
0.56358, 0.60493, 0.72528, 0.66359, 0.67972
0.53790, 0.61176, 0.73883, 0.65207, 0.69816
0.52828, 0.60919, 0.73998, 0.67972, 0.69355
0.52582, 0.62206, 0.75065, 0.66590, 0.70276
0.51592, 0.58425, 0.75930, 0.68664, 0.68664
0.51256, 0.60980, 0.73624, 0.67742, 0.70507
0.51375, 0.58462, 0.75065, 0.69585, 0.69816
0.50316, 0.59441, 0.74488, 0.69124, 0.70276
0.50148, 0.57659, 0.77371, 0.71198, 0.70276
0.49375, 0.57323, 0.77285, 0.71889, 0.67972
0.49144, 0.56971, 0.77486, 0.72581, 0.71429
0.48706, 0.57305, 0.78005, 0.71198, 0.67972
0.48294, 0.57078, 0.78005, 0.71889, 0.70046
0.48596, 0.57524, 0.78812, 0.73041, 0.71429
0.48082, 0.57436, 0.78293, 0.72350, 0.69816
0.47554, 0.56146, 0.78438, 0.74194, 0.71889
0.47792, 0.58206, 0.76304, 0.69355, 0.70737
0.46912, 0.59054, 0.75872, 0.70968, 0.70507
0.47469, 0.55864, 0.78956, 0.73272, 0.71659
0.46458, 0.59851, 0.76189, 0.71429, 0.70276
0.46624, 0.58357, 0.78265, 0.72120, 0.69355
0.46590, 0.55533, 0.78639, 0.73502, 0.72120
0.46255, 0.56419, 0.79129, 0.72811, 0.72811
0.46081, 0.56442, 0.78466, 0.73041, 0.70507
0.45935, 0.58632, 0.78063, 0.71889, 0.72120
0.45983, 0.56295, 0.79014, 0.73502, 0.70737
0.45538, 0.55419, 0.80081, 0.75346, 0.73272
0.45893, 0.56059, 0.78668, 0.73041, 0.73041
0.44935, 0.55575, 0.79648, 0.75115, 0.72350
0.44302, 0.54869, 0.79850, 0.74885, 0.73733
0.44137, 0.56507, 0.80254, 0.75806, 0.73272
0.44948, 0.57375, 0.78005, 0.72120, 0.69585
0.46106, 0.57118, 0.79648, 0.75115, 0.72811
0.43953, 0.56047, 0.80254, 0.75806, 0.73272
0.44779, 0.54921, 0.80801, 0.75115, 0.73733
0.45021, 0.60352, 0.77313, 0.70276, 0.72120
0.45211, 0.54927, 0.80455, 0.76959, 0.74194
0.43383, 0.54722, 0.80686, 0.76267, 0.74424
0.42958, 0.55499, 0.80830, 0.75576, 0.73963
0.42479, 0.57161, 0.80283, 0.74424, 0.74424
0.44061, 0.55275, 0.81090, 0.76037, 0.73502
0.42713, 0.55105, 0.81291, 0.77650, 0.74424
0.42597, 0.55041, 0.81637, 0.76267, 0.74194
0.43680, 0.55173, 0.79850, 0.74654, 0.73041
0.42891, 0.54280, 0.81493, 0.75346, 0.74654
0.42268, 0.56279, 0.80023, 0.74194, 0.72350
0.43854, 0.54466, 0.80830, 0.75346, 0.74424
0.42556, 0.54197, 0.81753, 0.75346, 0.74654
0.41559, 0.58204, 0.80427, 0.75346, 0.72350
0.42046, 0.62935, 0.75555, 0.71198, 0.69585
0.42693, 0.55709, 0.81897, 0.74424, 0.74194
0.42760, 0.63181, 0.75728, 0.71429, 0.69355
0.41552, 0.57532, 0.81090, 0.76728, 0.73041
0.41209, 0.53138, 0.82358, 0.78111, 0.74885
0.41338, 0.53975, 0.82041, 0.77419, 0.75346
0.41731, 0.56659, 0.82041, 0.77189, 0.75346
0.41424, 0.53305, 0.82502, 0.76037, 0.76498
0.40244, 0.56047, 0.82272, 0.75806, 0.74885
0.40597, 0.55925, 0.82300, 0.76728, 0.74885
0.41746, 0.58454, 0.80657, 0.75346, 0.71429
0.40794, 0.55306, 0.82646, 0.76037, 0.76728
0.40715, 0.55991, 0.82387, 0.76728, 0.76037
0.41158, 0.54903, 0.81205, 0.75806, 0.73502
0.39851, 0.53216, 0.82935, 0.76728, 0.77650
0.39732, 0.56829, 0.81695, 0.74424, 0.76037
0.40184, 0.54844, 0.83079, 0.77650, 0.76728
0.40117, 0.54833, 0.83194, 0.77880, 0.76959
0.39954, 0.56774, 0.79331, 0.74194, 0.71429
0.40262, 0.59551, 0.79274, 0.74654, 0.71659
0.39327, 0.53309, 0.83828, 0.78571, 0.76267
0.39941, 0.53468, 0.83108, 0.77650, 0.76267
0.40379, 0.53551, 0.82935, 0.77880, 0.75806
0.39046, 0.54402, 0.83742, 0.77650, 0.76728
0.40757, 0.53417, 0.82387, 0.76037, 0.76959
----------------------------------------------------------------------------------------------------------------------------
0.67013, 0.61596, 0.66993, 0.64516, 0.64747
0.58700, 0.60008, 0.69069, 0.67512, 0.67051
0.56625, 0.60817, 0.71606, 0.66820, 0.70507
0.55758, 0.57821, 0.73624, 0.70046, 0.70737
0.54389, 0.57305, 0.74142, 0.70737, 0.71198
0.53512, 0.55609, 0.75065, 0.70737, 0.72350
0.53027, 0.55373, 0.76189, 0.73041, 0.73733
0.51816, 0.56764, 0.71980, 0.70276, 0.72120
0.50967, 0.56523, 0.70856, 0.70737, 0.68894
0.50651, 0.57587, 0.75065, 0.70968, 0.72811
0.49572, 0.53470, 0.77400, 0.73733, 0.75576
0.49587, 0.53671, 0.76420, 0.71659, 0.73733
0.49780, 0.58284, 0.76160, 0.70737, 0.71659
0.48257, 0.52829, 0.78351, 0.73502, 0.75806
0.48624, 0.53365, 0.77486, 0.74424, 0.77419
0.47500, 0.53134, 0.77803, 0.72120, 0.75346
0.46900, 0.55271, 0.78120, 0.72350, 0.74885
0.47156, 0.52228, 0.78293, 0.74654, 0.76267
0.46387, 0.52079, 0.79648, 0.74885, 0.76498
0.46727, 0.51631, 0.79764, 0.73733, 0.76728
0.46580, 0.54449, 0.79389, 0.73272, 0.76498
0.46049, 0.51827, 0.77919, 0.72811, 0.75576
0.45053, 0.52111, 0.79648, 0.74194, 0.75576
0.44316, 0.53258, 0.80138, 0.73502, 0.77650
0.44978, 0.50820, 0.80340, 0.75346, 0.77189
0.44249, 0.51819, 0.80773, 0.75806, 0.76498
0.44557, 0.50768, 0.81436, 0.75115, 0.77419
0.43823, 0.52273, 0.81147, 0.73502, 0.77419
0.43893, 0.51495, 0.81868, 0.73502, 0.77880
0.43373, 0.52274, 0.80513, 0.73963, 0.76728
0.43729, 0.51100, 0.81493, 0.74424, 0.78802
0.42901, 0.50440, 0.81551, 0.75576, 0.77419
0.44168, 0.51179, 0.81407, 0.72581, 0.79263
0.42632, 0.52704, 0.81580, 0.73041, 0.76267
0.42642, 0.49956, 0.82185, 0.76037, 0.77189
0.41952, 0.55485, 0.80254, 0.73041, 0.77419
0.42933, 0.51250, 0.81320, 0.76037, 0.75346
0.42153, 0.66974, 0.76189, 0.68894, 0.73272
0.42808, 0.52390, 0.78726, 0.72811, 0.74885
0.42374, 0.52038, 0.78495, 0.74424, 0.75346
0.42526, 0.52933, 0.81551, 0.74194, 0.77419
0.41240, 0.49527, 0.82675, 0.75576, 0.79263
0.41376, 0.49740, 0.82819, 0.75115, 0.79724
0.42050, 0.49766, 0.82070, 0.77650, 0.77189
0.41361, 0.49234, 0.82819, 0.75346, 0.79032
0.41223, 0.49182, 0.82733, 0.76037, 0.75806
0.41200, 0.51364, 0.83079, 0.73041, 0.78802
0.40156, 0.49261, 0.83367, 0.76728, 0.79724
0.40208, 0.50495, 0.83511, 0.74654, 0.79032
0.39830, 0.49016, 0.81926, 0.76498, 0.76498
0.40439, 0.49320, 0.83194, 0.76959, 0.77419
0.39597, 0.49905, 0.83828, 0.75346, 0.78341
0.40638, 0.49606, 0.82185, 0.74424, 0.76498
0.40633, 0.52514, 0.82041, 0.74654, 0.77650
0.39981, 0.50037, 0.83396, 0.75346, 0.80415
0.39625, 0.51203, 0.82502, 0.73963, 0.78802
0.38647, 0.56104, 0.81436, 0.72811, 0.75576
0.38962, 0.49604, 0.81580, 0.75346, 0.74654
0.39356, 0.48963, 0.84001, 0.76728, 0.80184
0.39728, 0.48823, 0.84520, 0.76267, 0.79263
0.40550, 0.48861, 0.83684, 0.74885, 0.77419
0.39596, 0.48878, 0.84059, 0.76728, 0.79493
0.39310, 0.48747, 0.83367, 0.76959, 0.77189
0.38876, 0.51798, 0.83338, 0.74885, 0.77650
0.38460, 0.50759, 0.84261, 0.76728, 0.79263
0.38365, 0.48693, 0.84059, 0.73733, 0.78802
0.37890, 0.50384, 0.84578, 0.76959, 0.79263
0.39025, 0.49556, 0.82617, 0.75346, 0.75806
0.38161, 0.50109, 0.84635, 0.75806, 0.80415
0.37969, 0.51373, 0.84924, 0.74424, 0.80645
0.37798, 0.50095, 0.84520, 0.76728, 0.78341
0.37672, 0.49091, 0.84952, 0.77650, 0.79263
0.37679, 0.48767, 0.84203, 0.75346, 0.78341
0.37753, 0.53009, 0.82935, 0.75806, 0.77189
0.37447, 0.47306, 0.84664, 0.76037, 0.78341
0.38552, 0.48766, 0.84059, 0.77650, 0.77880
0.37934, 0.49135, 0.85385, 0.75576, 0.81106
0.38069, 0.58600, 0.81868, 0.71659, 0.77189
0.37202, 0.48076, 0.85500, 0.76728, 0.79032
0.36756, 0.47327, 0.85212, 0.77189, 0.77880
0.36466, 0.50189, 0.84866, 0.75346, 0.79032
0.36704, 0.47965, 0.85385, 0.77419, 0.80184
0.36788, 0.49662, 0.85125, 0.76498, 0.79724
0.36904, 0.48416, 0.85097, 0.76037, 0.78802
0.38010, 0.50519, 0.85212, 0.75806, 0.79263
0.36403, 0.51773, 0.84261, 0.75115, 0.78111
0.36791, 0.50774, 0.82906, 0.75115, 0.76267
0.36345, 0.54876, 0.84261, 0.73041, 0.79032
0.36338, 0.48631, 0.85558, 0.77189, 0.78802
0.36472, 0.50417, 0.86250, 0.76037, 0.79954
0.35749, 0.49542, 0.85558, 0.77189, 0.79032
0.36212, 0.46596, 0.84722, 0.76037, 0.77650
0.37200, 0.48420, 0.85846, 0.77880, 0.79493
0.36027, 0.48371, 0.85990, 0.77880, 0.79724
0.35135, 0.46931, 0.85875, 0.76498, 0.79263
0.35712, 0.48262, 0.86221, 0.76267, 0.80415
0.35541, 0.52103, 0.85068, 0.74194, 0.81106
0.34812, 0.48025, 0.86567, 0.77419, 0.79493
0.35086, 0.49585, 0.84030, 0.76267, 0.76037
0.35979, 0.48635, 0.85068, 0.78111, 0.77419
0.35933, 0.48118, 0.86509, 0.78571, 0.80415
0.35600, 0.50011, 0.86077, 0.76267, 0.79954
0.35569, 0.46993, 0.86451, 0.77419, 0.80184
0.35580, 0.48269, 0.86365, 0.76959, 0.80415
0.34803, 0.50765, 0.86019, 0.76728, 0.81336
0.35491, 0.48614, 0.86509, 0.77189, 0.80876
0.35584, 0.48765, 0.86740, 0.76728, 0.79724
0.34617, 0.48273, 0.86797, 0.76959, 0.79954
0.34611, 0.47311, 0.86999, 0.78802, 0.80415
0.35041, 0.50623, 0.86538, 0.76959, 0.80184
0.34212, 0.49052, 0.86826, 0.77189, 0.82719
0.34443, 0.52300, 0.85904, 0.76267, 0.81336
----------------------------------------------------------------------------------------------------------------------------
0.68428, 0.68718, 0.55693, 0.52304, 0.59908
0.64436, 0.66478, 0.61949, 0.60369, 0.62442
0.61802, 0.61723, 0.65062, 0.64747, 0.64286
0.62140, 0.61454, 0.64918, 0.64516, 0.61982
0.62211, 0.66254, 0.60306, 0.57143, 0.57373
0.62661, 0.64848, 0.64514, 0.59908, 0.62673
0.62381, 0.64581, 0.64197, 0.61751, 0.61060
0.60793, 0.61902, 0.66388, 0.65668, 0.61982
0.59283, 0.60066, 0.68636, 0.66590, 0.65438
0.57830, 0.62488, 0.68377, 0.63825, 0.67281
0.57115, 0.61688, 0.70914, 0.64055, 0.68664
0.56361, 0.60598, 0.71894, 0.65438, 0.70737
0.56045, 0.59575, 0.73018, 0.65899, 0.70276
0.55656, 0.61072, 0.72586, 0.67281, 0.73041
0.54826, 0.58773, 0.73018, 0.68894, 0.75115
0.55109, 0.58209, 0.71577, 0.69816, 0.68664
0.54793, 0.60110, 0.72528, 0.68664, 0.73041
0.54537, 0.57570, 0.73278, 0.69124, 0.71659
0.54164, 0.56566, 0.74661, 0.71198, 0.72350
0.54156, 0.55970, 0.74892, 0.71889, 0.72120
0.53702, 0.57951, 0.73566, 0.69355, 0.73733
0.54227, 0.57177, 0.73537, 0.70276, 0.72581
0.53359, 0.57812, 0.74402, 0.67051, 0.72350
0.53139, 0.55784, 0.74690, 0.71889, 0.72120
0.53455, 0.56975, 0.74719, 0.70968, 0.71429
0.52702, 0.55800, 0.75295, 0.71889, 0.72811
0.52723, 0.55752, 0.75670, 0.71659, 0.74194
0.52050, 0.57047, 0.74344, 0.69585, 0.70507
0.52745, 0.55130, 0.75814, 0.71889, 0.73963
0.51865, 0.54572, 0.75786, 0.72350, 0.72811
0.51698, 0.56133, 0.75728, 0.72350, 0.73502
0.52327, 0.55252, 0.75814, 0.72581, 0.73272
0.51575, 0.55726, 0.75958, 0.72581, 0.75115
0.51981, 0.55409, 0.75872, 0.70737, 0.74194
0.51204, 0.54935, 0.74431, 0.70507, 0.71198
0.51287, 0.56512, 0.75843, 0.70276, 0.73272
0.50796, 0.54025, 0.77227, 0.72581, 0.74885
0.51260, 0.59855, 0.73393, 0.67051, 0.74424
0.51190, 0.53235, 0.75757, 0.72350, 0.73041
0.51400, 0.53467, 0.76708, 0.72811, 0.73272
0.50994, 0.54508, 0.77083, 0.72811, 0.74194
0.50546, 0.53263, 0.76679, 0.73963, 0.73041
0.49940, 0.53292, 0.77573, 0.73733, 0.74654
0.50708, 0.53823, 0.76823, 0.72120, 0.73272
0.50418, 0.54706, 0.77227, 0.70046, 0.72120
0.50053, 0.53789, 0.77285, 0.73272, 0.71889
0.50281, 0.53587, 0.77169, 0.72581, 0.73041
0.49548, 0.53424, 0.76910, 0.73272, 0.75115
0.49670, 0.53400, 0.77717, 0.72811, 0.73502
0.48960, 0.56145, 0.75238, 0.69585, 0.70737
0.49456, 0.56322, 0.76939, 0.71198, 0.73733
0.48654, 0.52718, 0.76708, 0.74424, 0.74654
0.48782, 0.53774, 0.78005, 0.73272, 0.74424
0.48692, 0.53830, 0.78726, 0.71198, 0.75115
0.48136, 0.53507, 0.79216, 0.73502, 0.73963
0.49025, 0.55485, 0.77976, 0.71889, 0.75346
0.48080, 0.53345, 0.79245, 0.72581, 0.76037
0.48087, 0.52348, 0.79274, 0.74194, 0.75346
0.47242, 0.53170, 0.77746, 0.75806, 0.73502
0.47949, 0.52762, 0.79850, 0.74885, 0.76498
0.47232, 0.53393, 0.79965, 0.74424, 0.76267
0.47475, 0.52711, 0.79591, 0.73963, 0.74654
0.46993, 0.55515, 0.77976, 0.71659, 0.75346
0.46873, 0.54938, 0.78149, 0.72120, 0.73963
0.47171, 0.54860, 0.76881, 0.70968, 0.71429
0.47390, 0.52928, 0.78870, 0.73502, 0.73733
0.46602, 0.52850, 0.80081, 0.74885, 0.75346
0.45955, 0.53800, 0.80023, 0.73272, 0.76959
0.46517, 0.55153, 0.79591, 0.71889, 0.76959
0.46522, 0.52864, 0.79302, 0.75115, 0.74194
0.46354, 0.52723, 0.80398, 0.73733, 0.76959
0.45573, 0.56796, 0.79129, 0.71429, 0.76959
0.45403, 0.53920, 0.79447, 0.72120, 0.77419
0.45760, 0.54661, 0.79965, 0.72350, 0.77880
0.44660, 0.53141, 0.80600, 0.74194, 0.74194
0.45289, 0.53177, 0.81839, 0.74654, 0.76728
0.45701, 0.53795, 0.78812, 0.73041, 0.74424
0.45851, 0.52726, 0.80917, 0.75346, 0.76498
----------------------------------------------------------------------------------------------------------------------------
0.67796, 0.68626, 0.58691, 0.58065, 0.55991
0.63793, 0.64717, 0.65840, 0.61290, 0.62673
0.62440, 0.64283, 0.66503, 0.61521, 0.64977
0.61760, 0.63154, 0.67512, 0.63364, 0.66359
0.60915, 0.62350, 0.68175, 0.65668, 0.65899
0.59568, 0.61354, 0.68954, 0.67051, 0.67972
0.58144, 0.59773, 0.71606, 0.68203, 0.72120
0.56922, 0.59494, 0.71548, 0.68664, 0.73963
0.56346, 0.58642, 0.73941, 0.69355, 0.73733
0.55824, 0.57854, 0.72672, 0.72350, 0.72350
0.55615, 0.57991, 0.73710, 0.68894, 0.75806
0.54276, 0.57375, 0.73624, 0.70737, 0.74424
0.53862, 0.56050, 0.75180, 0.69816, 0.73963
0.53177, 0.56137, 0.74748, 0.70276, 0.74424
0.52647, 0.58705, 0.73768, 0.67972, 0.74885
0.52241, 0.55332, 0.74863, 0.69816, 0.73502
0.52545, 0.54756, 0.75699, 0.72120, 0.73963
0.51277, 0.54060, 0.75987, 0.71429, 0.75346
0.51293, 0.53389, 0.76564, 0.71659, 0.75576
0.50454, 0.52417, 0.77054, 0.73041, 0.76267
0.50468, 0.54917, 0.76016, 0.68664, 0.76037
0.49738, 0.51502, 0.77573, 0.74194, 0.76267
0.49278, 0.51508, 0.77342, 0.73041, 0.75806
0.48415, 0.50652, 0.78207, 0.74194, 0.77419
0.48154, 0.50604, 0.78466, 0.73733, 0.78341
0.49034, 0.51558, 0.76794, 0.74194, 0.76728
0.47892, 0.52146, 0.78495, 0.72581, 0.76959
0.47308, 0.50066, 0.78409, 0.75806, 0.76498
0.47253, 0.52173, 0.77083, 0.72120, 0.77880
0.46911, 0.52510, 0.77342, 0.72350, 0.76037
0.46853, 0.52050, 0.78668, 0.72581, 0.76498
0.46262, 0.48888, 0.79562, 0.74885, 0.76959
0.45915, 0.52029, 0.79389, 0.72581, 0.79263
0.46412, 0.49263, 0.79619, 0.75576, 0.78341
0.45583, 0.51443, 0.79302, 0.72581, 0.78802
0.45253, 0.50976, 0.79072, 0.72811, 0.77650
0.44960, 0.53418, 0.78438, 0.73502, 0.77189
0.45739, 0.51614, 0.80196, 0.73733, 0.78571
0.45055, 0.49663, 0.80340, 0.74654, 0.78111
0.45036, 0.51349, 0.79965, 0.73733, 0.79263
0.44352, 0.49515, 0.80600, 0.74424, 0.77419
0.43942, 0.48865, 0.79792, 0.75576, 0.75806
0.43959, 0.50503, 0.80110, 0.74885, 0.76498
0.44283, 0.54250, 0.79562, 0.74654, 0.77189
0.44124, 0.50847, 0.79360, 0.74885, 0.77189
0.43945, 0.49662, 0.81493, 0.75806, 0.77650
0.43043, 0.49600, 0.81003, 0.75806, 0.78571
0.43830, 0.48234, 0.81464, 0.76498, 0.77880
0.43426, 0.47758, 0.80888, 0.76959, 0.77650
0.43023, 0.48267, 0.80744, 0.75806, 0.77419
0.43073, 0.48016, 0.80600, 0.77419, 0.78341
0.42478, 0.49995, 0.79879, 0.73733, 0.77650
0.42914, 0.47526, 0.81753, 0.77419, 0.78341
0.42996, 0.47194, 0.81234, 0.77650, 0.79724
0.42599, 0.47043, 0.81897, 0.77189, 0.79263
0.42670, 0.47156, 0.82473, 0.77650, 0.79032
0.41883, 0.48752, 0.82416, 0.77419, 0.79954
0.41771, 0.50274, 0.81205, 0.75115, 0.78571
0.41871, 0.48005, 0.82156, 0.76728, 0.79032
0.42238, 0.53063, 0.78668, 0.75576, 0.74885
0.41862, 0.48849, 0.82617, 0.76498, 0.80645
0.41504, 0.51491, 0.82704, 0.75806, 0.79493
0.41424, 0.49305, 0.82300, 0.76498, 0.80184
0.41270, 0.47324, 0.82617, 0.78802, 0.78802
0.42107, 0.46525, 0.82704, 0.76959, 0.79954
0.40933, 0.49583, 0.82589, 0.77650, 0.79954
0.41491, 0.47571, 0.82358, 0.76498, 0.79493
0.41013, 0.47702, 0.82848, 0.78571, 0.80184
0.40544, 0.50193, 0.82214, 0.75806, 0.80184
0.40995, 0.47941, 0.82473, 0.76728, 0.79493
0.40890, 0.51130, 0.82473, 0.75806, 0.80645
0.40327, 0.45962, 0.82387, 0.78571, 0.79493
0.41307, 0.48444, 0.81637, 0.76959, 0.78571
0.40260, 0.50751, 0.82358, 0.76498, 0.79493
0.42420, 0.47445, 0.82906, 0.79263, 0.79954
0.40323, 0.46565, 0.82819, 0.78802, 0.79954
0.40443, 0.47929, 0.82935, 0.77880, 0.79263
0.39628, 0.46231, 0.83453, 0.78802, 0.78571
0.40195, 0.48476, 0.83252, 0.76959, 0.79724
0.39154, 0.48792, 0.83367, 0.76959, 0.80415
0.39578, 0.48209, 0.84001, 0.77650, 0.80645
0.40022, 0.45915, 0.84001, 0.79263, 0.81567
0.39896, 0.47497, 0.83655, 0.77880, 0.79263
0.39068, 0.46228, 0.83021, 0.78571, 0.79954
0.39535, 0.49405, 0.82329, 0.76728, 0.80645
0.39516, 0.47181, 0.83771, 0.77880, 0.82028
0.38824, 0.49307, 0.82963, 0.77419, 0.80876
0.38396, 0.47491, 0.83108, 0.77189, 0.81106
0.38477, 0.48778, 0.82762, 0.78341, 0.80645
0.38539, 0.45415, 0.84030, 0.77419, 0.79954
0.38647, 0.49382, 0.83540, 0.77880, 0.80645
0.38053, 0.46694, 0.84751, 0.78802, 0.80876
0.38249, 0.48014, 0.81551, 0.77189, 0.78571
0.38808, 0.48009, 0.83136, 0.77650, 0.79032
0.37993, 0.51974, 0.83309, 0.76498, 0.81106
0.37557, 0.49879, 0.84145, 0.77880, 0.80415
0.38021, 0.48307, 0.84895, 0.78111, 0.80415
0.38456, 0.48646, 0.83626, 0.76959, 0.81567
0.38701, 0.46492, 0.84924, 0.79263, 0.81106
0.37862, 0.48547, 0.85183, 0.77189, 0.81336
0.37228, 0.48894, 0.84895, 0.78111, 0.82028
0.37013, 0.50938, 0.82070, 0.76267, 0.76498
0.37973, 0.49032, 0.85385, 0.77880, 0.81106
0.38277, 0.45521, 0.84635, 0.77189, 0.79954
0.38104, 0.46637, 0.85298, 0.79263, 0.81797
0.37045, 0.46394, 0.84203, 0.77880, 0.81567
0.37476, 0.48797, 0.85471, 0.77419, 0.81567
0.37314, 0.48402, 0.83540, 0.76037, 0.80645
0.36755, 0.50732, 0.84318, 0.77419, 0.77880
0.37356, 0.49834, 0.83943, 0.77880, 0.80645
----------------------------------------------------------------------------------------------------------------------------
0.66930, 0.64879, 0.58518, 0.61060, 0.58295
0.65638, 0.68124, 0.55001, 0.54608, 0.54378
0.66673, 0.63855, 0.65033, 0.63364, 0.63364
0.63544, 0.60813, 0.67887, 0.67051, 0.63825
0.61394, 0.60704, 0.67195, 0.67051, 0.65668
0.60252, 0.59161, 0.68492, 0.67051, 0.67742
0.59066, 0.57970, 0.69530, 0.68203, 0.70507
0.58080, 0.57341, 0.69617, 0.67742, 0.70276
0.57322, 0.56495, 0.70251, 0.70046, 0.70968
0.56477, 0.56324, 0.71000, 0.71659, 0.71429
0.55857, 0.56402, 0.71202, 0.72350, 0.70737
0.54919, 0.56346, 0.72845, 0.70737, 0.72811
0.55498, 0.55706, 0.72730, 0.72581, 0.74885
0.54531, 0.56225, 0.72528, 0.71429, 0.72350
0.54811, 0.55715, 0.72557, 0.73041, 0.74194
0.54457, 0.56229, 0.72845, 0.70968, 0.73272
0.54315, 0.55626, 0.73451, 0.72350, 0.74654
0.53569, 0.55111, 0.73047, 0.73733, 0.73963
0.53928, 0.55635, 0.72845, 0.72350, 0.73733
0.54187, 0.56038, 0.72182, 0.70968, 0.71429
0.53013, 0.55755, 0.71980, 0.71659, 0.72350
0.53320, 0.57788, 0.72038, 0.72120, 0.69816
0.52993, 0.56566, 0.72615, 0.71659, 0.72811
0.52428, 0.54121, 0.74027, 0.72350, 0.73733
0.52380, 0.54446, 0.73912, 0.73041, 0.73733
0.52923, 0.56610, 0.73508, 0.72120, 0.70968
0.52461, 0.55238, 0.74344, 0.73733, 0.74654
0.52030, 0.55612, 0.74027, 0.73502, 0.72581
0.51965, 0.54123, 0.75123, 0.74885, 0.74424
0.51427, 0.53964, 0.75872, 0.74885, 0.74424
0.51935, 0.57849, 0.72153, 0.71889, 0.68203
0.51502, 0.54109, 0.74575, 0.73733, 0.73272
0.51244, 0.55210, 0.73076, 0.72120, 0.73041
0.51300, 0.53534, 0.75123, 0.73733, 0.73041
0.50254, 0.54433, 0.73854, 0.72350, 0.73963
0.51364, 0.54760, 0.74171, 0.73272, 0.73963
0.50729, 0.56360, 0.74056, 0.72811, 0.70276
0.49526, 0.55664, 0.75468, 0.75115, 0.73502
0.50118, 0.52727, 0.76679, 0.75576, 0.73041
0.49783, 0.53835, 0.76333, 0.75115, 0.73733
0.48998, 0.52824, 0.76103, 0.75115, 0.74654
0.50346, 0.52332, 0.77083, 0.76498, 0.73272
0.48979, 0.52532, 0.77429, 0.74194, 0.73041
0.49017, 0.52262, 0.76823, 0.76498, 0.74654
0.49003, 0.55240, 0.76016, 0.75346, 0.72120
0.48666, 0.53253, 0.77371, 0.75346, 0.73041
0.48914, 0.52750, 0.77832, 0.76267, 0.73502
0.48678, 0.53208, 0.77976, 0.76959, 0.72581
0.48359, 0.51766, 0.78611, 0.76498, 0.74194
0.48118, 0.54213, 0.76506, 0.74654, 0.71429
0.48539, 0.52569, 0.77861, 0.76037, 0.72811
0.48871, 0.51955, 0.77688, 0.76728, 0.74424
0.47635, 0.52278, 0.77573, 0.75576, 0.73963
0.47963, 0.52089, 0.76420, 0.75346, 0.73733
0.48163, 0.54820, 0.77313, 0.75115, 0.73041
0.47668, 0.51513, 0.78553, 0.76267, 0.75115
0.47203, 0.52149, 0.78149, 0.76037, 0.73502
0.47142, 0.52315, 0.78466, 0.76498, 0.72581
0.46892, 0.53156, 0.78985, 0.76267, 0.73963
0.47580, 0.52395, 0.78005, 0.75576, 0.73272
0.48163, 0.52811, 0.78755, 0.76037, 0.73041
0.46481, 0.52891, 0.79418, 0.76267, 0.73733
0.46824, 0.52060, 0.79360, 0.77189, 0.74194
0.46503, 0.53016, 0.78812, 0.76959, 0.74194
0.46787, 0.51550, 0.78697, 0.77419, 0.74424
0.46576, 0.54286, 0.78582, 0.75576, 0.72581
0.46178, 0.52243, 0.79533, 0.77650, 0.74424
0.46353, 0.53647, 0.79706, 0.76959, 0.73963
0.46392, 0.53211, 0.79879, 0.76267, 0.73733
0.46341, 0.51374, 0.80023, 0.77650, 0.74194
0.46028, 0.54318, 0.75872, 0.74885, 0.74654
0.46178, 0.53080, 0.79879, 0.76498, 0.74654
0.45709, 0.52805, 0.79475, 0.75806, 0.74194
0.45622, 0.53251, 0.80167, 0.77880, 0.74885
0.45930, 0.54285, 0.79504, 0.76037, 0.74194
0.45532, 0.51699, 0.79706, 0.78571, 0.74194
0.45669, 0.54693, 0.79504, 0.75806, 0.73733
0.46518, 0.51510, 0.81090, 0.79032, 0.74424
0.45534, 0.51847, 0.80254, 0.77189, 0.74424
0.46080, 0.52621, 0.79937, 0.77189, 0.74654
0.45251, 0.51973, 0.79994, 0.77880, 0.76267
0.46478, 0.53206, 0.80369, 0.76728, 0.72811
0.44885, 0.52455, 0.80542, 0.77419, 0.75346
0.46278, 0.53559, 0.78784, 0.76959, 0.74424
0.45418, 0.50640, 0.80455, 0.77880, 0.76037
0.45023, 0.54322, 0.79187, 0.77189, 0.73963
0.46291, 0.54599, 0.75843, 0.75346, 0.74654
0.45591, 0.51067, 0.79591, 0.80184, 0.75576
0.45145, 0.51495, 0.77429, 0.76959, 0.75576
0.44984, 0.52024, 0.80196, 0.78111, 0.74194
0.44392, 0.50755, 0.80571, 0.78802, 0.75806
0.45486, 0.59323, 0.76333, 0.71429, 0.70276
0.44415, 0.56627, 0.78784, 0.75115, 0.74194
0.45120, 0.51426, 0.78207, 0.76959, 0.76037
0.45083, 0.50346, 0.80946, 0.80184, 0.77419
0.44584, 0.49791, 0.81003, 0.79954, 0.76498
0.44079, 0.51057, 0.81003, 0.77880, 0.75806
0.44093, 0.52993, 0.79792, 0.78111, 0.74654
0.44856, 0.50611, 0.81551, 0.80184, 0.74885
0.44508, 0.50960, 0.81003, 0.79032, 0.74885
0.44385, 0.50111, 0.80974, 0.79032, 0.76267
0.43708, 0.51772, 0.81032, 0.79724, 0.73272
0.44415, 0.52261, 0.80455, 0.78571, 0.73963
0.43976, 0.50131, 0.80600, 0.78111, 0.75576
0.43088, 0.50970, 0.81147, 0.80184, 0.75346
0.43392, 0.51287, 0.79619, 0.77880, 0.75806
0.43401, 0.50531, 0.81263, 0.79032, 0.74424
0.43082, 0.51570, 0.80773, 0.78341, 0.74654
0.42929, 0.49688, 0.81580, 0.79493, 0.75346
0.43184, 0.50536, 0.81753, 0.78571, 0.75346
0.43047, 0.51614, 0.81234, 0.79724, 0.74885
0.43401, 0.50249, 0.80600, 0.78571, 0.74885
0.42790, 0.50827, 0.81263, 0.79263, 0.74424
0.42682, 0.50780, 0.81954, 0.79493, 0.76037
0.42918, 0.53478, 0.78438, 0.75576, 0.74885
0.42831, 0.53201, 0.78351, 0.75576, 0.74194
0.42975, 0.50437, 0.82127, 0.79954, 0.75576
0.43014, 0.51613, 0.79129, 0.76959, 0.73733
0.43140, 0.49525, 0.81868, 0.79954, 0.75346
0.41669, 0.50455, 0.82243, 0.80415, 0.74194
0.41596, 0.49571, 0.81983, 0.80184, 0.74654
0.42690, 0.48758, 0.80801, 0.78802, 0.76728
0.42006, 0.49390, 0.82185, 0.79493, 0.76267
0.41501, 0.51756, 0.81926, 0.79263, 0.74424
0.41610, 0.51624, 0.81926, 0.78341, 0.75346
0.41848, 0.50456, 0.82387, 0.79724, 0.76037
0.42181, 0.54037, 0.80023, 0.75576, 0.75346
0.41232, 0.59482, 0.78553, 0.73502, 0.71659
0.41456, 0.50585, 0.82589, 0.79493, 0.75346
0.41271, 0.51664, 0.82733, 0.80184, 0.75115
0.42601, 0.50317, 0.81061, 0.79263, 0.75115
0.41985, 0.50825, 0.82416, 0.78571, 0.76498
0.41447, 0.50787, 0.82906, 0.79032, 0.76728
0.41106, 0.51122, 0.82589, 0.80184, 0.74654
0.40548, 0.50056, 0.82560, 0.78571, 0.75806
0.41844, 0.50412, 0.83050, 0.78571, 0.75806
0.41127, 0.50456, 0.81839, 0.79032, 0.74885
0.41505, 0.52635, 0.81954, 0.78341, 0.75806
0.41612, 0.50341, 0.82358, 0.79263, 0.75806
0.40052, 0.50248, 0.83223, 0.78341, 0.76037
0.40885, 0.49437, 0.83828, 0.79954, 0.76267
0.40188, 0.49794, 0.82502, 0.79724, 0.75346
----------------------------------------------------------------------------------------------------------------------------
0.67015, 0.61602, 0.66936, 0.64516, 0.64747
0.58673, 0.59947, 0.69040, 0.67512, 0.67281
0.56681, 0.61085, 0.71577, 0.67512, 0.69816
0.55741, 0.57759, 0.73768, 0.70276, 0.71429
0.54332, 0.57368, 0.73883, 0.70507, 0.71889
0.53413, 0.55552, 0.74777, 0.70968, 0.71659
0.52953, 0.55385, 0.76506, 0.72811, 0.74194
0.51783, 0.56934, 0.71865, 0.69816, 0.70968
0.51069, 0.56545, 0.70798, 0.70046, 0.68664
0.50667, 0.57732, 0.75267, 0.70737, 0.73502
0.49565, 0.53465, 0.77227, 0.73963, 0.75346
0.49467, 0.53941, 0.75901, 0.71659, 0.74424
0.49783, 0.58277, 0.76218, 0.70507, 0.72120
0.48199, 0.52673, 0.78380, 0.73733, 0.76267
0.48594, 0.53379, 0.77457, 0.73502, 0.76959
0.47376, 0.53387, 0.78063, 0.71659, 0.75115
0.46868, 0.55628, 0.78120, 0.72811, 0.74654
0.47030, 0.52399, 0.78063, 0.74654, 0.76267
0.46218, 0.52134, 0.79764, 0.75576, 0.75806
0.46588, 0.51692, 0.79591, 0.73733, 0.77419
0.46549, 0.54360, 0.79331, 0.72350, 0.76037
0.46073, 0.51920, 0.78063, 0.72581, 0.75806
0.44946, 0.52353, 0.79591, 0.73733, 0.75806
0.44340, 0.53327, 0.79908, 0.73272, 0.76498
0.44956, 0.51552, 0.80398, 0.75346, 0.76037
0.44353, 0.51525, 0.80946, 0.75576, 0.76037
0.44538, 0.50712, 0.81032, 0.74885, 0.76498
0.43845, 0.51582, 0.81090, 0.74654, 0.77189
0.43865, 0.51069, 0.81666, 0.74654, 0.77880
0.43523, 0.52420, 0.80167, 0.73502, 0.75806
0.43768, 0.51260, 0.81551, 0.73272, 0.77650
0.43004, 0.50366, 0.81464, 0.75115, 0.77419
0.44136, 0.50956, 0.81378, 0.74424, 0.77650
0.42688, 0.52196, 0.81378, 0.73502, 0.76728
0.42664, 0.49657, 0.82041, 0.76267, 0.77880
0.42081, 0.54680, 0.80052, 0.72581, 0.77189
0.43030, 0.50848, 0.81032, 0.76267, 0.75576
0.42533, 0.64741, 0.76449, 0.69355, 0.73963
0.42982, 0.52042, 0.78956, 0.73502, 0.75115
0.42464, 0.51505, 0.78495, 0.74654, 0.74424
0.42637, 0.51306, 0.81983, 0.75576, 0.77189
0.41501, 0.49357, 0.82790, 0.76037, 0.79263
0.41479, 0.49011, 0.82445, 0.76267, 0.78571
0.42225, 0.49423, 0.82099, 0.76498, 0.77419
0.41565, 0.49141, 0.82906, 0.76037, 0.77650
0.41435, 0.48837, 0.82358, 0.75346, 0.75115
0.41326, 0.51941, 0.82560, 0.73272, 0.79263
0.40360, 0.48763, 0.83453, 0.78571, 0.77419
0.40461, 0.50248, 0.83223, 0.76037, 0.78341
0.39896, 0.48857, 0.81983, 0.76959, 0.77650
0.40644, 0.49178, 0.83194, 0.76728, 0.77880
0.39645, 0.49882, 0.84145, 0.76959, 0.78802
0.40855, 0.49767, 0.82560, 0.73733, 0.76267
0.40770, 0.53525, 0.81839, 0.74654, 0.77419
0.40258, 0.50314, 0.83194, 0.76267, 0.79954
0.39743, 0.51475, 0.82819, 0.74654, 0.79263
0.38808, 0.55994, 0.81032, 0.73041, 0.76267
0.39138, 0.49294, 0.82387, 0.76267, 0.76728
0.39484, 0.48410, 0.83857, 0.76037, 0.78341
0.39741, 0.48905, 0.84462, 0.75806, 0.79954
0.40726, 0.48570, 0.83799, 0.75806, 0.77189
0.39961, 0.49147, 0.84347, 0.76728, 0.80415
0.39302, 0.49068, 0.83252, 0.76037, 0.76498
0.39043, 0.53283, 0.83482, 0.74654, 0.78802
0.38634, 0.50183, 0.84145, 0.76728, 0.79032
0.38584, 0.48925, 0.83309, 0.73272, 0.78111
0.37928, 0.50090, 0.84318, 0.77419, 0.78341
0.39401, 0.49755, 0.82935, 0.75806, 0.75576
0.38309, 0.50057, 0.84981, 0.75806, 0.79263
0.38077, 0.50207, 0.84837, 0.76037, 0.79263
0.37960, 0.50106, 0.84405, 0.76498, 0.78802
0.38145, 0.49696, 0.84635, 0.76267, 0.79493
0.38059, 0.48528, 0.84289, 0.76267, 0.78111
0.38056, 0.53216, 0.82589, 0.73963, 0.78111
0.37702, 0.47531, 0.84318, 0.75346, 0.78571
0.38658, 0.49328, 0.84405, 0.77189, 0.79493
0.38421, 0.49823, 0.84779, 0.75806, 0.80184
0.38544, 0.57890, 0.81983, 0.71889, 0.76498
0.37526, 0.47456, 0.84837, 0.76728, 0.78341
0.37080, 0.47575, 0.84808, 0.77189, 0.78111
0.36544, 0.50187, 0.85039, 0.75115, 0.79263
0.36799, 0.48641, 0.85241, 0.76959, 0.78802
0.36848, 0.49249, 0.85500, 0.76267, 0.80645
0.37272, 0.48593, 0.84837, 0.76037, 0.77880
0.37935, 0.50842, 0.85270, 0.75576, 0.80184
0.36468, 0.51335, 0.84837, 0.75806, 0.78341
0.36844, 0.50653, 0.83396, 0.75346, 0.76728
0.36337, 0.53957, 0.84318, 0.75806, 0.78341
0.36283, 0.49322, 0.85673, 0.76959, 0.80184
0.36758, 0.49397, 0.86077, 0.75576, 0.79263
0.35832, 0.49086, 0.85558, 0.76728, 0.78802
0.36418, 0.47372, 0.83886, 0.76728, 0.75576
0.37289, 0.48362, 0.85442, 0.76498, 0.80415
0.35951, 0.49243, 0.85846, 0.76498, 0.81106
0.35022, 0.47220, 0.85731, 0.76498, 0.78802
0.35841, 0.48407, 0.85961, 0.77189, 0.79263
0.35757, 0.53330, 0.84520, 0.74885, 0.80184
0.35145, 0.49463, 0.86134, 0.75576, 0.78802
0.35039, 0.50497, 0.83194, 0.76267, 0.76498
0.36189, 0.49924, 0.84520, 0.76728, 0.76498
0.36194, 0.48668, 0.85673, 0.76728, 0.79724
0.36148, 0.50601, 0.86077, 0.76959, 0.78802
0.35530, 0.47965, 0.86163, 0.75346, 0.78571
0.35851, 0.49749, 0.85961, 0.76267, 0.79724
0.34984, 0.51421, 0.85990, 0.76037, 0.79954
0.35709, 0.48653, 0.86423, 0.76267, 0.80415
0.35784, 0.48608, 0.86423, 0.75806, 0.79032
0.34641, 0.48221, 0.86682, 0.76037, 0.78341
0.34728, 0.46975, 0.86797, 0.78571, 0.79263
0.35217, 0.50084, 0.86423, 0.76267, 0.79724
0.34544, 0.49117, 0.86480, 0.76728, 0.82949
0.35090, 0.55316, 0.84462, 0.75115, 0.79493
0.34646, 0.47929, 0.85961, 0.76267, 0.78802
0.34834, 0.48331, 0.84981, 0.76498, 0.78111
0.33758, 0.50108, 0.86913, 0.77189, 0.80645
0.35289, 0.51095, 0.86567, 0.75806, 0.79724
0.34159, 0.50268, 0.86221, 0.75806, 0.80876
0.35418, 0.50088, 0.87086, 0.76959, 0.80645
0.35130, 0.47074, 0.86797, 0.77419, 0.80645
0.34273, 0.52621, 0.85731, 0.76037, 0.79032
0.33683, 0.53738, 0.86048, 0.76728, 0.82028
0.34690, 0.48484, 0.86106, 0.76728, 0.78341
0.34130, 0.54453, 0.84866, 0.74885, 0.79032
0.33787, 0.46871, 0.87259, 0.76037, 0.79954
0.34033, 0.49216, 0.87028, 0.76498, 0.79954
0.33941, 0.49622, 0.87374, 0.77419, 0.81567
0.34403, 0.48171, 0.87287, 0.76498, 0.82028
0.33391, 0.50139, 0.86970, 0.77189, 0.79954
0.34096, 0.48276, 0.86624, 0.76498, 0.79263
0.33578, 0.50310, 0.86423, 0.77419, 0.79493
0.33239, 0.48994, 0.87143, 0.76498, 0.78802
0.34219, 0.51741, 0.86596, 0.76728, 0.80415
0.33627, 0.49045, 0.87835, 0.77419, 0.79954
0.32378, 0.47971, 0.87114, 0.76037, 0.79263
0.34159, 0.52436, 0.86855, 0.76037, 0.78111
0.33142, 0.50568, 0.87374, 0.75115, 0.80184
0.33217, 0.47484, 0.87806, 0.76037, 0.79724
0.34308, 0.52299, 0.86567, 0.75576, 0.80184
0.34072, 0.47659, 0.87259, 0.76959, 0.77880
0.32962, 0.49213, 0.87230, 0.77880, 0.81797
0.33185, 0.50730, 0.87432, 0.77189, 0.80184
0.33394, 0.46567, 0.86884, 0.76498, 0.77880
0.32807, 0.50856, 0.87576, 0.77650, 0.80645
0.33042, 0.47272, 0.87576, 0.78111, 0.81106
0.33160, 0.48201, 0.87114, 0.77419, 0.80184
0.32517, 0.48353, 0.87893, 0.78111, 0.80876
0.32000, 0.47959, 0.87777, 0.77880, 0.79493
0.34017, 0.50433, 0.81724, 0.74885, 0.74424
0.33958, 0.48069, 0.86999, 0.78571, 0.78802
0.33132, 0.48615, 0.87316, 0.77419, 0.82028
0.32306, 0.46976, 0.87345, 0.78341, 0.79724
0.32353, 0.51942, 0.86855, 0.76959, 0.82028
0.31931, 0.53575, 0.86278, 0.76037, 0.79263
0.32951, 0.47277, 0.87604, 0.77419, 0.80645
0.32761, 0.47012, 0.86365, 0.78571, 0.79493
0.32013, 0.47756, 0.88210, 0.78571, 0.79954
0.32378, 0.50580, 0.85846, 0.76959, 0.78802
0.32388, 0.59515, 0.83915, 0.74194, 0.79032
0.33470, 0.47765, 0.87777, 0.77880, 0.80645
0.31797, 0.51522, 0.86509, 0.76498, 0.82258
0.32132, 0.52369, 0.86769, 0.76037, 0.82258
0.33276, 0.53653, 0.86336, 0.75115, 0.82488
----------------------------------------------------------------------------------------------------------------------------
0.67479, 0.64892, 0.62064, 0.64286, 0.63825
0.65849, 0.63133, 0.59614, 0.61060, 0.58295
0.64124, 0.63924, 0.64197, 0.62442, 0.61521
0.64371, 0.62683, 0.64370, 0.65438, 0.61751
0.62636, 0.60538, 0.64745, 0.66359, 0.65438
0.61666, 0.59422, 0.63159, 0.65207, 0.61982
0.60208, 0.58098, 0.65783, 0.66359, 0.64977
0.58966, 0.58510, 0.67253, 0.69355, 0.67051
0.58238, 0.56250, 0.69069, 0.70276, 0.67742
0.57517, 0.55486, 0.70539, 0.73041, 0.71659
0.56992, 0.55173, 0.69905, 0.73041, 0.68664
0.56010, 0.59032, 0.70107, 0.68433, 0.69124
0.56268, 0.56650, 0.71346, 0.70968, 0.69124
0.55407, 0.55435, 0.71923, 0.71429, 0.71889
0.55165, 0.53151, 0.72269, 0.72581, 0.70507
0.54588, 0.53042, 0.71894, 0.73272, 0.70968
0.53759, 0.54294, 0.72384, 0.71429, 0.71889
0.54198, 0.53041, 0.72413, 0.72350, 0.70507
0.54084, 0.51909, 0.73306, 0.75576, 0.73041
0.53882, 0.54038, 0.71000, 0.72120, 0.70968
0.53762, 0.52433, 0.74546, 0.72350, 0.70737
0.53152, 0.53023, 0.72643, 0.73733, 0.70737
0.52823, 0.52382, 0.73393, 0.72350, 0.72581
0.53018, 0.51573, 0.74027, 0.72120, 0.74885
0.53064, 0.52797, 0.74315, 0.70968, 0.71198
0.52447, 0.54020, 0.73278, 0.74194, 0.72120
0.52570, 0.50564, 0.74863, 0.74654, 0.74424
0.51767, 0.54127, 0.74114, 0.71889, 0.72120
0.52449, 0.52528, 0.74690, 0.73963, 0.73041
0.52178, 0.51997, 0.74978, 0.72581, 0.73272
0.51484, 0.55389, 0.73796, 0.74194, 0.72120
0.51948, 0.52467, 0.74632, 0.73041, 0.74194
0.51724, 0.50412, 0.75324, 0.76037, 0.74885
0.51163, 0.51215, 0.75353, 0.74885, 0.72350
0.51480, 0.50103, 0.76103, 0.73502, 0.74194
0.51314, 0.50582, 0.75872, 0.74885, 0.74194
0.51129, 0.49987, 0.76708, 0.74885, 0.73733
0.51140, 0.49535, 0.76362, 0.73733, 0.74424
0.51406, 0.50363, 0.76131, 0.75115, 0.74654
0.50320, 0.57333, 0.73220, 0.70507, 0.70507
0.50097, 0.49853, 0.77457, 0.75346, 0.71659
0.50229, 0.51439, 0.75411, 0.73733, 0.73272
0.50590, 0.51611, 0.75843, 0.74424, 0.73502
0.50258, 0.50668, 0.77025, 0.75115, 0.72811
0.50198, 0.49911, 0.77083, 0.75576, 0.75346
0.49826, 0.51768, 0.76016, 0.75576, 0.71198
0.49701, 0.50423, 0.75584, 0.75115, 0.71889
0.50094, 0.52527, 0.76362, 0.73963, 0.71659
0.49091, 0.50738, 0.76420, 0.75346, 0.72811
0.50277, 0.53087, 0.76852, 0.75576, 0.73041
0.49332, 0.50219, 0.76737, 0.74885, 0.73963
0.48889, 0.51753, 0.77573, 0.76728, 0.72350
0.49194, 0.51852, 0.76996, 0.73272, 0.74194
0.48763, 0.50042, 0.77486, 0.74885, 0.73041
0.48636, 0.52111, 0.75728, 0.76959, 0.71429
0.48618, 0.50851, 0.76910, 0.74654, 0.71889
0.48470, 0.52625, 0.77054, 0.74424, 0.72811
0.49354, 0.49933, 0.77630, 0.74424, 0.72350
