============================================================================================================================
Namespace(pooling='lspool', batch_size=32, lr=0.0001, epochs=200, pool_ratio=0.5, dataset='FRANKENSTEIN', edges=False, runs=10, logging='logs/02_04_24/lspool3conv_2attn_nosum', config='config/config.json', patience=20, seeds='config/seeds'); _CudaDeviceProperties(name='NVIDIA GeForce RTX 4060 Ti', major=8, minor=9, total_memory=16379MB, multi_processor_count=34); {'hidden_features': 128, 'nonlinearity': 'elu', 'p_dropout': 0.0, 'conv_layer': 'GraphConv', 'pre_gnn': [64, 128], 'post_gnn': [128, 64], 'pre_pool_convs': 2, 'post_pool_convs': 1} 
----------------------------------------------------------------------------------------------------------------------------
0.67709, 0.67780, 0.58230, 0.58295, 0.60138
0.67339, 0.67904, 0.58086, 0.56221, 0.59217
0.66069, 0.62207, 0.62295, 0.63594, 0.57834
0.64052, 0.62650, 0.62756, 0.61982, 0.60369
0.62382, 0.60586, 0.65148, 0.65668, 0.58525
0.61599, 0.63468, 0.63534, 0.61982, 0.61982
0.60938, 0.59884, 0.68464, 0.69355, 0.64055
0.59919, 0.59836, 0.68925, 0.66820, 0.64055
0.58802, 0.57870, 0.71173, 0.68894, 0.64747
0.57694, 0.58081, 0.71260, 0.67972, 0.64516
0.57335, 0.57014, 0.72153, 0.67281, 0.67281
0.56260, 0.57626, 0.74085, 0.69355, 0.67051
0.55675, 0.57216, 0.74287, 0.67051, 0.67281
0.53933, 0.57269, 0.75872, 0.68894, 0.68894
0.52517, 0.57031, 0.77256, 0.70276, 0.67512
0.51361, 0.57814, 0.77919, 0.68203, 0.67742
0.50324, 0.60222, 0.76852, 0.67512, 0.68664
0.48998, 0.60484, 0.78956, 0.66129, 0.66590
0.48075, 0.60228, 0.80283, 0.68203, 0.67742
0.45775, 0.67272, 0.80283, 0.68433, 0.68664
0.43799, 0.74119, 0.78611, 0.66359, 0.67051
0.43430, 0.65590, 0.83799, 0.67051, 0.66820
0.40596, 0.70601, 0.82445, 0.66359, 0.67512
0.39454, 0.71777, 0.86134, 0.66820, 0.67051
0.38060, 0.69508, 0.84693, 0.67742, 0.67512
0.36141, 0.77836, 0.84693, 0.67051, 0.63825
0.33446, 0.87958, 0.86884, 0.65438, 0.66129
0.33984, 0.87061, 0.87806, 0.66129, 0.65438
0.30818, 0.84655, 0.88642, 0.67512, 0.64286
0.28971, 0.90638, 0.89594, 0.67281, 0.64747
0.28924, 0.91512, 0.88844, 0.66359, 0.65438
----------------------------------------------------------------------------------------------------------------------------
0.68068, 0.67142, 0.55953, 0.58525, 0.54147
0.65946, 0.64901, 0.61459, 0.62442, 0.58295
0.63368, 0.63903, 0.67858, 0.63134, 0.65438
0.60049, 0.64115, 0.67195, 0.67281, 0.63594
0.57717, 0.61498, 0.72586, 0.65668, 0.68894
0.55133, 0.61085, 0.75238, 0.67512, 0.68894
0.53646, 0.60680, 0.76103, 0.68894, 0.66820
0.50510, 0.62957, 0.78495, 0.67972, 0.70046
0.50541, 0.61910, 0.78784, 0.67972, 0.68894
0.46954, 0.64581, 0.81176, 0.67512, 0.66820
0.45770, 0.71409, 0.77054, 0.63594, 0.65207
0.43650, 0.69135, 0.84261, 0.69124, 0.68433
0.40163, 0.73466, 0.84203, 0.65899, 0.69124
0.36586, 0.81560, 0.83338, 0.67512, 0.69355
0.35418, 0.78737, 0.89103, 0.65899, 0.67512
0.31125, 0.91403, 0.86451, 0.64747, 0.67512
0.28378, 0.99314, 0.86394, 0.66359, 0.68203
0.26135, 0.93119, 0.91957, 0.64055, 0.67742
0.25103, 0.97348, 0.90804, 0.64286, 0.66590
0.23691, 1.21301, 0.86653, 0.64977, 0.66820
0.22118, 1.06066, 0.95445, 0.61982, 0.67051
0.18204, 1.19805, 0.94263, 0.67512, 0.68433
0.16828, 1.29348, 0.91756, 0.63594, 0.67972
0.13565, 1.42920, 0.95445, 0.65438, 0.64977
0.11204, 1.46543, 0.98040, 0.64747, 0.67742
0.09320, 1.54633, 0.98530, 0.66820, 0.67512
0.11583, 1.75303, 0.96166, 0.65899, 0.67972
----------------------------------------------------------------------------------------------------------------------------
0.68243, 0.68157, 0.55751, 0.54608, 0.52995
0.67306, 0.66729, 0.58432, 0.56452, 0.55991
0.65825, 0.64379, 0.60969, 0.59447, 0.57373
0.64326, 0.62603, 0.59614, 0.58295, 0.57604
0.63651, 0.61741, 0.63505, 0.64286, 0.59677
0.62547, 0.61223, 0.63967, 0.63364, 0.59447
0.61774, 0.60748, 0.63938, 0.60829, 0.59447
0.60809, 0.59121, 0.68060, 0.69124, 0.63594
0.59683, 0.60546, 0.65696, 0.65668, 0.59217
0.58438, 0.57889, 0.69761, 0.66590, 0.64516
0.57462, 0.58977, 0.71779, 0.70046, 0.67051
0.55864, 0.59172, 0.72615, 0.68894, 0.65668
0.54718, 0.60398, 0.69617, 0.67742, 0.63594
0.53563, 0.58763, 0.73854, 0.70276, 0.67972
0.53951, 0.57826, 0.76074, 0.70968, 0.67972
0.51677, 0.60348, 0.73451, 0.67512, 0.65207
0.50674, 0.61804, 0.77890, 0.69355, 0.66820
0.49334, 0.61933, 0.78784, 0.68664, 0.67972
0.48366, 0.63408, 0.77457, 0.68203, 0.65668
0.46406, 0.66776, 0.77515, 0.67742, 0.66820
0.46348, 0.68510, 0.80283, 0.67281, 0.66359
0.44166, 0.69284, 0.81061, 0.66590, 0.67051
0.42837, 0.69390, 0.83194, 0.67972, 0.69124
0.42295, 0.72906, 0.79389, 0.66820, 0.66359
0.40431, 0.81710, 0.81493, 0.65438, 0.63825
0.38945, 0.76005, 0.84924, 0.66590, 0.67742
0.37403, 0.76645, 0.85961, 0.67051, 0.65668
0.37578, 0.70682, 0.85500, 0.69355, 0.69355
0.34471, 0.81318, 0.86480, 0.68433, 0.67051
0.33379, 0.83470, 0.87489, 0.65668, 0.65899
0.32879, 0.82475, 0.83079, 0.66129, 0.64286
0.30592, 0.84279, 0.89392, 0.66820, 0.66820
0.30281, 0.92074, 0.90314, 0.65899, 0.66590
0.28321, 0.98420, 0.90660, 0.65207, 0.66820
0.27106, 1.02169, 0.88095, 0.67281, 0.66129
----------------------------------------------------------------------------------------------------------------------------
0.68243, 0.68157, 0.55751, 0.54608, 0.52995
0.67306, 0.66729, 0.58432, 0.56452, 0.55991
0.65829, 0.64354, 0.60940, 0.59677, 0.57834
0.64265, 0.62855, 0.59412, 0.58756, 0.57604
0.63598, 0.61692, 0.63563, 0.63594, 0.60369
0.62393, 0.61120, 0.64226, 0.63134, 0.59217
0.61712, 0.60809, 0.63938, 0.60599, 0.59908
0.60849, 0.59289, 0.67628, 0.68433, 0.62442
0.59746, 0.60324, 0.65898, 0.66129, 0.58756
0.58358, 0.57830, 0.69703, 0.67742, 0.63364
0.57455, 0.59270, 0.71807, 0.69816, 0.66129
0.55905, 0.58835, 0.73393, 0.69124, 0.64977
0.54569, 0.61633, 0.68723, 0.66820, 0.63594
0.53593, 0.58573, 0.74287, 0.69355, 0.67972
0.53983, 0.58025, 0.75930, 0.71429, 0.67051
0.51739, 0.60840, 0.73422, 0.66820, 0.65438
0.50746, 0.62681, 0.77630, 0.68203, 0.67972
0.49391, 0.62860, 0.78812, 0.68894, 0.67051
0.48427, 0.64590, 0.77112, 0.67051, 0.64747
0.46552, 0.66794, 0.76564, 0.67051, 0.66590
0.46393, 0.68151, 0.79677, 0.66359, 0.66129
0.44122, 0.67347, 0.81637, 0.66359, 0.67742
0.42553, 0.70105, 0.83050, 0.66359, 0.68203
0.42837, 0.71503, 0.79245, 0.67051, 0.64977
0.40001, 0.82767, 0.81637, 0.65207, 0.64516
0.39147, 0.73666, 0.84952, 0.66359, 0.66590
0.37349, 0.74426, 0.85558, 0.68433, 0.65668
0.37636, 0.68135, 0.86365, 0.69585, 0.68664
0.34869, 0.79581, 0.86653, 0.67972, 0.66359
0.32961, 0.82065, 0.87979, 0.67512, 0.67512
----------------------------------------------------------------------------------------------------------------------------
0.67832, 0.68434, 0.57192, 0.54839, 0.57143
0.65983, 0.65909, 0.62266, 0.58756, 0.59217
0.62603, 0.64342, 0.67973, 0.61290, 0.62673
0.59455, 0.65357, 0.70770, 0.61751, 0.62442
0.56859, 0.65991, 0.70683, 0.61060, 0.60599
0.54701, 0.67176, 0.73249, 0.62442, 0.64286
0.52932, 0.65196, 0.76794, 0.65438, 0.64055
0.49475, 0.72589, 0.76679, 0.64055, 0.63594
0.48644, 0.72235, 0.78784, 0.64055, 0.63134
0.46732, 0.67774, 0.81724, 0.64286, 0.63825
0.43539, 0.73152, 0.83280, 0.65207, 0.66359
0.41136, 0.76926, 0.84318, 0.62903, 0.65668
0.39489, 0.79445, 0.86048, 0.64977, 0.66820
0.38385, 0.77715, 0.86365, 0.63364, 0.66129
0.33542, 0.91824, 0.89824, 0.64977, 0.64516
0.32023, 0.99672, 0.84232, 0.63594, 0.62673
0.32572, 0.92004, 0.89046, 0.64055, 0.63364
0.27282, 1.01638, 0.92361, 0.63594, 0.64516
0.23182, 1.12004, 0.92130, 0.66359, 0.63364
0.23252, 1.13341, 0.94119, 0.64055, 0.61982
0.20082, 1.16891, 0.95157, 0.63134, 0.63594
0.20536, 1.33205, 0.93399, 0.64055, 0.62673
0.16425, 1.40074, 0.96022, 0.65438, 0.65207
----------------------------------------------------------------------------------------------------------------------------
0.68061, 0.68482, 0.57279, 0.55069, 0.61290
0.66718, 0.64816, 0.63649, 0.61521, 0.61751
0.63005, 0.63231, 0.66129, 0.63825, 0.63364
0.61917, 0.63685, 0.66359, 0.65668, 0.61982
0.60925, 0.62218, 0.67685, 0.65207, 0.64286
0.60155, 0.62775, 0.69213, 0.63594, 0.66359
0.58831, 0.62495, 0.69011, 0.65438, 0.63594
0.58620, 0.62211, 0.70366, 0.63364, 0.65207
0.57425, 0.61993, 0.72038, 0.67512, 0.65668
0.56753, 0.61223, 0.72182, 0.66129, 0.66820
0.55561, 0.62615, 0.72182, 0.65207, 0.64747
0.55317, 0.61572, 0.72499, 0.66359, 0.66129
0.54178, 0.61877, 0.74431, 0.66820, 0.65899
0.53509, 0.62361, 0.75180, 0.65899, 0.64055
0.52445, 0.63721, 0.74142, 0.64055, 0.66359
0.52362, 0.63215, 0.76074, 0.66820, 0.65668
0.50557, 0.63242, 0.77112, 0.64977, 0.65899
0.50062, 0.63320, 0.77746, 0.66590, 0.66359
0.48304, 0.63092, 0.78812, 0.66590, 0.64747
0.47557, 0.62483, 0.79965, 0.66590, 0.65899
0.46423, 0.66340, 0.80974, 0.65899, 0.64516
0.44615, 0.68358, 0.82646, 0.64747, 0.63364
0.43335, 0.68445, 0.83280, 0.66129, 0.62212
0.41769, 0.75769, 0.81954, 0.62442, 0.62673
0.40178, 0.77607, 0.83165, 0.64747, 0.61060
0.39473, 0.80342, 0.84434, 0.65438, 0.65668
0.37090, 0.83301, 0.85500, 0.63134, 0.63364
0.35256, 0.86039, 0.87720, 0.65207, 0.61290
0.33491, 0.88006, 0.88325, 0.64286, 0.60829
0.32917, 0.95573, 0.88412, 0.64977, 0.62673
----------------------------------------------------------------------------------------------------------------------------
0.68032, 0.66554, 0.56500, 0.58065, 0.54378
0.65997, 0.63680, 0.59325, 0.61521, 0.56912
0.63015, 0.60634, 0.68233, 0.68894, 0.61751
0.60772, 0.58837, 0.69530, 0.69124, 0.64055
0.59949, 0.58613, 0.70308, 0.70737, 0.61060
0.57817, 0.59106, 0.70568, 0.67051, 0.62212
0.56294, 0.58565, 0.71433, 0.69816, 0.62903
0.53523, 0.57324, 0.76131, 0.69816, 0.65438
0.52416, 0.60525, 0.73479, 0.68433, 0.62442
0.49702, 0.57869, 0.78236, 0.72811, 0.66590
0.46752, 0.66222, 0.76794, 0.69585, 0.63594
0.46055, 0.59781, 0.80917, 0.70737, 0.66129
0.43577, 0.59182, 0.84289, 0.70276, 0.65207
0.41240, 0.64025, 0.84088, 0.69355, 0.64977
0.40133, 0.61629, 0.84837, 0.68433, 0.64516
0.36464, 0.68731, 0.84145, 0.67281, 0.63134
0.36581, 0.67481, 0.88210, 0.69585, 0.65668
0.32382, 0.73386, 0.85817, 0.68203, 0.64516
0.30389, 0.73260, 0.90458, 0.69355, 0.65899
0.29793, 0.84700, 0.91871, 0.68433, 0.65207
0.27363, 0.80321, 0.91900, 0.67512, 0.67512
0.24568, 0.93667, 0.92217, 0.66359, 0.66359
0.21899, 0.97745, 0.94033, 0.67742, 0.67051
0.19487, 1.06745, 0.94292, 0.66359, 0.65899
0.17789, 1.15060, 0.94638, 0.66359, 0.66820
0.18921, 1.08981, 0.94984, 0.66590, 0.64286
0.16046, 1.26357, 0.93341, 0.65899, 0.64286
0.13089, 1.38228, 0.95013, 0.67742, 0.64747
----------------------------------------------------------------------------------------------------------------------------
0.68035, 0.66777, 0.57682, 0.58756, 0.59677
0.66674, 0.66533, 0.62179, 0.58525, 0.61751
0.63766, 0.63706, 0.65696, 0.63594, 0.61751
0.61652, 0.62111, 0.67685, 0.68203, 0.65899
0.61280, 0.61018, 0.67310, 0.64055, 0.65438
0.60595, 0.62218, 0.66936, 0.63825, 0.64747
0.59278, 0.61548, 0.66734, 0.67051, 0.65668
0.58727, 0.60203, 0.69588, 0.66359, 0.65207
0.58368, 0.65386, 0.68896, 0.63134, 0.62212
0.56831, 0.64128, 0.68608, 0.65438, 0.64516
0.56233, 0.61872, 0.70856, 0.65438, 0.64747
0.55321, 0.64947, 0.73854, 0.62673, 0.63825
0.54857, 0.63957, 0.72211, 0.64977, 0.67051
0.53675, 0.64795, 0.75757, 0.63825, 0.64286
0.52621, 0.62965, 0.75613, 0.65207, 0.66359
0.51118, 0.65055, 0.74863, 0.64286, 0.65668
0.50121, 0.65986, 0.76939, 0.64977, 0.63364
0.49850, 0.67877, 0.77890, 0.60369, 0.61982
0.47749, 0.67996, 0.79504, 0.61521, 0.62673
0.47884, 0.79367, 0.72643, 0.58295, 0.58525
0.46681, 0.69844, 0.81090, 0.63825, 0.61982
0.45788, 0.67598, 0.81609, 0.63134, 0.62442
0.43174, 0.76819, 0.81753, 0.61751, 0.64055
0.43215, 0.76663, 0.83713, 0.61982, 0.62442
0.39555, 0.79833, 0.83540, 0.61060, 0.61521
0.39619, 0.84436, 0.83453, 0.58756, 0.60829
0.38783, 0.81835, 0.84952, 0.62442, 0.64286
0.37431, 0.86787, 0.84347, 0.59677, 0.61982
----------------------------------------------------------------------------------------------------------------------------
0.67832, 0.68434, 0.57192, 0.54839, 0.57143
0.65984, 0.65848, 0.62295, 0.58986, 0.59447
0.62597, 0.64317, 0.67714, 0.60829, 0.62442
0.59471, 0.65365, 0.70539, 0.61751, 0.61982
0.56789, 0.66120, 0.70453, 0.61290, 0.61290
0.54802, 0.67251, 0.73739, 0.61521, 0.64286
0.53070, 0.64846, 0.76535, 0.64977, 0.64286
0.49764, 0.72939, 0.77112, 0.62442, 0.62442
0.48965, 0.71865, 0.78726, 0.64286, 0.63134
0.46984, 0.68568, 0.82272, 0.64055, 0.62903
0.43407, 0.73762, 0.82272, 0.65668, 0.66590
0.41360, 0.77116, 0.84434, 0.64747, 0.65899
0.39223, 0.79368, 0.86451, 0.64286, 0.64286
0.37864, 0.80529, 0.86941, 0.63825, 0.66129
0.33190, 0.93407, 0.89392, 0.65207, 0.66359
0.31872, 1.04891, 0.81436, 0.61982, 0.59677
0.32134, 0.94560, 0.89075, 0.64516, 0.63594
0.27372, 1.03464, 0.90920, 0.63825, 0.64286
0.23261, 1.11476, 0.91093, 0.65899, 0.62903
0.23279, 1.14354, 0.93341, 0.62903, 0.61751
0.20593, 1.19620, 0.95676, 0.61060, 0.62212
0.19760, 1.31842, 0.95042, 0.64747, 0.63825
0.15247, 1.62039, 0.93370, 0.63594, 0.66820
----------------------------------------------------------------------------------------------------------------------------
0.68380, 0.67393, 0.55434, 0.58525, 0.57143
0.67800, 0.66858, 0.55463, 0.57834, 0.57834
0.67382, 0.64997, 0.57106, 0.60369, 0.58525
0.65049, 0.63486, 0.62439, 0.61751, 0.63364
0.64014, 0.64910, 0.65321, 0.62212, 0.61521
0.62599, 0.62429, 0.64976, 0.62903, 0.65668
0.61849, 0.64170, 0.68118, 0.63825, 0.65207
0.60965, 0.61893, 0.69098, 0.66359, 0.65207
0.59867, 0.60937, 0.70164, 0.67281, 0.65438
0.58947, 0.61015, 0.70741, 0.65668, 0.67051
0.57957, 0.61313, 0.71433, 0.64977, 0.67972
0.56745, 0.61952, 0.73969, 0.64286, 0.68664
0.55929, 0.60650, 0.74315, 0.67512, 0.69124
0.54753, 0.65292, 0.67772, 0.65668, 0.65668
0.53971, 0.65219, 0.72009, 0.63364, 0.65668
0.52004, 0.62571, 0.76535, 0.68433, 0.67512
0.50124, 0.66902, 0.77169, 0.65668, 0.66820
0.48759, 0.66961, 0.77515, 0.63134, 0.67051
0.47580, 0.64834, 0.77515, 0.66129, 0.67281
0.46221, 0.66636, 0.80744, 0.63134, 0.65207
0.44582, 0.64681, 0.81349, 0.64055, 0.66590
0.42698, 0.61815, 0.83771, 0.67742, 0.64747
0.41087, 0.66341, 0.85385, 0.66129, 0.66129
0.40559, 0.68519, 0.84491, 0.65899, 0.66129
0.37112, 0.74744, 0.84318, 0.65438, 0.63825
0.34659, 0.77385, 0.86624, 0.63364, 0.63594
0.33584, 0.79190, 0.83857, 0.65207, 0.64286
0.31968, 0.76359, 0.88037, 0.67051, 0.62673
0.33174, 0.76192, 0.89622, 0.64286, 0.63825
0.27807, 0.82885, 0.91900, 0.63594, 0.64286
0.27089, 0.92834, 0.91064, 0.65438, 0.65207
0.26773, 0.94430, 0.92130, 0.66590, 0.66129
0.23361, 0.98348, 0.91179, 0.64747, 0.63825
============================================================================================================================
Namespace(pooling='lspool', batch_size=32, lr=0.0001, epochs=200, pool_ratio=0.5, dataset='PROTEINS', edges=False, runs=10, logging='logs/02_04_24/lspool3conv_2attn_nosum', config='config/config.json', patience=20, seeds='config/seeds'); _CudaDeviceProperties(name='NVIDIA GeForce RTX 4060 Ti', major=8, minor=9, total_memory=16379MB, multi_processor_count=34); {'hidden_features': 128, 'nonlinearity': 'elu', 'p_dropout': 0.0, 'conv_layer': 'GraphConv', 'pre_gnn': [64, 128], 'post_gnn': [128, 64], 'pre_pool_convs': 2, 'post_pool_convs': 1} 
----------------------------------------------------------------------------------------------------------------------------
0.66685, 0.65875, 0.63258, 0.60360, 0.62500
0.65078, 0.64171, 0.63596, 0.63063, 0.67857
0.63726, 0.70177, 0.61124, 0.50450, 0.63393
0.63275, 0.62586, 0.66180, 0.65766, 0.68750
0.61410, 0.60111, 0.66180, 0.70270, 0.72321
0.60891, 0.61411, 0.67753, 0.64865, 0.62500
0.60207, 0.60777, 0.67079, 0.67568, 0.69643
0.59552, 0.61657, 0.67865, 0.64865, 0.60714
0.61893, 0.61451, 0.66629, 0.67568, 0.71429
0.59572, 0.61531, 0.70787, 0.64865, 0.67857
0.59102, 0.59780, 0.70000, 0.67568, 0.66071
0.60754, 0.58539, 0.71236, 0.66667, 0.66071
0.58236, 0.59157, 0.71348, 0.68468, 0.66964
0.58318, 0.63049, 0.69326, 0.63063, 0.66071
0.58208, 0.58479, 0.70787, 0.68468, 0.67857
0.58601, 0.60910, 0.70562, 0.64865, 0.66071
0.57458, 0.62337, 0.70112, 0.64865, 0.66964
0.57085, 0.61168, 0.70337, 0.67568, 0.70536
0.57174, 0.60074, 0.71461, 0.65766, 0.66071
0.56564, 0.60521, 0.70112, 0.68468, 0.69643
0.56351, 0.60806, 0.72247, 0.65766, 0.66071
0.57141, 0.59495, 0.70337, 0.68468, 0.66964
0.57376, 0.58953, 0.72584, 0.68468, 0.65179
0.56682, 0.58951, 0.71124, 0.69369, 0.67857
0.56584, 0.60297, 0.69326, 0.68468, 0.64286
0.57944, 0.58843, 0.72360, 0.67568, 0.66964
0.56212, 0.59461, 0.72022, 0.68468, 0.69643
0.56486, 0.59322, 0.71124, 0.68468, 0.71429
0.57211, 0.58910, 0.71461, 0.69369, 0.63393
0.55064, 0.58004, 0.71124, 0.68468, 0.70536
0.55911, 0.56026, 0.72247, 0.76577, 0.68750
0.54689, 0.60500, 0.72247, 0.67568, 0.65179
0.54619, 0.57889, 0.72022, 0.67568, 0.70536
0.54877, 0.61677, 0.72247, 0.63063, 0.66964
0.55425, 0.58634, 0.74719, 0.70270, 0.70536
0.54829, 0.57998, 0.74270, 0.70270, 0.72321
0.53519, 0.57802, 0.73820, 0.71171, 0.61607
0.53983, 0.57263, 0.75056, 0.72072, 0.71429
0.55400, 0.56651, 0.73596, 0.70270, 0.72321
0.54669, 0.57125, 0.73596, 0.72072, 0.66964
0.54555, 0.55833, 0.75056, 0.72072, 0.69643
0.54620, 0.58963, 0.73820, 0.69369, 0.64286
0.53673, 0.55940, 0.74382, 0.72072, 0.63393
0.54008, 0.57401, 0.72472, 0.68468, 0.69643
0.54217, 0.57520, 0.75730, 0.72973, 0.68750
0.53285, 0.55889, 0.73933, 0.73874, 0.69643
0.53032, 0.56129, 0.74494, 0.72973, 0.71429
0.53816, 0.56885, 0.74944, 0.71171, 0.69643
0.53289, 0.54879, 0.73820, 0.73874, 0.65179
0.53757, 0.56584, 0.74944, 0.73874, 0.68750
0.53364, 0.57194, 0.73034, 0.71171, 0.69643
0.53831, 0.55852, 0.75281, 0.72973, 0.67857
0.53089, 0.54539, 0.73258, 0.73874, 0.70536
0.54369, 0.55524, 0.72584, 0.72973, 0.71429
0.54879, 0.54390, 0.72584, 0.71171, 0.67857
0.53368, 0.56565, 0.72809, 0.74775, 0.62500
0.52872, 0.56547, 0.75169, 0.70270, 0.71429
0.53364, 0.56682, 0.71685, 0.72973, 0.66071
0.53625, 0.56230, 0.75393, 0.71171, 0.71429
0.51598, 0.58201, 0.74607, 0.70270, 0.70536
0.55309, 0.56676, 0.72247, 0.71171, 0.71429
0.51993, 0.58888, 0.71461, 0.68468, 0.71429
0.53142, 0.55390, 0.75618, 0.70270, 0.69643
0.51904, 0.58073, 0.75056, 0.68468, 0.71429
0.52082, 0.56800, 0.75169, 0.72973, 0.67857
0.51937, 0.52966, 0.75506, 0.75676, 0.67857
0.52283, 0.54859, 0.75955, 0.72072, 0.72321
0.52983, 0.55422, 0.75730, 0.74775, 0.72321
0.51932, 0.56725, 0.75056, 0.69369, 0.70536
0.51624, 0.56341, 0.74045, 0.71171, 0.71429
0.51506, 0.60964, 0.75730, 0.67568, 0.69643
0.50837, 0.59038, 0.76180, 0.68468, 0.70536
0.50983, 0.55897, 0.77303, 0.72072, 0.71429
0.50508, 0.57988, 0.77528, 0.71171, 0.70536
0.50562, 0.55650, 0.75056, 0.72973, 0.74107
0.51805, 0.55768, 0.76517, 0.72973, 0.72321
0.50679, 0.54934, 0.76517, 0.73874, 0.66071
0.52212, 0.55280, 0.75843, 0.73874, 0.70536
0.51839, 0.53447, 0.77191, 0.75676, 0.68750
0.51577, 0.56279, 0.76629, 0.71171, 0.70536
0.51003, 0.55775, 0.73708, 0.72973, 0.69643
0.50948, 0.55116, 0.76404, 0.72072, 0.71429
0.51278, 0.57438, 0.73820, 0.72072, 0.77679
0.51154, 0.55499, 0.77978, 0.72072, 0.70536
0.49705, 0.56982, 0.77640, 0.69369, 0.69643
0.50942, 0.59316, 0.73933, 0.70270, 0.73214
----------------------------------------------------------------------------------------------------------------------------
0.64755, 0.56244, 0.69213, 0.67568, 0.66964
0.60483, 0.56531, 0.68876, 0.70270, 0.68750
0.58535, 0.59388, 0.65281, 0.65766, 0.60714
0.59093, 0.52327, 0.70787, 0.72973, 0.69643
0.57134, 0.51974, 0.71011, 0.72072, 0.68750
0.56719, 0.50979, 0.73371, 0.74775, 0.70536
0.57347, 0.53627, 0.70787, 0.74775, 0.67857
0.57372, 0.51516, 0.73371, 0.77477, 0.66071
0.55988, 0.49968, 0.73483, 0.72973, 0.68750
0.55607, 0.50875, 0.73034, 0.76577, 0.68750
0.55840, 0.51140, 0.71124, 0.71171, 0.69643
0.55536, 0.55757, 0.69213, 0.75676, 0.67857
0.56363, 0.50104, 0.73034, 0.73874, 0.66964
0.55941, 0.51319, 0.71685, 0.71171, 0.69643
0.55007, 0.48598, 0.73034, 0.75676, 0.68750
0.54992, 0.51456, 0.73371, 0.75676, 0.69643
0.56863, 0.49070, 0.72809, 0.76577, 0.66964
0.54946, 0.48584, 0.73708, 0.76577, 0.66964
0.53935, 0.48123, 0.73371, 0.77477, 0.66964
0.53841, 0.47384, 0.74494, 0.78378, 0.70536
0.54121, 0.49603, 0.74157, 0.77477, 0.71429
0.54906, 0.47944, 0.73483, 0.75676, 0.69643
0.53860, 0.47259, 0.74719, 0.79279, 0.69643
0.53387, 0.47598, 0.73933, 0.76577, 0.68750
0.52878, 0.51634, 0.73820, 0.78378, 0.67857
0.53690, 0.46474, 0.75056, 0.78378, 0.68750
0.53154, 0.47930, 0.74045, 0.77477, 0.67857
0.53279, 0.47439, 0.75730, 0.79279, 0.71429
0.52112, 0.46809, 0.76404, 0.78378, 0.71429
0.52201, 0.49886, 0.74831, 0.77477, 0.67857
0.53110, 0.47922, 0.74382, 0.77477, 0.68750
0.52726, 0.48567, 0.74719, 0.78378, 0.68750
0.52734, 0.46253, 0.76854, 0.78378, 0.71429
0.51388, 0.50126, 0.73933, 0.75676, 0.69643
0.52734, 0.48035, 0.76854, 0.78378, 0.70536
0.52805, 0.46256, 0.75506, 0.80180, 0.70536
0.52682, 0.47300, 0.75506, 0.79279, 0.70536
0.51568, 0.46758, 0.77079, 0.78378, 0.71429
0.51393, 0.46471, 0.75506, 0.79279, 0.71429
0.52479, 0.46266, 0.77416, 0.78378, 0.70536
0.51003, 0.47017, 0.77303, 0.78378, 0.71429
0.50803, 0.47652, 0.76067, 0.77477, 0.71429
0.53445, 0.49461, 0.77753, 0.78378, 0.71429
0.51935, 0.46828, 0.76292, 0.79279, 0.71429
0.50619, 0.46778, 0.77640, 0.78378, 0.72321
0.51046, 0.46342, 0.77303, 0.79279, 0.74107
0.49734, 0.46753, 0.77865, 0.80180, 0.74107
0.49783, 0.47299, 0.77528, 0.80180, 0.70536
0.50587, 0.47730, 0.75955, 0.78378, 0.69643
0.50273, 0.49817, 0.72921, 0.76577, 0.66071
0.49285, 0.45982, 0.78315, 0.81081, 0.73214
0.48952, 0.45702, 0.78652, 0.79279, 0.74107
0.49535, 0.47212, 0.77528, 0.80180, 0.73214
0.49791, 0.46687, 0.77191, 0.79279, 0.73214
0.49920, 0.48447, 0.79213, 0.77477, 0.72321
0.50574, 0.47015, 0.77528, 0.78378, 0.69643
0.49403, 0.48061, 0.77079, 0.72973, 0.66071
0.48033, 0.46824, 0.79551, 0.78378, 0.70536
0.48105, 0.47719, 0.77753, 0.78378, 0.72321
0.47849, 0.46649, 0.79101, 0.80180, 0.71429
0.47600, 0.46817, 0.78876, 0.76577, 0.71429
0.48932, 0.48292, 0.78652, 0.74775, 0.68750
0.48154, 0.46231, 0.78652, 0.75676, 0.70536
0.47406, 0.45653, 0.79775, 0.80180, 0.69643
0.48047, 0.45823, 0.78764, 0.79279, 0.69643
0.48614, 0.49592, 0.76854, 0.76577, 0.67857
0.47297, 0.45481, 0.79663, 0.79279, 0.71429
0.46884, 0.50258, 0.77416, 0.77477, 0.66964
0.47731, 0.47928, 0.77978, 0.76577, 0.66964
0.48263, 0.46047, 0.77191, 0.78378, 0.71429
0.47059, 0.45218, 0.80899, 0.77477, 0.70536
0.46287, 0.50652, 0.80000, 0.75676, 0.72321
0.46743, 0.45919, 0.81461, 0.78378, 0.71429
0.45423, 0.48680, 0.79888, 0.77477, 0.71429
0.46947, 0.46327, 0.81685, 0.78378, 0.71429
0.44321, 0.48015, 0.80225, 0.79279, 0.68750
0.44742, 0.48235, 0.81124, 0.77477, 0.70536
0.44293, 0.47098, 0.81124, 0.78378, 0.70536
0.43955, 0.45940, 0.81910, 0.81081, 0.71429
0.44983, 0.45594, 0.80562, 0.78378, 0.69643
0.44178, 0.48296, 0.82022, 0.79279, 0.70536
0.44004, 0.47545, 0.79551, 0.74775, 0.72321
0.44049, 0.50966, 0.80899, 0.77477, 0.69643
0.44177, 0.45647, 0.82472, 0.76577, 0.73214
0.44197, 0.45546, 0.82135, 0.77477, 0.72321
0.42061, 0.48001, 0.82360, 0.77477, 0.71429
0.43998, 0.46050, 0.83371, 0.77477, 0.68750
0.42055, 0.47362, 0.83820, 0.76577, 0.72321
0.44851, 0.45924, 0.83146, 0.78378, 0.71429
0.41484, 0.46924, 0.83371, 0.77477, 0.70536
0.42330, 0.47994, 0.84045, 0.77477, 0.72321
----------------------------------------------------------------------------------------------------------------------------
0.69458, 0.66293, 0.59663, 0.64865, 0.61607
0.65019, 0.65641, 0.64944, 0.66667, 0.67857
0.64388, 0.64879, 0.68989, 0.66667, 0.71429
0.63502, 0.61799, 0.66854, 0.69369, 0.69643
0.62983, 0.62933, 0.64045, 0.66667, 0.70536
0.64518, 0.62247, 0.65056, 0.67568, 0.72321
0.62223, 0.59264, 0.68652, 0.67568, 0.73214
0.60736, 0.60020, 0.67303, 0.63063, 0.74107
0.60553, 0.59376, 0.70000, 0.65766, 0.74107
0.59450, 0.59622, 0.69438, 0.64865, 0.75893
0.59830, 0.60775, 0.65730, 0.69369, 0.70536
0.61060, 0.62499, 0.67303, 0.62162, 0.67857
0.58449, 0.63360, 0.70787, 0.62162, 0.73214
0.58158, 0.60313, 0.69888, 0.65766, 0.73214
0.57963, 0.60137, 0.70562, 0.66667, 0.75000
0.58647, 0.59819, 0.69326, 0.64865, 0.74107
0.59403, 0.60656, 0.68539, 0.65766, 0.72321
0.59876, 0.61643, 0.71685, 0.66667, 0.71429
0.58882, 0.59379, 0.69888, 0.63964, 0.74107
0.58930, 0.57486, 0.70449, 0.65766, 0.72321
0.58812, 0.60381, 0.71461, 0.68468, 0.71429
0.57988, 0.58796, 0.70449, 0.67568, 0.74107
0.58141, 0.58280, 0.68876, 0.67568, 0.72321
0.57454, 0.62955, 0.68652, 0.66667, 0.67857
0.57790, 0.56373, 0.70000, 0.68468, 0.72321
0.58463, 0.58420, 0.69551, 0.67568, 0.72321
0.57379, 0.58381, 0.70562, 0.65766, 0.71429
0.57583, 0.58490, 0.68876, 0.68468, 0.71429
0.57915, 0.60909, 0.68764, 0.69369, 0.72321
0.58371, 0.56834, 0.70225, 0.67568, 0.71429
0.58066, 0.57387, 0.69438, 0.72072, 0.73214
0.57531, 0.60094, 0.70000, 0.69369, 0.71429
0.58154, 0.62131, 0.68989, 0.69369, 0.69643
0.58188, 0.66664, 0.66517, 0.64865, 0.63393
0.57930, 0.58866, 0.69213, 0.68468, 0.70536
0.57229, 0.54289, 0.69775, 0.74775, 0.72321
0.57426, 0.54500, 0.69663, 0.70270, 0.73214
0.57697, 0.54747, 0.71011, 0.69369, 0.69643
0.56491, 0.56074, 0.70899, 0.68468, 0.72321
0.55722, 0.56054, 0.70899, 0.72072, 0.71429
0.56783, 0.58489, 0.71461, 0.70270, 0.74107
0.56599, 0.55466, 0.71461, 0.71171, 0.71429
0.55070, 0.56113, 0.71798, 0.68468, 0.69643
0.54808, 0.55491, 0.72360, 0.70270, 0.70536
0.55255, 0.61163, 0.71798, 0.70270, 0.68750
0.55244, 0.55518, 0.72360, 0.70270, 0.73214
0.54902, 0.52871, 0.71461, 0.73874, 0.73214
0.54523, 0.55352, 0.73596, 0.70270, 0.73214
0.55411, 0.55799, 0.71685, 0.72973, 0.71429
0.54496, 0.55629, 0.73933, 0.72973, 0.73214
0.56553, 0.53505, 0.71910, 0.71171, 0.72321
0.54731, 0.57495, 0.73034, 0.70270, 0.66964
0.55242, 0.52296, 0.71124, 0.72973, 0.69643
0.54989, 0.53782, 0.73933, 0.75676, 0.73214
0.54402, 0.57509, 0.73146, 0.70270, 0.69643
0.54851, 0.58590, 0.73708, 0.74775, 0.73214
0.53991, 0.53477, 0.73258, 0.73874, 0.73214
0.54122, 0.52928, 0.74045, 0.74775, 0.74107
0.54225, 0.56309, 0.73708, 0.72973, 0.69643
0.53441, 0.52457, 0.73596, 0.72973, 0.76786
0.53773, 0.58256, 0.73371, 0.70270, 0.68750
0.53622, 0.51465, 0.73483, 0.75676, 0.75000
0.53449, 0.53575, 0.75169, 0.72973, 0.73214
0.53250, 0.53385, 0.72921, 0.69369, 0.69643
0.54657, 0.59720, 0.71798, 0.68468, 0.72321
0.54707, 0.51105, 0.74719, 0.76577, 0.73214
0.53391, 0.52719, 0.75393, 0.77477, 0.77679
0.53479, 0.53792, 0.73596, 0.72973, 0.75000
0.53343, 0.51683, 0.74157, 0.76577, 0.75893
0.52738, 0.51138, 0.72135, 0.72072, 0.72321
0.55170, 0.52792, 0.73371, 0.75676, 0.75893
0.52951, 0.50635, 0.74045, 0.74775, 0.75000
0.52984, 0.50328, 0.72809, 0.77477, 0.75893
0.53795, 0.56223, 0.73933, 0.73874, 0.75893
0.52834, 0.51301, 0.74270, 0.70270, 0.75000
0.54124, 0.50983, 0.73820, 0.72072, 0.74107
0.53293, 0.49810, 0.74045, 0.72072, 0.78571
0.53218, 0.50951, 0.75056, 0.74775, 0.79464
0.52807, 0.50336, 0.75056, 0.76577, 0.75000
0.51914, 0.51611, 0.73708, 0.75676, 0.76786
0.53624, 0.54169, 0.74045, 0.74775, 0.77679
0.53230, 0.55278, 0.75056, 0.73874, 0.78571
0.52726, 0.54349, 0.74382, 0.72973, 0.75893
0.52066, 0.49889, 0.74157, 0.73874, 0.79464
0.51738, 0.49936, 0.75169, 0.75676, 0.78571
0.52456, 0.52520, 0.75056, 0.72973, 0.78571
0.51394, 0.50677, 0.75730, 0.73874, 0.81250
0.52175, 0.53400, 0.75618, 0.72072, 0.76786
0.55367, 0.53109, 0.73371, 0.75676, 0.75893
0.52803, 0.54877, 0.74382, 0.77477, 0.80357
0.51758, 0.49930, 0.75056, 0.75676, 0.77679
0.52516, 0.56362, 0.74270, 0.72973, 0.76786
0.51353, 0.47319, 0.74831, 0.75676, 0.81250
0.51619, 0.51459, 0.74494, 0.72072, 0.76786
0.52423, 0.54694, 0.73820, 0.75676, 0.77679
0.51373, 0.53002, 0.75281, 0.74775, 0.75893
0.51623, 0.55067, 0.75506, 0.73874, 0.81250
0.51074, 0.51156, 0.74944, 0.73874, 0.76786
0.51428, 0.49274, 0.74045, 0.77477, 0.81250
0.50615, 0.49778, 0.73708, 0.78378, 0.75893
0.51448, 0.50137, 0.75843, 0.76577, 0.80357
0.50269, 0.50330, 0.76629, 0.76577, 0.81250
0.49873, 0.48294, 0.75955, 0.77477, 0.81250
0.49132, 0.57152, 0.73596, 0.74775, 0.72321
0.49765, 0.52453, 0.76404, 0.72973, 0.79464
0.50510, 0.59648, 0.72697, 0.68468, 0.75000
0.52659, 0.51877, 0.72472, 0.75676, 0.77679
0.52508, 0.53271, 0.74944, 0.75676, 0.77679
0.50899, 0.52696, 0.75843, 0.78378, 0.80357
0.50105, 0.50708, 0.77191, 0.77477, 0.79464
0.49824, 0.52340, 0.74831, 0.74775, 0.77679
0.49590, 0.50572, 0.72247, 0.72973, 0.76786
0.50507, 0.48329, 0.75169, 0.79279, 0.80357
----------------------------------------------------------------------------------------------------------------------------
0.69449, 0.66288, 0.59663, 0.64865, 0.61607
0.65021, 0.65643, 0.65056, 0.66667, 0.67857
0.64409, 0.64914, 0.69101, 0.66667, 0.73214
0.63633, 0.62013, 0.67303, 0.69369, 0.68750
0.63114, 0.65549, 0.63483, 0.65766, 0.66071
0.64582, 0.63164, 0.64382, 0.66667, 0.72321
0.62612, 0.59828, 0.67528, 0.66667, 0.68750
0.61328, 0.60385, 0.68202, 0.62162, 0.73214
0.59919, 0.59861, 0.70225, 0.60360, 0.73214
0.59727, 0.59006, 0.68539, 0.67568, 0.75000
0.60541, 0.56392, 0.66629, 0.69369, 0.71429
0.60446, 0.60409, 0.69213, 0.63964, 0.75893
0.60178, 0.62375, 0.67865, 0.65766, 0.69643
0.59319, 0.59028, 0.68315, 0.69369, 0.73214
0.58689, 0.59187, 0.69551, 0.64865, 0.74107
0.58211, 0.57595, 0.68876, 0.67568, 0.73214
0.59404, 0.59109, 0.69326, 0.66667, 0.70536
0.59369, 0.60784, 0.70787, 0.69369, 0.74107
0.59763, 0.59353, 0.68989, 0.64865, 0.74107
0.58676, 0.57984, 0.69101, 0.68468, 0.75000
0.58754, 0.60662, 0.69326, 0.67568, 0.70536
0.58092, 0.57595, 0.70787, 0.71171, 0.74107
0.58341, 0.57467, 0.69551, 0.67568, 0.72321
0.57975, 0.61998, 0.68764, 0.68468, 0.69643
0.58148, 0.55159, 0.68989, 0.67568, 0.74107
0.58450, 0.58366, 0.70000, 0.63964, 0.72321
0.57371, 0.57083, 0.70899, 0.69369, 0.71429
0.57409, 0.56821, 0.71124, 0.70270, 0.72321
0.57741, 0.58299, 0.69101, 0.71171, 0.70536
0.57833, 0.56787, 0.69888, 0.69369, 0.72321
0.57657, 0.55707, 0.70000, 0.69369, 0.72321
0.58008, 0.59008, 0.69551, 0.68468, 0.67857
0.57901, 0.59486, 0.70449, 0.70270, 0.69643
0.58030, 0.65773, 0.67528, 0.64865, 0.60714
0.57299, 0.60634, 0.70562, 0.68468, 0.66964
0.56690, 0.55030, 0.69888, 0.73874, 0.70536
0.57458, 0.54423, 0.68989, 0.70270, 0.71429
0.56771, 0.53818, 0.70337, 0.69369, 0.71429
0.56249, 0.54626, 0.70674, 0.70270, 0.69643
0.55426, 0.54850, 0.71236, 0.70270, 0.69643
0.56133, 0.58414, 0.71798, 0.72973, 0.72321
0.56220, 0.54707, 0.71348, 0.72072, 0.70536
0.54720, 0.55508, 0.71348, 0.70270, 0.67857
0.54818, 0.53960, 0.71910, 0.72072, 0.70536
0.55355, 0.58734, 0.71461, 0.66667, 0.67857
0.55021, 0.53792, 0.71573, 0.70270, 0.69643
0.54756, 0.51993, 0.71573, 0.72072, 0.75000
0.54583, 0.53018, 0.72135, 0.71171, 0.74107
0.55105, 0.57042, 0.73820, 0.71171, 0.74107
0.54703, 0.54589, 0.73820, 0.71171, 0.74107
0.56584, 0.54510, 0.72472, 0.69369, 0.72321
0.54053, 0.57782, 0.72584, 0.71171, 0.69643
0.55391, 0.52853, 0.70674, 0.71171, 0.71429
0.54930, 0.56407, 0.74045, 0.72973, 0.72321
0.54223, 0.58143, 0.72472, 0.72973, 0.67857
0.55464, 0.56570, 0.73258, 0.74775, 0.76786
0.53576, 0.55251, 0.73820, 0.72973, 0.75000
0.54189, 0.54406, 0.73034, 0.73874, 0.73214
0.53652, 0.58437, 0.73034, 0.72072, 0.70536
0.53874, 0.52719, 0.72921, 0.72973, 0.74107
0.53668, 0.62000, 0.72921, 0.69369, 0.71429
0.53836, 0.53407, 0.73820, 0.72973, 0.75000
0.53148, 0.56369, 0.74831, 0.72973, 0.75893
0.53251, 0.54634, 0.72584, 0.72072, 0.74107
0.54109, 0.59824, 0.74270, 0.72973, 0.71429
0.53819, 0.54678, 0.73483, 0.73874, 0.72321
0.53584, 0.53968, 0.73146, 0.72973, 0.73214
----------------------------------------------------------------------------------------------------------------------------
0.67751, 0.66991, 0.63258, 0.54054, 0.62500
0.62246, 0.66440, 0.65618, 0.57658, 0.64286
0.61502, 0.62074, 0.71236, 0.68468, 0.59821
0.59058, 0.64559, 0.70674, 0.67568, 0.61607
0.57726, 0.59645, 0.73820, 0.70270, 0.62500
0.57967, 0.58218, 0.73708, 0.72072, 0.61607
0.56999, 0.62302, 0.72697, 0.70270, 0.63393
0.56738, 0.62195, 0.71348, 0.67568, 0.65179
0.56281, 0.64088, 0.72360, 0.68468, 0.63393
0.56430, 0.59152, 0.73146, 0.70270, 0.63393
0.55105, 0.55018, 0.73371, 0.74775, 0.59821
0.55293, 0.53889, 0.73258, 0.75676, 0.65179
0.54300, 0.55626, 0.74944, 0.71171, 0.65179
0.54321, 0.56619, 0.74494, 0.72973, 0.63393
0.54463, 0.59278, 0.72584, 0.70270, 0.65179
0.53668, 0.57450, 0.74157, 0.72973, 0.65179
0.53448, 0.53113, 0.72022, 0.75676, 0.62500
0.52485, 0.55331, 0.75506, 0.75676, 0.63393
0.51904, 0.55807, 0.74944, 0.74775, 0.66071
0.51952, 0.54065, 0.74719, 0.75676, 0.68750
0.52665, 0.63076, 0.75730, 0.72072, 0.66964
0.53571, 0.61699, 0.73820, 0.69369, 0.66964
0.53543, 0.58592, 0.76517, 0.72973, 0.64286
0.51904, 0.61890, 0.74494, 0.72072, 0.66964
0.52470, 0.52628, 0.77079, 0.80180, 0.65179
0.51612, 0.59632, 0.75281, 0.71171, 0.70536
0.51477, 0.54146, 0.77191, 0.74775, 0.69643
0.51005, 0.62127, 0.77079, 0.70270, 0.67857
0.49625, 0.55862, 0.69663, 0.72072, 0.58036
0.50913, 0.54596, 0.77528, 0.72072, 0.65179
0.50903, 0.59658, 0.77303, 0.69369, 0.68750
0.49261, 0.58579, 0.77978, 0.70270, 0.66964
0.48359, 0.57851, 0.77416, 0.70270, 0.66071
0.51291, 0.58207, 0.76966, 0.72072, 0.73214
0.50727, 0.61508, 0.79213, 0.73874, 0.66071
0.49641, 0.63761, 0.78090, 0.70270, 0.70536
0.48470, 0.55341, 0.78764, 0.72973, 0.67857
0.48968, 0.63541, 0.77303, 0.71171, 0.69643
0.49457, 0.56032, 0.76404, 0.72973, 0.63393
0.49850, 0.63129, 0.79213, 0.74775, 0.68750
0.48140, 0.65142, 0.78090, 0.69369, 0.67857
0.47432, 0.63850, 0.78876, 0.70270, 0.69643
0.46773, 0.61794, 0.79213, 0.71171, 0.66071
0.48619, 0.58856, 0.77528, 0.68468, 0.66071
0.47910, 0.60115, 0.79663, 0.72072, 0.66964
----------------------------------------------------------------------------------------------------------------------------
0.66930, 0.63685, 0.60899, 0.60360, 0.58036
0.64801, 0.61917, 0.63708, 0.63063, 0.61607
0.63896, 0.63134, 0.65506, 0.61261, 0.61607
0.66091, 0.64268, 0.67416, 0.67568, 0.61607
0.64055, 0.60826, 0.66067, 0.68468, 0.66964
0.62473, 0.58774, 0.64607, 0.67568, 0.65179
0.61606, 0.58260, 0.66404, 0.68468, 0.65179
0.60590, 0.57062, 0.66966, 0.66667, 0.65179
0.60370, 0.55989, 0.68652, 0.72072, 0.68750
0.61063, 0.58585, 0.70449, 0.66667, 0.67857
0.61008, 0.56808, 0.69438, 0.68468, 0.67857
0.59010, 0.54661, 0.68989, 0.70270, 0.66964
0.59883, 0.55470, 0.68427, 0.67568, 0.63393
0.59245, 0.53494, 0.69438, 0.71171, 0.66071
0.60200, 0.57821, 0.70562, 0.69369, 0.67857
0.58529, 0.57879, 0.69213, 0.68468, 0.67857
0.58764, 0.55810, 0.69775, 0.69369, 0.67857
0.58294, 0.56719, 0.70000, 0.69369, 0.63393
0.58965, 0.56969, 0.69326, 0.72072, 0.63393
0.58936, 0.58428, 0.71236, 0.72072, 0.61607
0.58055, 0.56430, 0.70787, 0.67568, 0.70536
0.57365, 0.55951, 0.71348, 0.69369, 0.67857
0.59276, 0.56211, 0.71910, 0.72973, 0.66071
0.58467, 0.57544, 0.71348, 0.72973, 0.69643
0.57159, 0.55969, 0.71124, 0.68468, 0.65179
0.56844, 0.55048, 0.71461, 0.72973, 0.65179
0.56867, 0.55512, 0.71461, 0.70270, 0.67857
0.56686, 0.56093, 0.72247, 0.69369, 0.66964
0.57199, 0.56844, 0.70562, 0.70270, 0.66964
0.56520, 0.54807, 0.71348, 0.73874, 0.66071
0.57086, 0.58514, 0.70674, 0.70270, 0.63393
0.57081, 0.55319, 0.70899, 0.74775, 0.64286
0.57566, 0.54100, 0.72022, 0.72072, 0.67857
0.56564, 0.55574, 0.70899, 0.70270, 0.64286
0.56346, 0.52925, 0.71348, 0.75676, 0.66964
0.56414, 0.54109, 0.71124, 0.75676, 0.64286
0.56639, 0.52152, 0.72247, 0.75676, 0.70536
0.56758, 0.51812, 0.72472, 0.73874, 0.69643
0.56025, 0.51854, 0.72697, 0.73874, 0.69643
0.55862, 0.52475, 0.73820, 0.75676, 0.66964
0.55617, 0.50888, 0.72360, 0.73874, 0.68750
0.55247, 0.54726, 0.69101, 0.74775, 0.65179
0.56122, 0.51619, 0.72809, 0.73874, 0.67857
0.56272, 0.54133, 0.72360, 0.72072, 0.65179
0.55914, 0.51733, 0.71685, 0.71171, 0.71429
0.56673, 0.51739, 0.72921, 0.72973, 0.69643
0.54905, 0.52765, 0.72697, 0.75676, 0.67857
0.56862, 0.52264, 0.73820, 0.74775, 0.67857
0.54776, 0.52418, 0.73820, 0.77477, 0.66071
0.54825, 0.50914, 0.73708, 0.72973, 0.72321
0.54868, 0.52382, 0.73258, 0.73874, 0.70536
0.54441, 0.50421, 0.72584, 0.76577, 0.66071
0.54479, 0.50771, 0.73371, 0.72973, 0.68750
0.53578, 0.52347, 0.72022, 0.69369, 0.71429
0.55144, 0.50724, 0.74382, 0.75676, 0.69643
0.53341, 0.48918, 0.75281, 0.77477, 0.67857
0.52895, 0.51070, 0.75393, 0.76577, 0.69643
0.52908, 0.52455, 0.71910, 0.71171, 0.69643
0.54255, 0.50637, 0.74382, 0.76577, 0.69643
0.54136, 0.52905, 0.74045, 0.76577, 0.64286
0.53650, 0.51194, 0.74045, 0.72072, 0.67857
0.53634, 0.52862, 0.72584, 0.72072, 0.64286
0.54204, 0.52200, 0.72022, 0.74775, 0.70536
0.55495, 0.50383, 0.72921, 0.75676, 0.68750
0.53715, 0.51153, 0.74494, 0.77477, 0.66071
0.53698, 0.49335, 0.74157, 0.78378, 0.66964
0.52894, 0.50656, 0.75393, 0.74775, 0.68750
0.52559, 0.52848, 0.73483, 0.70270, 0.71429
0.53567, 0.50835, 0.74719, 0.75676, 0.70536
0.52939, 0.51639, 0.76067, 0.75676, 0.67857
0.52580, 0.52278, 0.75843, 0.73874, 0.67857
0.53719, 0.51377, 0.76067, 0.70270, 0.67857
0.51310, 0.49725, 0.75843, 0.75676, 0.67857
0.51876, 0.52652, 0.72584, 0.72072, 0.65179
0.52272, 0.52386, 0.75393, 0.75676, 0.66964
0.50628, 0.51410, 0.76404, 0.72973, 0.66964
----------------------------------------------------------------------------------------------------------------------------
0.65416, 0.59302, 0.64270, 0.71171, 0.63393
0.64376, 0.61680, 0.65955, 0.66667, 0.59821
0.64133, 0.61388, 0.66404, 0.68468, 0.64286
0.62494, 0.60349, 0.67416, 0.71171, 0.65179
0.62055, 0.58822, 0.68427, 0.72072, 0.66964
0.62148, 0.58022, 0.67191, 0.70270, 0.63393
0.61017, 0.57224, 0.67079, 0.71171, 0.64286
0.61252, 0.64219, 0.66629, 0.64865, 0.64286
0.60121, 0.59587, 0.69438, 0.70270, 0.66964
0.59495, 0.61419, 0.68989, 0.68468, 0.63393
0.59116, 0.56078, 0.68315, 0.69369, 0.68750
0.60489, 0.57449, 0.69326, 0.69369, 0.66071
0.59398, 0.60128, 0.69663, 0.69369, 0.67857
0.58857, 0.55103, 0.70449, 0.70270, 0.70536
0.58110, 0.54281, 0.70112, 0.71171, 0.70536
0.57554, 0.55335, 0.72135, 0.72072, 0.68750
0.58101, 0.56197, 0.70787, 0.72973, 0.70536
0.58551, 0.55413, 0.71573, 0.72072, 0.66964
0.57359, 0.53842, 0.69663, 0.72973, 0.67857
0.57583, 0.54737, 0.72472, 0.72072, 0.69643
0.57159, 0.58195, 0.71236, 0.66667, 0.66964
0.57094, 0.52489, 0.70449, 0.75676, 0.66964
0.56179, 0.53581, 0.72472, 0.73874, 0.69643
0.56305, 0.51301, 0.71685, 0.75676, 0.66071
0.56529, 0.54362, 0.71011, 0.72973, 0.69643
0.55696, 0.52747, 0.72809, 0.74775, 0.66964
0.55835, 0.54392, 0.71910, 0.72973, 0.65179
0.55275, 0.51961, 0.71348, 0.74775, 0.64286
0.55277, 0.51866, 0.71910, 0.76577, 0.66071
0.54673, 0.51657, 0.72921, 0.74775, 0.67857
0.54438, 0.49931, 0.72022, 0.77477, 0.61607
0.55119, 0.50711, 0.72360, 0.75676, 0.67857
0.54865, 0.51398, 0.73596, 0.72973, 0.66071
0.54255, 0.51474, 0.73258, 0.72973, 0.67857
0.54447, 0.55221, 0.67416, 0.72072, 0.61607
0.56026, 0.50539, 0.71685, 0.75676, 0.63393
0.53928, 0.51556, 0.70449, 0.74775, 0.64286
0.54997, 0.55283, 0.73708, 0.65766, 0.64286
0.53897, 0.49934, 0.73708, 0.74775, 0.67857
0.54004, 0.47955, 0.73146, 0.75676, 0.66964
0.54369, 0.48816, 0.74607, 0.74775, 0.62500
0.54368, 0.52041, 0.73708, 0.73874, 0.66964
0.53884, 0.51053, 0.74607, 0.71171, 0.68750
0.53830, 0.52051, 0.74270, 0.70270, 0.66964
0.55436, 0.48955, 0.73933, 0.75676, 0.67857
0.55020, 0.50182, 0.74831, 0.73874, 0.65179
0.54322, 0.54565, 0.73596, 0.70270, 0.70536
0.54488, 0.51422, 0.72809, 0.75676, 0.61607
0.53330, 0.56134, 0.73371, 0.64865, 0.66071
0.53538, 0.50179, 0.75056, 0.72973, 0.66964
0.52842, 0.50403, 0.75281, 0.69369, 0.66964
0.52933, 0.51149, 0.74719, 0.71171, 0.70536
0.52208, 0.51947, 0.73820, 0.72072, 0.68750
0.52812, 0.49153, 0.75169, 0.73874, 0.69643
0.53725, 0.51257, 0.73933, 0.69369, 0.70536
0.52694, 0.53087, 0.74157, 0.71171, 0.66964
0.54108, 0.47564, 0.74719, 0.74775, 0.67857
0.54034, 0.48165, 0.74607, 0.73874, 0.68750
0.52728, 0.50912, 0.74719, 0.72072, 0.71429
0.52248, 0.49062, 0.75506, 0.75676, 0.66071
0.52590, 0.47706, 0.75730, 0.75676, 0.66964
0.54802, 0.53535, 0.75506, 0.67568, 0.70536
0.53401, 0.45740, 0.73708, 0.79279, 0.63393
0.52018, 0.48142, 0.75730, 0.72072, 0.69643
0.52048, 0.47150, 0.74382, 0.78378, 0.64286
0.52245, 0.50917, 0.75843, 0.70270, 0.69643
0.51391, 0.53166, 0.74719, 0.69369, 0.68750
0.53273, 0.48340, 0.75281, 0.78378, 0.67857
0.52411, 0.48126, 0.76067, 0.79279, 0.68750
0.51432, 0.49578, 0.76180, 0.70270, 0.68750
0.51247, 0.48898, 0.75843, 0.73874, 0.68750
0.51251, 0.52170, 0.74719, 0.71171, 0.69643
0.52161, 0.49274, 0.76854, 0.74775, 0.71429
0.50901, 0.48320, 0.75618, 0.72072, 0.69643
0.50521, 0.50402, 0.75506, 0.72973, 0.71429
0.51194, 0.47127, 0.74831, 0.80180, 0.64286
0.51307, 0.46705, 0.75955, 0.74775, 0.68750
0.51206, 0.51746, 0.76517, 0.69369, 0.70536
0.51170, 0.49374, 0.74607, 0.75676, 0.71429
0.50964, 0.47961, 0.76180, 0.79279, 0.62500
0.49855, 0.50588, 0.76067, 0.75676, 0.70536
0.52163, 0.49652, 0.75730, 0.73874, 0.68750
0.52176, 0.50131, 0.76854, 0.72072, 0.73214
----------------------------------------------------------------------------------------------------------------------------
0.68391, 0.68292, 0.61910, 0.60360, 0.64286
0.64869, 0.67622, 0.66966, 0.61261, 0.66071
0.62878, 0.68176, 0.66854, 0.59459, 0.60714
0.61694, 0.64010, 0.66854, 0.63063, 0.69643
0.60862, 0.64703, 0.68090, 0.61261, 0.65179
0.59573, 0.63659, 0.69551, 0.68468, 0.67857
0.60000, 0.61670, 0.68427, 0.63063, 0.70536
0.60011, 0.64477, 0.68652, 0.66667, 0.66964
0.59267, 0.61629, 0.70000, 0.63964, 0.66964
0.59249, 0.63828, 0.68876, 0.67568, 0.66964
0.60757, 0.65882, 0.69551, 0.63063, 0.66071
0.62079, 0.63980, 0.70000, 0.64865, 0.63393
0.59754, 0.62884, 0.69888, 0.68468, 0.67857
0.58065, 0.60527, 0.70225, 0.64865, 0.66964
0.57742, 0.61049, 0.70787, 0.66667, 0.66964
0.58023, 0.62568, 0.71573, 0.68468, 0.66964
0.58156, 0.62729, 0.69888, 0.64865, 0.68750
0.58002, 0.62914, 0.68652, 0.68468, 0.67857
0.58254, 0.60036, 0.71685, 0.72072, 0.69643
0.58141, 0.59239, 0.71348, 0.67568, 0.71429
0.58931, 0.59623, 0.71461, 0.71171, 0.72321
0.57029, 0.60436, 0.71011, 0.69369, 0.68750
0.56914, 0.59510, 0.71461, 0.68468, 0.67857
0.56856, 0.60236, 0.71573, 0.68468, 0.68750
0.57359, 0.60513, 0.70674, 0.70270, 0.72321
0.56227, 0.59263, 0.71798, 0.64865, 0.69643
0.56464, 0.58983, 0.71798, 0.67568, 0.72321
0.57327, 0.58054, 0.73258, 0.69369, 0.74107
0.56662, 0.60014, 0.72360, 0.71171, 0.71429
0.55420, 0.58604, 0.72022, 0.71171, 0.73214
0.56340, 0.59761, 0.71573, 0.70270, 0.72321
0.55030, 0.58778, 0.72360, 0.67568, 0.71429
0.55826, 0.58698, 0.73708, 0.68468, 0.71429
0.55332, 0.59505, 0.72809, 0.69369, 0.70536
0.55317, 0.58949, 0.73034, 0.71171, 0.75000
0.56282, 0.56783, 0.74607, 0.66667, 0.71429
0.55213, 0.58986, 0.73258, 0.66667, 0.69643
0.54935, 0.58289, 0.74382, 0.71171, 0.73214
0.54746, 0.59254, 0.72809, 0.67568, 0.72321
0.53855, 0.59991, 0.72022, 0.66667, 0.67857
0.56285, 0.57656, 0.73820, 0.69369, 0.68750
0.54779, 0.59080, 0.72921, 0.66667, 0.70536
0.54517, 0.57707, 0.74382, 0.72973, 0.71429
0.55407, 0.63150, 0.71124, 0.68468, 0.70536
0.53256, 0.57431, 0.74831, 0.68468, 0.71429
0.54536, 0.58128, 0.73371, 0.70270, 0.75893
0.53979, 0.56915, 0.75281, 0.72072, 0.71429
0.53625, 0.58431, 0.75506, 0.73874, 0.72321
0.52848, 0.59735, 0.73820, 0.67568, 0.69643
0.54174, 0.56767, 0.75618, 0.71171, 0.75000
0.53459, 0.61920, 0.72022, 0.67568, 0.62500
0.52921, 0.59904, 0.73483, 0.72072, 0.73214
0.52857, 0.58027, 0.76854, 0.70270, 0.71429
0.53901, 0.59268, 0.74944, 0.70270, 0.72321
0.53660, 0.58579, 0.74719, 0.71171, 0.70536
0.53396, 0.57588, 0.76629, 0.67568, 0.76786
0.52158, 0.59191, 0.75169, 0.72072, 0.76786
0.54926, 0.56983, 0.75393, 0.72072, 0.75893
0.53010, 0.58085, 0.75955, 0.69369, 0.75000
0.51756, 0.58938, 0.74719, 0.67568, 0.75000
0.51284, 0.59967, 0.74382, 0.66667, 0.73214
0.52667, 0.57174, 0.75843, 0.68468, 0.75000
0.52441, 0.58844, 0.76404, 0.72072, 0.73214
0.51671, 0.59875, 0.74944, 0.71171, 0.71429
0.51645, 0.58290, 0.76966, 0.72072, 0.72321
0.50996, 0.61696, 0.73596, 0.70270, 0.71429
0.53328, 0.60985, 0.75730, 0.72072, 0.71429
0.51615, 0.59507, 0.76517, 0.72973, 0.70536
0.53363, 0.58257, 0.76742, 0.67568, 0.72321
0.50899, 0.63227, 0.76292, 0.72973, 0.72321
----------------------------------------------------------------------------------------------------------------------------
0.67751, 0.66981, 0.63258, 0.54054, 0.62500
0.62254, 0.66436, 0.65506, 0.57658, 0.64286
0.61487, 0.62054, 0.71124, 0.68468, 0.59821
0.59068, 0.64591, 0.70674, 0.67568, 0.61607
0.57725, 0.59674, 0.73708, 0.70270, 0.62500
0.57997, 0.58243, 0.73258, 0.72072, 0.61607
0.57013, 0.62441, 0.72809, 0.70270, 0.62500
0.56737, 0.62105, 0.71124, 0.67568, 0.65179
0.56243, 0.64076, 0.72472, 0.68468, 0.63393
0.56402, 0.59066, 0.73034, 0.70270, 0.62500
0.55056, 0.54873, 0.73820, 0.74775, 0.60714
0.55346, 0.53780, 0.73596, 0.74775, 0.64286
0.54292, 0.55728, 0.75056, 0.71171, 0.66071
0.54319, 0.56542, 0.74157, 0.72973, 0.62500
0.54192, 0.58740, 0.72247, 0.69369, 0.65179
0.53579, 0.57931, 0.74270, 0.72072, 0.65179
0.53299, 0.53341, 0.72135, 0.75676, 0.60714
0.52427, 0.55382, 0.75506, 0.75676, 0.64286
0.51607, 0.55305, 0.75169, 0.73874, 0.64286
0.52006, 0.54777, 0.74831, 0.73874, 0.67857
0.52333, 0.63162, 0.74944, 0.71171, 0.67857
0.53734, 0.59212, 0.74944, 0.72072, 0.69643
0.53366, 0.58350, 0.76292, 0.72973, 0.65179
0.51837, 0.63414, 0.74831, 0.71171, 0.66071
0.52571, 0.52599, 0.76404, 0.78378, 0.66071
0.51636, 0.59819, 0.75281, 0.72072, 0.69643
0.51859, 0.54517, 0.76854, 0.73874, 0.67857
0.50916, 0.61083, 0.77191, 0.72973, 0.66964
0.49502, 0.56368, 0.68427, 0.70270, 0.57143
0.51204, 0.54721, 0.77191, 0.73874, 0.63393
0.51179, 0.59958, 0.77528, 0.70270, 0.67857
0.49370, 0.58953, 0.78315, 0.70270, 0.68750
0.48153, 0.58897, 0.77640, 0.72072, 0.68750
0.50462, 0.57061, 0.76966, 0.72973, 0.72321
0.50016, 0.61143, 0.78315, 0.72973, 0.62500
0.49530, 0.65205, 0.77753, 0.70270, 0.67857
0.48325, 0.55475, 0.78652, 0.72072, 0.65179
0.49844, 0.65830, 0.76629, 0.70270, 0.70536
0.50309, 0.59043, 0.75955, 0.71171, 0.66964
0.49931, 0.61682, 0.79213, 0.74775, 0.65179
0.48157, 0.62006, 0.78539, 0.70270, 0.68750
0.47468, 0.63543, 0.78315, 0.70270, 0.70536
0.48184, 0.63453, 0.78764, 0.73874, 0.67857
0.48031, 0.57923, 0.79438, 0.71171, 0.65179
0.48594, 0.59913, 0.80000, 0.72973, 0.66071
----------------------------------------------------------------------------------------------------------------------------
0.67890, 0.66521, 0.60225, 0.56757, 0.58929
0.63962, 0.65023, 0.61910, 0.59459, 0.61607
0.62481, 0.62486, 0.69888, 0.67568, 0.69643
0.61215, 0.64299, 0.67753, 0.63063, 0.67857
0.60457, 0.61607, 0.69551, 0.70270, 0.74107
0.60462, 0.63095, 0.68764, 0.66667, 0.70536
0.59407, 0.62781, 0.70337, 0.65766, 0.74107
0.60256, 0.66038, 0.68652, 0.62162, 0.67857
0.59063, 0.62274, 0.71236, 0.70270, 0.71429
0.58309, 0.60218, 0.71461, 0.71171, 0.73214
0.58660, 0.61982, 0.70787, 0.67568, 0.71429
0.58269, 0.63423, 0.71348, 0.66667, 0.70536
0.58586, 0.62074, 0.72022, 0.68468, 0.72321
0.57602, 0.63321, 0.70674, 0.70270, 0.70536
0.59027, 0.62600, 0.70899, 0.66667, 0.68750
0.57166, 0.69899, 0.69663, 0.62162, 0.68750
0.57378, 0.64331, 0.70787, 0.65766, 0.67857
0.57461, 0.60119, 0.71685, 0.69369, 0.71429
0.56942, 0.62010, 0.72135, 0.65766, 0.71429
0.57667, 0.60399, 0.73146, 0.67568, 0.70536
0.56928, 0.57992, 0.72921, 0.69369, 0.70536
0.55998, 0.59950, 0.72697, 0.70270, 0.69643
0.56043, 0.62489, 0.71910, 0.69369, 0.70536
0.56245, 0.61808, 0.72472, 0.66667, 0.66964
0.54931, 0.64390, 0.70787, 0.68468, 0.69643
0.56218, 0.57046, 0.72584, 0.69369, 0.64286
0.55364, 0.58408, 0.71798, 0.73874, 0.64286
0.56067, 0.61486, 0.72697, 0.65766, 0.68750
0.55351, 0.59855, 0.73034, 0.66667, 0.64286
0.55079, 0.58069, 0.73371, 0.72072, 0.68750
0.54265, 0.62377, 0.72809, 0.67568, 0.62500
0.54237, 0.62287, 0.73146, 0.64865, 0.68750
0.55883, 0.59098, 0.73820, 0.68468, 0.67857
0.53840, 0.60383, 0.74494, 0.71171, 0.65179
0.54807, 0.64869, 0.74045, 0.65766, 0.66071
0.53204, 0.59535, 0.74944, 0.66667, 0.66964
0.53691, 0.61091, 0.74157, 0.67568, 0.68750
0.54921, 0.59043, 0.75730, 0.69369, 0.67857
0.55381, 0.61912, 0.74944, 0.68468, 0.71429
0.54351, 0.64296, 0.74270, 0.64865, 0.65179
0.53422, 0.66794, 0.73371, 0.64865, 0.66071
0.53033, 0.60997, 0.74157, 0.67568, 0.73214
0.53441, 0.58706, 0.76742, 0.70270, 0.73214
0.53057, 0.61560, 0.75169, 0.70270, 0.74107
0.52337, 0.63930, 0.75955, 0.65766, 0.69643
0.52992, 0.66404, 0.75506, 0.65766, 0.70536
============================================================================================================================
Namespace(pooling='lspool', batch_size=32, lr=0.0001, epochs=200, pool_ratio=0.5, dataset='Mutagenicity', edges=False, runs=10, logging='logs/02_04_24/lspool3conv_2attn_nosum', config='config/config.json', patience=20, seeds='config/seeds'); _CudaDeviceProperties(name='NVIDIA GeForce RTX 4060 Ti', major=8, minor=9, total_memory=16379MB, multi_processor_count=34); {'hidden_features': 128, 'nonlinearity': 'elu', 'p_dropout': 0.0, 'conv_layer': 'GraphConv', 'pre_gnn': [64, 128], 'post_gnn': [128, 64], 'pre_pool_convs': 2, 'post_pool_convs': 1} 
----------------------------------------------------------------------------------------------------------------------------
0.68397, 0.66830, 0.64226, 0.62903, 0.60829
0.63529, 0.61069, 0.66763, 0.65207, 0.67051
0.60437, 0.62562, 0.67483, 0.64055, 0.68433
0.58775, 0.59293, 0.69790, 0.66129, 0.68433
0.57133, 0.59921, 0.71144, 0.67972, 0.71659
0.55826, 0.57726, 0.72528, 0.67972, 0.71659
0.54578, 0.56436, 0.73249, 0.69355, 0.70968
0.53459, 0.55353, 0.74604, 0.70968, 0.72350
0.53242, 0.54964, 0.73681, 0.70968, 0.73272
0.53184, 0.57479, 0.72672, 0.70507, 0.73041
0.53145, 0.54617, 0.74287, 0.71198, 0.73272
0.51503, 0.53786, 0.75267, 0.70507, 0.72581
0.52188, 0.52732, 0.75411, 0.73041, 0.74885
0.51127, 0.52245, 0.75757, 0.72811, 0.73733
0.50835, 0.52293, 0.76333, 0.73502, 0.74424
0.51640, 0.54572, 0.74488, 0.71659, 0.71659
0.50604, 0.53279, 0.76391, 0.73272, 0.76037
0.49904, 0.51517, 0.76304, 0.72581, 0.74885
0.49523, 0.51073, 0.77342, 0.73733, 0.74424
0.49481, 0.57220, 0.74229, 0.72350, 0.72350
0.49988, 0.53286, 0.76160, 0.73502, 0.74885
0.48814, 0.51739, 0.76420, 0.74424, 0.73733
0.49288, 0.51144, 0.77169, 0.75806, 0.76267
0.49023, 0.50365, 0.77746, 0.74885, 0.75806
0.48842, 0.52218, 0.76939, 0.73272, 0.73963
0.48711, 0.53851, 0.75353, 0.74424, 0.73963
0.48699, 0.50845, 0.78351, 0.74885, 0.75346
0.48169, 0.50875, 0.77054, 0.77419, 0.75115
0.47827, 0.49265, 0.78438, 0.75346, 0.76498
0.47762, 0.50104, 0.77746, 0.77189, 0.75115
0.47500, 0.50329, 0.77544, 0.76037, 0.75115
0.48294, 0.50241, 0.78812, 0.75806, 0.75115
0.48078, 0.49594, 0.78784, 0.75576, 0.74654
0.47272, 0.50554, 0.78784, 0.73963, 0.75346
0.46842, 0.49280, 0.78841, 0.75806, 0.76959
0.46778, 0.49748, 0.79245, 0.76267, 0.75806
0.46121, 0.49744, 0.78322, 0.76037, 0.75806
0.46080, 0.47616, 0.78928, 0.78111, 0.76728
0.47242, 0.50017, 0.78668, 0.76267, 0.74885
0.46611, 0.48689, 0.78956, 0.75576, 0.75576
0.46805, 0.49780, 0.78899, 0.75115, 0.77419
0.45657, 0.49573, 0.78639, 0.77189, 0.75576
0.46149, 0.49523, 0.78812, 0.74885, 0.76037
0.45550, 0.50141, 0.79389, 0.74194, 0.74194
0.45102, 0.51530, 0.77256, 0.73502, 0.73733
0.45139, 0.48540, 0.80657, 0.77189, 0.75806
0.45271, 0.50433, 0.79129, 0.74885, 0.76959
0.45561, 0.47069, 0.80715, 0.76498, 0.77650
0.44948, 0.48636, 0.80628, 0.76959, 0.78341
0.45270, 0.47112, 0.81349, 0.77189, 0.77650
0.43950, 0.49528, 0.79475, 0.77419, 0.75806
0.44101, 0.48214, 0.80888, 0.76498, 0.76267
0.44310, 0.47265, 0.81551, 0.77880, 0.77189
0.44726, 0.49520, 0.80859, 0.76037, 0.73733
0.44289, 0.49210, 0.80283, 0.76498, 0.74194
0.43822, 0.48103, 0.81205, 0.77650, 0.75576
0.43096, 0.47871, 0.81724, 0.77880, 0.76728
0.43334, 0.53748, 0.77025, 0.73502, 0.71429
0.42967, 0.48700, 0.82243, 0.79032, 0.76728
0.42149, 0.47525, 0.82675, 0.78802, 0.76037
0.42401, 0.50048, 0.80773, 0.76498, 0.74194
0.42466, 0.49610, 0.81032, 0.76959, 0.76728
0.42609, 0.51725, 0.79302, 0.73733, 0.73733
0.42763, 0.49080, 0.81320, 0.77650, 0.76267
0.42020, 0.49136, 0.81118, 0.77880, 0.77419
0.42085, 0.48060, 0.83280, 0.77880, 0.76728
0.42210, 0.47707, 0.81954, 0.79032, 0.78341
0.41969, 0.47011, 0.82646, 0.79263, 0.77650
0.41576, 0.48945, 0.82358, 0.77189, 0.77650
0.41347, 0.48289, 0.82992, 0.76728, 0.77419
0.40945, 0.48923, 0.82646, 0.78802, 0.77419
0.41254, 0.53344, 0.79735, 0.74885, 0.73272
0.42079, 0.47976, 0.83799, 0.78341, 0.78111
0.41591, 0.53235, 0.79072, 0.74194, 0.73041
0.41240, 0.49054, 0.83367, 0.77189, 0.76037
0.40958, 0.50461, 0.81118, 0.76037, 0.76037
0.40546, 0.50466, 0.82531, 0.79493, 0.76728
0.39768, 0.49920, 0.82272, 0.78802, 0.78111
0.40562, 0.54473, 0.80455, 0.76959, 0.76728
0.41155, 0.53460, 0.81320, 0.78111, 0.77650
0.40069, 0.47536, 0.84203, 0.79032, 0.79493
0.39992, 0.54360, 0.78697, 0.71659, 0.73041
0.40670, 0.54535, 0.79302, 0.75346, 0.72581
0.40529, 0.52886, 0.79158, 0.75806, 0.74194
0.40478, 0.46075, 0.84318, 0.79263, 0.79263
0.39244, 0.46861, 0.84578, 0.78802, 0.78571
0.39898, 0.46493, 0.84520, 0.79954, 0.78571
0.38819, 0.49138, 0.83108, 0.77419, 0.76037
0.40034, 0.50762, 0.84145, 0.76959, 0.77880
0.38929, 0.48269, 0.84866, 0.79263, 0.79493
0.39829, 0.48013, 0.84808, 0.78111, 0.78802
0.39078, 0.48529, 0.83626, 0.78111, 0.76959
0.39909, 0.48666, 0.83713, 0.77880, 0.79032
0.38335, 0.50269, 0.84203, 0.77419, 0.78571
0.38826, 0.46699, 0.84088, 0.79724, 0.79032
0.40126, 0.46623, 0.84779, 0.78802, 0.79032
0.38713, 0.51560, 0.82906, 0.76267, 0.76728
0.37940, 0.47601, 0.85097, 0.77880, 0.80184
0.38403, 0.49360, 0.83021, 0.76959, 0.77650
0.38297, 0.48272, 0.84635, 0.78571, 0.79954
0.37897, 0.48296, 0.83511, 0.77189, 0.76037
0.38789, 0.47475, 0.84952, 0.78802, 0.78571
0.38583, 0.48193, 0.83915, 0.78341, 0.78802
0.37287, 0.47964, 0.85068, 0.77650, 0.77880
0.37143, 0.46586, 0.85385, 0.78571, 0.79724
----------------------------------------------------------------------------------------------------------------------------
0.64686, 0.59785, 0.68925, 0.70276, 0.70046
0.59060, 0.58623, 0.70308, 0.67742, 0.70737
0.57696, 0.57851, 0.70135, 0.70276, 0.67512
0.56185, 0.56176, 0.71923, 0.71429, 0.70276
0.54746, 0.56139, 0.71462, 0.72120, 0.69816
0.53724, 0.55313, 0.74431, 0.73502, 0.70276
0.53121, 0.53655, 0.74027, 0.74424, 0.72581
0.53343, 0.53601, 0.74546, 0.74424, 0.73272
0.52059, 0.54096, 0.73854, 0.73733, 0.72811
0.51352, 0.53268, 0.74373, 0.72350, 0.71659
0.50765, 0.51754, 0.76016, 0.73733, 0.73963
0.50455, 0.52160, 0.76391, 0.73963, 0.75346
0.50331, 0.51841, 0.75641, 0.75115, 0.75346
0.50106, 0.51030, 0.75584, 0.76267, 0.73963
0.49744, 0.53500, 0.74632, 0.73041, 0.73963
0.48416, 0.55117, 0.74632, 0.74194, 0.73502
0.49430, 0.49999, 0.78034, 0.76498, 0.76959
0.48074, 0.50234, 0.77256, 0.76728, 0.75346
0.48772, 0.50821, 0.77717, 0.74424, 0.75346
0.47897, 0.49878, 0.78438, 0.78111, 0.76267
0.46997, 0.50238, 0.77400, 0.75346, 0.75806
0.46732, 0.48392, 0.79475, 0.77650, 0.76959
0.46399, 0.48828, 0.78034, 0.76037, 0.75806
0.46367, 0.48868, 0.79302, 0.76728, 0.75115
0.45820, 0.49438, 0.78553, 0.75806, 0.77189
0.46414, 0.48296, 0.80052, 0.77880, 0.78111
0.45173, 0.47397, 0.81205, 0.78802, 0.78802
0.44836, 0.47862, 0.80600, 0.77880, 0.76728
0.45747, 0.47347, 0.80600, 0.79724, 0.77419
0.46073, 0.49349, 0.79533, 0.77189, 0.76728
0.44405, 0.49022, 0.80052, 0.77880, 0.76498
0.44294, 0.48602, 0.79302, 0.75576, 0.78111
0.44140, 0.45439, 0.81176, 0.79724, 0.78111
0.44078, 0.47708, 0.81234, 0.77880, 0.77650
0.43425, 0.46547, 0.81954, 0.79724, 0.78571
0.43531, 0.47582, 0.80542, 0.78571, 0.77419
0.42732, 0.47242, 0.81176, 0.78571, 0.77189
0.43216, 0.47082, 0.81205, 0.76267, 0.77650
0.43042, 0.45783, 0.82416, 0.78341, 0.78571
0.42685, 0.47463, 0.81003, 0.76959, 0.77419
0.42401, 0.45517, 0.82560, 0.78802, 0.78341
0.42790, 0.46191, 0.82214, 0.79493, 0.77419
0.41214, 0.46895, 0.82300, 0.80184, 0.77650
0.41899, 0.51622, 0.77746, 0.73272, 0.76037
0.42475, 0.46496, 0.82272, 0.80415, 0.76267
0.42122, 0.49742, 0.80254, 0.76267, 0.76498
0.42310, 0.47089, 0.82704, 0.78802, 0.77419
0.41334, 0.47737, 0.80744, 0.76728, 0.77189
0.40903, 0.46172, 0.82300, 0.80415, 0.77880
0.40411, 0.46461, 0.82790, 0.79954, 0.79032
0.41189, 0.46224, 0.83799, 0.79493, 0.79954
0.40674, 0.47345, 0.83136, 0.79724, 0.78802
0.42056, 0.46882, 0.81926, 0.77189, 0.78341
----------------------------------------------------------------------------------------------------------------------------
0.68258, 0.67954, 0.56731, 0.56221, 0.51152
0.66289, 0.67501, 0.61343, 0.59447, 0.62212
0.65018, 0.65665, 0.62929, 0.60599, 0.59677
0.63615, 0.65812, 0.63909, 0.62673, 0.64286
0.63104, 0.62789, 0.63246, 0.63364, 0.59908
0.61570, 0.60571, 0.64774, 0.62212, 0.61521
0.60673, 0.63179, 0.63880, 0.63364, 0.63825
0.58429, 0.61082, 0.66244, 0.64977, 0.60369
0.58103, 0.58756, 0.69790, 0.67742, 0.65668
0.57258, 0.57999, 0.70683, 0.69124, 0.68203
0.55962, 0.57970, 0.71231, 0.70507, 0.68894
0.55939, 0.57813, 0.70827, 0.69124, 0.65438
0.55169, 0.57732, 0.71144, 0.69585, 0.67742
0.55336, 0.56278, 0.72499, 0.70968, 0.69816
0.54637, 0.56527, 0.72326, 0.70507, 0.68433
0.54113, 0.56485, 0.73278, 0.70046, 0.72120
0.53932, 0.57478, 0.72615, 0.70507, 0.70507
0.53574, 0.57557, 0.73941, 0.72581, 0.73502
0.52909, 0.57891, 0.72816, 0.70968, 0.69124
0.53093, 0.57437, 0.73710, 0.71659, 0.71659
0.52386, 0.56794, 0.73825, 0.69585, 0.71429
0.52316, 0.56516, 0.75007, 0.73041, 0.71889
0.52014, 0.57690, 0.73941, 0.74424, 0.69585
0.51284, 0.55317, 0.74719, 0.72581, 0.71429
0.52141, 0.55343, 0.75901, 0.72120, 0.71659
0.51519, 0.56824, 0.75065, 0.72120, 0.72350
0.51001, 0.56106, 0.75411, 0.72120, 0.71429
0.50749, 0.55827, 0.76016, 0.71659, 0.73041
0.50833, 0.56138, 0.76189, 0.73041, 0.72581
0.50127, 0.56406, 0.76218, 0.72350, 0.72811
0.50181, 0.55634, 0.76823, 0.71429, 0.70507
0.50088, 0.56635, 0.76333, 0.72350, 0.73733
0.49977, 0.56920, 0.75526, 0.72581, 0.70276
0.49707, 0.55707, 0.77140, 0.72811, 0.74194
0.49252, 0.56017, 0.76506, 0.73272, 0.72350
0.49123, 0.54639, 0.77025, 0.73041, 0.75346
0.48640, 0.56642, 0.76852, 0.73963, 0.73733
0.48775, 0.55911, 0.76189, 0.73041, 0.71659
0.48760, 0.54633, 0.77112, 0.73041, 0.72120
0.48480, 0.55213, 0.77630, 0.74424, 0.73502
0.48199, 0.54898, 0.78207, 0.73502, 0.74654
0.48654, 0.54482, 0.77602, 0.73733, 0.73733
0.48409, 0.55094, 0.76362, 0.73502, 0.73502
0.48664, 0.55292, 0.77486, 0.73502, 0.71429
0.47900, 0.55222, 0.78063, 0.74654, 0.73272
0.47912, 0.54634, 0.78063, 0.74654, 0.73272
0.47734, 0.54972, 0.77169, 0.73963, 0.72120
0.47494, 0.54174, 0.77688, 0.75806, 0.73502
0.47661, 0.54983, 0.77083, 0.74194, 0.73963
0.46735, 0.54026, 0.78438, 0.73963, 0.73963
0.47307, 0.55218, 0.76708, 0.74885, 0.72581
0.47494, 0.55510, 0.77054, 0.73733, 0.72811
0.47738, 0.54837, 0.78265, 0.73733, 0.74424
0.46881, 0.54471, 0.77573, 0.74654, 0.74654
0.47094, 0.56046, 0.76304, 0.73041, 0.72581
0.47148, 0.54235, 0.79101, 0.73733, 0.72350
0.46438, 0.51941, 0.79360, 0.75576, 0.73733
0.47261, 0.54841, 0.78178, 0.74654, 0.73041
0.46296, 0.57651, 0.75872, 0.72811, 0.72120
0.46734, 0.53606, 0.78639, 0.73733, 0.73041
0.46337, 0.53877, 0.77976, 0.74424, 0.72120
0.46764, 0.53256, 0.79043, 0.75115, 0.74424
0.45563, 0.53685, 0.78582, 0.74654, 0.73733
0.45667, 0.54764, 0.79072, 0.74654, 0.73041
0.46740, 0.52255, 0.79821, 0.72811, 0.73733
0.45723, 0.54060, 0.79447, 0.74654, 0.73502
0.46177, 0.54146, 0.78380, 0.75576, 0.72350
0.46452, 0.54968, 0.79014, 0.73272, 0.72811
0.45346, 0.54933, 0.78841, 0.74654, 0.75576
0.45083, 0.52896, 0.79129, 0.74424, 0.73041
0.44796, 0.53220, 0.80138, 0.74885, 0.74194
0.44478, 0.53765, 0.79533, 0.73963, 0.74654
0.44581, 0.53987, 0.79533, 0.74885, 0.73502
0.44395, 0.60692, 0.73941, 0.71889, 0.73272
0.44846, 0.54305, 0.80571, 0.74654, 0.73733
0.44790, 0.53866, 0.80283, 0.74194, 0.74885
0.44974, 0.52977, 0.80110, 0.74424, 0.75806
----------------------------------------------------------------------------------------------------------------------------
0.68294, 0.67967, 0.56299, 0.55991, 0.50691
0.66364, 0.67424, 0.61833, 0.59677, 0.62903
0.64977, 0.65649, 0.63188, 0.60138, 0.59677
0.63645, 0.64450, 0.64831, 0.64977, 0.64286
0.63295, 0.63612, 0.62958, 0.61521, 0.61060
0.61573, 0.61016, 0.65840, 0.63134, 0.62442
0.60219, 0.63078, 0.63505, 0.63364, 0.62903
0.58408, 0.59899, 0.67483, 0.66129, 0.60829
0.57890, 0.58346, 0.68838, 0.66590, 0.65438
0.57547, 0.58041, 0.69645, 0.67512, 0.68203
0.56529, 0.57976, 0.70510, 0.69124, 0.67972
0.56472, 0.57636, 0.70308, 0.67742, 0.65668
0.55731, 0.57328, 0.71289, 0.71198, 0.67972
0.55991, 0.57037, 0.72384, 0.70046, 0.69355
0.54755, 0.56763, 0.72240, 0.70507, 0.67512
0.54263, 0.56383, 0.72672, 0.71198, 0.69585
0.53897, 0.58368, 0.72384, 0.71659, 0.69585
0.53783, 0.58280, 0.73566, 0.72581, 0.72581
0.53288, 0.58630, 0.73364, 0.71659, 0.69124
0.53193, 0.57145, 0.74258, 0.71889, 0.71429
0.52832, 0.56991, 0.73306, 0.71429, 0.71198
0.52648, 0.57720, 0.74229, 0.70737, 0.70276
0.52591, 0.58208, 0.72989, 0.72811, 0.69355
0.51510, 0.55622, 0.74632, 0.72811, 0.72811
0.52214, 0.55592, 0.75699, 0.71659, 0.71889
0.51983, 0.56317, 0.75007, 0.73963, 0.72120
0.51229, 0.56132, 0.75757, 0.74424, 0.71659
0.50899, 0.55953, 0.77025, 0.71429, 0.72581
0.50326, 0.56018, 0.76333, 0.73733, 0.71429
0.49577, 0.56380, 0.77083, 0.73733, 0.72811
0.50214, 0.55701, 0.77227, 0.71198, 0.72581
0.49879, 0.55644, 0.77083, 0.73272, 0.73733
0.49703, 0.56469, 0.75468, 0.74424, 0.72350
0.49243, 0.54247, 0.77746, 0.74194, 0.72811
0.49264, 0.55950, 0.76131, 0.73272, 0.72120
0.49239, 0.54492, 0.77573, 0.74424, 0.74194
0.48697, 0.55486, 0.77775, 0.74424, 0.72581
0.49246, 0.54912, 0.76477, 0.73733, 0.71429
0.48630, 0.53644, 0.77169, 0.75806, 0.71889
0.48579, 0.54192, 0.77948, 0.74194, 0.73272
0.48222, 0.54353, 0.77775, 0.74654, 0.73041
0.48541, 0.53557, 0.77313, 0.75806, 0.72581
0.48443, 0.55045, 0.77659, 0.75115, 0.75115
0.48462, 0.54627, 0.78265, 0.75576, 0.72811
0.48059, 0.55147, 0.78293, 0.74424, 0.72581
0.47915, 0.54379, 0.77919, 0.75806, 0.73041
0.47754, 0.54971, 0.77342, 0.73041, 0.72120
0.47727, 0.55363, 0.77861, 0.74424, 0.73733
0.47767, 0.55673, 0.76852, 0.74194, 0.72811
0.46980, 0.54727, 0.78207, 0.74654, 0.72811
0.47780, 0.55246, 0.76766, 0.74194, 0.71889
0.47305, 0.54420, 0.77630, 0.74194, 0.71429
0.47441, 0.55303, 0.78236, 0.74885, 0.72120
0.47044, 0.53885, 0.78639, 0.75576, 0.73733
0.46992, 0.55756, 0.76939, 0.73733, 0.70046
0.47359, 0.54670, 0.79187, 0.76037, 0.71889
0.46756, 0.52706, 0.78524, 0.75346, 0.72581
0.47348, 0.55993, 0.78034, 0.73272, 0.73502
0.46544, 0.56203, 0.77112, 0.73272, 0.71198
0.46800, 0.54404, 0.79447, 0.73502, 0.73733
0.46575, 0.53912, 0.78351, 0.73041, 0.72581
0.46715, 0.53232, 0.78466, 0.75115, 0.74194
0.46013, 0.54486, 0.78928, 0.75576, 0.72581
0.46079, 0.53960, 0.79418, 0.76037, 0.73502
0.46350, 0.51696, 0.80773, 0.74194, 0.74194
0.45408, 0.53568, 0.79447, 0.75346, 0.72581
0.46204, 0.54791, 0.78755, 0.73502, 0.72811
0.46026, 0.55672, 0.78611, 0.75576, 0.73502
0.44894, 0.55372, 0.78956, 0.76267, 0.73733
0.44765, 0.52790, 0.78956, 0.73733, 0.73272
0.45224, 0.51643, 0.81090, 0.74424, 0.73963
0.44018, 0.53939, 0.79965, 0.74654, 0.75576
0.45050, 0.54094, 0.79591, 0.74194, 0.76037
0.44151, 0.58677, 0.75123, 0.73733, 0.73502
0.45176, 0.54041, 0.80484, 0.75346, 0.75576
0.44400, 0.52416, 0.81263, 0.75115, 0.76267
0.44964, 0.51906, 0.81032, 0.76037, 0.76498
0.43776, 0.54504, 0.79418, 0.74424, 0.74424
0.44115, 0.52026, 0.80571, 0.76267, 0.75576
0.43807, 0.53013, 0.80686, 0.76959, 0.76037
0.43870, 0.52365, 0.81147, 0.76498, 0.74424
0.44190, 0.52372, 0.81464, 0.74424, 0.75346
0.43309, 0.53594, 0.81753, 0.75806, 0.74194
0.43781, 0.51718, 0.80974, 0.74654, 0.74654
0.43397, 0.51621, 0.81147, 0.76037, 0.74654
0.43304, 0.52972, 0.80484, 0.75576, 0.75115
0.43267, 0.52264, 0.80801, 0.76498, 0.76267
0.42856, 0.53507, 0.80369, 0.75346, 0.74654
0.43056, 0.52148, 0.81868, 0.76959, 0.75576
0.42585, 0.52801, 0.82272, 0.75346, 0.76498
0.42535, 0.53690, 0.80801, 0.76037, 0.74654
0.43059, 0.52523, 0.81609, 0.77189, 0.74654
0.41926, 0.57012, 0.78812, 0.75806, 0.75576
0.41877, 0.51543, 0.82992, 0.76267, 0.75806
0.42021, 0.55512, 0.80427, 0.73502, 0.76267
0.42369, 0.52696, 0.82358, 0.76037, 0.77650
0.41893, 0.51584, 0.82156, 0.77189, 0.76959
0.41596, 0.52194, 0.82848, 0.77189, 0.77189
0.41204, 0.51826, 0.82502, 0.76037, 0.76267
0.41969, 0.54280, 0.80830, 0.73272, 0.75576
0.41116, 0.53139, 0.81868, 0.76498, 0.73733
0.41948, 0.51351, 0.81868, 0.76498, 0.74654
0.41176, 0.53311, 0.82473, 0.77189, 0.77419
0.42355, 0.51923, 0.83252, 0.76037, 0.77880
0.40904, 0.53032, 0.83194, 0.77189, 0.77189
0.41271, 0.53598, 0.83079, 0.77189, 0.76728
0.40135, 0.51919, 0.83425, 0.76959, 0.76728
0.40966, 0.53982, 0.83136, 0.76267, 0.76728
0.40719, 0.54627, 0.81176, 0.76267, 0.74654
0.40425, 0.52280, 0.83540, 0.77880, 0.77650
0.40125, 0.53965, 0.81493, 0.75576, 0.75806
0.39339, 0.54172, 0.82387, 0.76959, 0.75576
0.40131, 0.52046, 0.83742, 0.77650, 0.77650
0.39537, 0.51909, 0.83972, 0.76498, 0.76728
0.39227, 0.56318, 0.81464, 0.76037, 0.76267
0.39280, 0.50901, 0.84232, 0.77189, 0.77189
0.39331, 0.52620, 0.84376, 0.77419, 0.76959
0.39576, 0.53428, 0.84001, 0.74885, 0.77419
0.38396, 0.53040, 0.84434, 0.76498, 0.75115
0.39497, 0.52577, 0.84837, 0.76959, 0.76498
0.38693, 0.52234, 0.84116, 0.78571, 0.76498
0.39397, 0.52227, 0.84261, 0.77419, 0.75115
0.38546, 0.53667, 0.83915, 0.78341, 0.76037
0.38456, 0.52336, 0.84434, 0.77419, 0.77189
0.38238, 0.54056, 0.83655, 0.77189, 0.76498
0.37831, 0.53182, 0.84751, 0.76959, 0.74654
0.37821, 0.52943, 0.85529, 0.77880, 0.76959
0.37705, 0.53641, 0.83886, 0.78802, 0.76267
0.38299, 0.51946, 0.84952, 0.77650, 0.77419
0.38300, 0.53757, 0.84751, 0.76498, 0.77650
0.37516, 0.52825, 0.84520, 0.79954, 0.75806
0.37261, 0.54341, 0.83713, 0.77189, 0.76498
0.37254, 0.54792, 0.84261, 0.77650, 0.76959
0.37632, 0.53944, 0.84664, 0.77189, 0.76959
0.37723, 0.53391, 0.85039, 0.77419, 0.75576
0.37065, 0.52614, 0.85846, 0.77880, 0.77419
----------------------------------------------------------------------------------------------------------------------------
0.66703, 0.61620, 0.67195, 0.63594, 0.63594
0.58767, 0.60379, 0.68838, 0.67051, 0.67742
0.57404, 0.61423, 0.70193, 0.67972, 0.70507
0.56525, 0.58178, 0.72240, 0.71429, 0.70737
0.55464, 0.57883, 0.72874, 0.70276, 0.71429
0.54397, 0.56712, 0.72903, 0.70737, 0.71429
0.53826, 0.56806, 0.74085, 0.71198, 0.72581
0.53251, 0.57700, 0.71692, 0.68664, 0.69585
0.53049, 0.55842, 0.72067, 0.70737, 0.70507
0.52180, 0.57498, 0.74142, 0.70968, 0.73041
0.51106, 0.54282, 0.75641, 0.71659, 0.75576
0.50986, 0.53524, 0.76737, 0.71889, 0.75806
0.51402, 0.57774, 0.74978, 0.70276, 0.71889
0.49653, 0.53353, 0.77746, 0.73963, 0.77419
0.49622, 0.53072, 0.76564, 0.73502, 0.77419
0.48687, 0.53094, 0.77400, 0.74194, 0.75576
0.48218, 0.55183, 0.77688, 0.71659, 0.75806
0.48081, 0.51842, 0.76996, 0.74885, 0.76037
0.47166, 0.52329, 0.78726, 0.74194, 0.78802
0.47502, 0.51426, 0.79706, 0.75576, 0.78802
0.47306, 0.56630, 0.77948, 0.72120, 0.74654
0.46787, 0.51582, 0.77861, 0.74424, 0.76037
0.45631, 0.52995, 0.79187, 0.74424, 0.76267
0.44786, 0.52325, 0.79562, 0.73733, 0.78111
0.45563, 0.50840, 0.80917, 0.75806, 0.77650
0.44915, 0.51058, 0.80830, 0.75346, 0.78802
0.44854, 0.50101, 0.81407, 0.76037, 0.77650
0.44416, 0.50480, 0.80455, 0.75115, 0.79032
0.44245, 0.50096, 0.81349, 0.76267, 0.78802
0.44016, 0.52864, 0.80254, 0.73733, 0.76037
0.44171, 0.50692, 0.81176, 0.76037, 0.78111
0.43201, 0.50046, 0.81407, 0.76267, 0.77650
0.44623, 0.50175, 0.81378, 0.75346, 0.78341
0.43067, 0.51625, 0.81349, 0.74194, 0.78111
0.43173, 0.49048, 0.81954, 0.75346, 0.78111
0.42298, 0.53979, 0.80138, 0.73041, 0.77419
0.43414, 0.49318, 0.81954, 0.76959, 0.78571
0.42617, 0.66211, 0.76362, 0.69816, 0.73041
0.42981, 0.52338, 0.78351, 0.73733, 0.75806
0.42908, 0.52741, 0.76593, 0.73963, 0.72581
0.42739, 0.50807, 0.81983, 0.76267, 0.77419
0.41543, 0.48663, 0.82589, 0.76267, 0.78802
0.41986, 0.48543, 0.82675, 0.77419, 0.78341
0.42243, 0.49517, 0.80196, 0.76728, 0.76498
0.42317, 0.48289, 0.81926, 0.74654, 0.76728
0.41603, 0.47642, 0.82156, 0.76728, 0.75115
0.41552, 0.49398, 0.82963, 0.76959, 0.79032
0.40511, 0.48410, 0.83799, 0.76959, 0.79493
0.41012, 0.49048, 0.83655, 0.76267, 0.80415
0.40430, 0.47887, 0.82127, 0.76037, 0.76037
0.40850, 0.49540, 0.82272, 0.75115, 0.78341
0.39896, 0.48169, 0.84203, 0.77419, 0.77880
0.41310, 0.48015, 0.82041, 0.75115, 0.76728
0.40609, 0.52692, 0.81551, 0.73963, 0.77189
0.40638, 0.48655, 0.83453, 0.76498, 0.79263
0.40079, 0.49401, 0.82646, 0.75576, 0.78571
0.39512, 0.54927, 0.80744, 0.73041, 0.77419
0.39567, 0.48401, 0.81407, 0.75346, 0.75806
0.40075, 0.47097, 0.84462, 0.76728, 0.78802
0.40202, 0.48158, 0.84001, 0.77880, 0.79724
0.40722, 0.47349, 0.84261, 0.75806, 0.78341
0.39917, 0.47048, 0.84664, 0.76498, 0.79032
0.39399, 0.46946, 0.84261, 0.76728, 0.77650
0.39516, 0.51344, 0.83136, 0.76498, 0.78111
0.38662, 0.50137, 0.84203, 0.77880, 0.78571
0.39033, 0.46910, 0.84808, 0.76959, 0.78111
0.38134, 0.47781, 0.84491, 0.76959, 0.79954
0.39991, 0.49769, 0.82416, 0.76498, 0.77189
0.38527, 0.48128, 0.85039, 0.76728, 0.78802
0.38247, 0.49102, 0.85587, 0.76267, 0.79724
0.38166, 0.50503, 0.83540, 0.76498, 0.78111
0.37937, 0.49473, 0.84722, 0.74885, 0.77880
0.37799, 0.47084, 0.84924, 0.77650, 0.79032
0.37975, 0.50733, 0.83108, 0.75576, 0.77189
0.37886, 0.46457, 0.85500, 0.78341, 0.78571
0.38294, 0.49176, 0.84232, 0.76037, 0.77650
0.38237, 0.48452, 0.85702, 0.76267, 0.79032
0.37659, 0.51851, 0.84116, 0.74885, 0.78802
0.37351, 0.47020, 0.85356, 0.77419, 0.79263
0.36863, 0.46927, 0.85068, 0.78571, 0.77880
0.37040, 0.49762, 0.85154, 0.76037, 0.78571
0.36608, 0.46826, 0.86192, 0.77650, 0.80645
0.36661, 0.49190, 0.85270, 0.77419, 0.78802
0.36778, 0.48396, 0.85587, 0.75806, 0.78802
0.37311, 0.48232, 0.85558, 0.76498, 0.79032
0.36419, 0.48404, 0.85471, 0.76728, 0.78111
0.36449, 0.49357, 0.83886, 0.74424, 0.74885
0.36076, 0.53101, 0.84607, 0.74654, 0.77419
0.35932, 0.46708, 0.86019, 0.78571, 0.79954
0.37183, 0.49722, 0.86365, 0.76498, 0.77189
0.35734, 0.49116, 0.85702, 0.77419, 0.77880
0.35944, 0.45763, 0.85298, 0.78341, 0.78111
0.37198, 0.47725, 0.85933, 0.76728, 0.79724
0.36018, 0.48314, 0.86106, 0.77880, 0.79954
0.34949, 0.47544, 0.86682, 0.77650, 0.78802
0.35812, 0.46131, 0.86451, 0.78111, 0.79493
0.35560, 0.49254, 0.86163, 0.75115, 0.78571
0.34943, 0.47039, 0.86884, 0.77419, 0.77880
0.35077, 0.48261, 0.84607, 0.77650, 0.76728
0.35638, 0.49522, 0.83742, 0.78111, 0.76959
0.35475, 0.47748, 0.86740, 0.76267, 0.78571
0.35427, 0.48588, 0.86509, 0.75346, 0.78802
0.35188, 0.45964, 0.86797, 0.77880, 0.78111
0.35597, 0.52095, 0.84779, 0.75115, 0.78802
0.34581, 0.52446, 0.85846, 0.74424, 0.78341
0.35468, 0.46953, 0.87086, 0.79493, 0.79954
0.35623, 0.49026, 0.86394, 0.76959, 0.78341
0.34682, 0.46564, 0.86855, 0.79493, 0.80184
0.34230, 0.46589, 0.87028, 0.78341, 0.78571
0.34878, 0.47784, 0.87028, 0.77880, 0.80645
0.33693, 0.47082, 0.86394, 0.78802, 0.81336
0.34817, 0.51810, 0.85241, 0.76037, 0.80645
----------------------------------------------------------------------------------------------------------------------------
0.68446, 0.68947, 0.56731, 0.52074, 0.60599
0.66107, 0.66310, 0.60940, 0.58756, 0.61521
0.62274, 0.62524, 0.65350, 0.62212, 0.64977
0.62190, 0.61478, 0.65840, 0.64747, 0.61060
0.62440, 0.65965, 0.61113, 0.61751, 0.56912
0.61581, 0.64178, 0.65120, 0.61060, 0.61751
0.62253, 0.64504, 0.62958, 0.62442, 0.64747
0.60859, 0.64278, 0.66273, 0.61982, 0.64516
0.61263, 0.62106, 0.66820, 0.64055, 0.63134
0.59742, 0.62416, 0.67397, 0.63134, 0.66359
0.58423, 0.60880, 0.70078, 0.65899, 0.65668
0.56687, 0.59775, 0.71231, 0.67051, 0.70276
0.55886, 0.57748, 0.71548, 0.67281, 0.69355
0.55689, 0.60273, 0.72297, 0.67051, 0.72811
0.54769, 0.58212, 0.73335, 0.67742, 0.72120
0.54956, 0.56919, 0.73768, 0.69124, 0.69585
0.54336, 0.59585, 0.72961, 0.66820, 0.72120
0.54113, 0.57075, 0.72989, 0.67512, 0.70737
0.53450, 0.56228, 0.75065, 0.69355, 0.71659
0.53247, 0.57046, 0.74661, 0.69816, 0.71889
0.53128, 0.58576, 0.74258, 0.69816, 0.73963
0.53579, 0.57848, 0.73969, 0.68433, 0.72811
0.52613, 0.59069, 0.73969, 0.69124, 0.73272
0.52564, 0.55806, 0.76045, 0.70276, 0.71659
0.52570, 0.57935, 0.75036, 0.71429, 0.73041
0.52280, 0.57169, 0.75238, 0.70507, 0.72811
0.51747, 0.56861, 0.75670, 0.74194, 0.71198
0.51808, 0.56681, 0.75151, 0.70276, 0.70737
0.51818, 0.54807, 0.76189, 0.73502, 0.70046
0.51513, 0.55529, 0.75353, 0.72120, 0.71659
0.51173, 0.54809, 0.76794, 0.74885, 0.73963
0.51763, 0.56293, 0.75786, 0.72581, 0.73502
0.50342, 0.57398, 0.74114, 0.71889, 0.70276
0.50945, 0.58537, 0.74344, 0.69124, 0.71429
0.50532, 0.53598, 0.75987, 0.73733, 0.71429
0.49948, 0.54775, 0.77429, 0.73041, 0.71659
0.49722, 0.53712, 0.76708, 0.74654, 0.73041
0.49814, 0.58624, 0.75670, 0.70737, 0.72811
0.50230, 0.53527, 0.77602, 0.75576, 0.74194
0.49996, 0.54578, 0.77602, 0.73041, 0.72811
0.50051, 0.53962, 0.77573, 0.74885, 0.73963
0.49264, 0.53585, 0.76794, 0.73041, 0.75115
0.49412, 0.53239, 0.77371, 0.75115, 0.73733
0.49262, 0.53154, 0.77890, 0.73272, 0.74654
0.49566, 0.54466, 0.77832, 0.73733, 0.74654
0.48329, 0.53752, 0.78611, 0.73502, 0.73502
0.49024, 0.53085, 0.77544, 0.73733, 0.73041
0.48179, 0.57112, 0.76218, 0.72120, 0.74424
0.48439, 0.52872, 0.78178, 0.74194, 0.75576
0.48027, 0.51948, 0.78553, 0.74885, 0.75115
0.48272, 0.53640, 0.77861, 0.73041, 0.74885
0.47445, 0.55609, 0.76737, 0.73502, 0.73041
0.48153, 0.52179, 0.78985, 0.73963, 0.75806
0.48181, 0.55029, 0.78063, 0.71429, 0.76037
0.47666, 0.52862, 0.78611, 0.73502, 0.75576
0.47504, 0.53288, 0.79043, 0.73733, 0.75115
0.47369, 0.52052, 0.79187, 0.73963, 0.74654
0.46710, 0.52657, 0.79274, 0.73272, 0.75806
0.46717, 0.51990, 0.79533, 0.75576, 0.76728
0.47543, 0.52923, 0.79302, 0.73733, 0.76037
0.47730, 0.51579, 0.79360, 0.75576, 0.75115
0.47312, 0.52447, 0.79764, 0.74654, 0.76037
0.47468, 0.52791, 0.79072, 0.73502, 0.76498
0.46817, 0.52510, 0.78928, 0.75346, 0.75806
0.46404, 0.51335, 0.79562, 0.76037, 0.76267
0.46931, 0.51533, 0.79994, 0.75346, 0.77189
0.46524, 0.51552, 0.80311, 0.74885, 0.76037
0.46571, 0.52112, 0.79792, 0.73502, 0.75806
0.46011, 0.52686, 0.79216, 0.75346, 0.75806
0.46251, 0.52486, 0.79331, 0.74424, 0.74654
0.46809, 0.52217, 0.80052, 0.72811, 0.76267
0.46193, 0.52429, 0.79014, 0.74424, 0.76037
0.45871, 0.51703, 0.79994, 0.74654, 0.75806
0.45989, 0.51804, 0.80138, 0.74194, 0.76498
0.45462, 0.51535, 0.80744, 0.74885, 0.76959
0.45627, 0.52638, 0.79677, 0.73502, 0.75115
0.46130, 0.53532, 0.78726, 0.72350, 0.75806
0.45889, 0.51778, 0.79764, 0.73963, 0.75576
0.45609, 0.51394, 0.79792, 0.75576, 0.76037
0.45068, 0.51294, 0.80657, 0.73963, 0.77419
0.45622, 0.52690, 0.79043, 0.73041, 0.76959
0.45028, 0.51526, 0.79072, 0.75576, 0.76498
0.45366, 0.50746, 0.81032, 0.75576, 0.77419
0.44496, 0.52283, 0.79879, 0.74424, 0.78111
0.44875, 0.52852, 0.80023, 0.76267, 0.77650
0.44617, 0.51402, 0.80686, 0.75115, 0.78571
0.44863, 0.52274, 0.80455, 0.75346, 0.75115
0.44497, 0.51138, 0.80225, 0.76037, 0.77880
0.44635, 0.50488, 0.80686, 0.76498, 0.76037
0.44410, 0.50253, 0.81493, 0.75115, 0.76498
0.44488, 0.51086, 0.80484, 0.75346, 0.76498
0.44601, 0.49934, 0.80513, 0.75806, 0.74654
0.44072, 0.51712, 0.80600, 0.75115, 0.76498
0.44087, 0.49884, 0.80917, 0.75806, 0.77189
0.43974, 0.50985, 0.81118, 0.76728, 0.77419
0.43537, 0.50243, 0.82127, 0.76267, 0.77189
0.43493, 0.49462, 0.81666, 0.76037, 0.78111
0.44003, 0.52080, 0.80686, 0.75115, 0.79263
0.43865, 0.49671, 0.81320, 0.76037, 0.76728
0.43910, 0.50614, 0.81349, 0.76728, 0.76037
0.43434, 0.51112, 0.81320, 0.75806, 0.78111
0.43078, 0.50849, 0.80801, 0.73733, 0.77189
0.43562, 0.51814, 0.81061, 0.75115, 0.76498
0.43463, 0.50694, 0.81147, 0.76267, 0.77419
0.43506, 0.48918, 0.82070, 0.77419, 0.77880
0.43286, 0.50314, 0.82329, 0.76037, 0.78571
0.42834, 0.52183, 0.81147, 0.75576, 0.77189
0.42975, 0.50513, 0.81032, 0.76037, 0.77880
0.43003, 0.49835, 0.82012, 0.76267, 0.78111
0.43437, 0.48597, 0.82329, 0.78341, 0.77650
0.42393, 0.49790, 0.82329, 0.77880, 0.77880
0.42601, 0.49508, 0.82214, 0.76959, 0.78341
0.43026, 0.50375, 0.81781, 0.77189, 0.78802
0.42760, 0.50361, 0.82127, 0.78111, 0.77419
0.42949, 0.49778, 0.81522, 0.76037, 0.79724
0.41980, 0.50496, 0.81926, 0.77880, 0.76498
0.42693, 0.50371, 0.81176, 0.75806, 0.77650
0.42789, 0.49119, 0.82502, 0.77419, 0.78341
0.41474, 0.49870, 0.82012, 0.77650, 0.76959
0.42003, 0.50454, 0.82935, 0.77189, 0.76498
0.42674, 0.49373, 0.82675, 0.76267, 0.80184
0.42600, 0.48989, 0.82560, 0.76959, 0.80645
0.41094, 0.50060, 0.83165, 0.77189, 0.78571
0.41439, 0.60004, 0.77515, 0.70276, 0.74654
0.41629, 0.50285, 0.81320, 0.75576, 0.79263
0.41647, 0.48975, 0.82127, 0.77880, 0.80184
0.40849, 0.50357, 0.82127, 0.76037, 0.78341
0.42212, 0.52669, 0.80888, 0.74885, 0.77880
0.42156, 0.49739, 0.82329, 0.76728, 0.77880
0.40859, 0.50652, 0.82733, 0.75576, 0.77880
----------------------------------------------------------------------------------------------------------------------------
0.67009, 0.68126, 0.59729, 0.58756, 0.56682
0.63498, 0.64536, 0.65062, 0.60369, 0.61521
0.62739, 0.65143, 0.65898, 0.60369, 0.64055
0.62126, 0.64505, 0.66071, 0.61060, 0.64747
0.61475, 0.63293, 0.66590, 0.62673, 0.63594
0.61285, 0.63150, 0.66878, 0.63594, 0.64516
0.60462, 0.63351, 0.68118, 0.63364, 0.66129
0.59744, 0.61145, 0.70049, 0.68433, 0.67972
0.59355, 0.61349, 0.69645, 0.66590, 0.68894
0.58835, 0.60595, 0.70078, 0.68664, 0.70968
0.57435, 0.62455, 0.70539, 0.65207, 0.70507
0.56036, 0.59119, 0.72182, 0.68664, 0.72811
0.55123, 0.57172, 0.73941, 0.70046, 0.74654
0.54523, 0.57593, 0.73969, 0.68433, 0.74885
0.53692, 0.59645, 0.73105, 0.68433, 0.74654
0.53238, 0.56469, 0.74459, 0.69816, 0.74885
0.53257, 0.55744, 0.74690, 0.68894, 0.75115
0.52002, 0.55421, 0.74921, 0.70968, 0.76037
0.52171, 0.55126, 0.75411, 0.70968, 0.75576
0.51294, 0.53731, 0.76823, 0.72120, 0.76498
0.51258, 0.54615, 0.75094, 0.69585, 0.76728
0.50690, 0.53124, 0.77112, 0.72120, 0.76267
0.50373, 0.53908, 0.76477, 0.71429, 0.75576
0.49531, 0.53228, 0.77775, 0.71889, 0.77650
0.49350, 0.52133, 0.77630, 0.72120, 0.76959
0.49824, 0.52593, 0.78092, 0.73733, 0.77419
0.48968, 0.52910, 0.77861, 0.70737, 0.76959
0.48698, 0.52266, 0.77140, 0.73272, 0.75115
0.48032, 0.53319, 0.77429, 0.72120, 0.77189
0.48384, 0.53003, 0.77198, 0.72120, 0.76267
0.48094, 0.52157, 0.78668, 0.72350, 0.78111
0.47267, 0.50765, 0.78639, 0.72811, 0.76728
0.47448, 0.51533, 0.79101, 0.72811, 0.78341
0.47559, 0.50603, 0.79648, 0.73272, 0.78341
0.46755, 0.51902, 0.78293, 0.72581, 0.78111
0.46246, 0.51939, 0.78409, 0.72581, 0.79032
0.46017, 0.51975, 0.78322, 0.73733, 0.76959
0.46349, 0.51946, 0.78380, 0.73272, 0.79263
0.46804, 0.50275, 0.79533, 0.74885, 0.78802
0.46103, 0.51357, 0.79648, 0.73041, 0.78341
0.45373, 0.49633, 0.79735, 0.74194, 0.78111
0.45719, 0.51078, 0.78207, 0.73733, 0.77189
0.45987, 0.50857, 0.78928, 0.73733, 0.76728
0.45953, 0.51495, 0.78956, 0.73963, 0.79032
0.45328, 0.51411, 0.78928, 0.73963, 0.76498
0.45039, 0.50831, 0.79562, 0.75115, 0.78571
0.44030, 0.49578, 0.80744, 0.74885, 0.80184
0.44608, 0.48194, 0.80859, 0.75576, 0.78571
0.44571, 0.49620, 0.80715, 0.75346, 0.79724
0.43822, 0.48463, 0.80744, 0.76498, 0.79032
0.44384, 0.48476, 0.80859, 0.76037, 0.79263
0.43364, 0.49576, 0.79764, 0.75576, 0.77880
0.44183, 0.49448, 0.82070, 0.77189, 0.80415
0.43552, 0.49698, 0.81061, 0.77419, 0.77880
0.43456, 0.50294, 0.81637, 0.76498, 0.80184
0.42953, 0.48373, 0.82156, 0.77419, 0.79032
0.43004, 0.50230, 0.82358, 0.76498, 0.80645
0.42411, 0.51470, 0.81580, 0.75576, 0.79263
0.42544, 0.48019, 0.82099, 0.78111, 0.79724
0.42701, 0.53274, 0.79764, 0.73733, 0.76498
0.42069, 0.51881, 0.82012, 0.77650, 0.80876
0.42043, 0.50576, 0.82704, 0.77650, 0.79954
0.41802, 0.51098, 0.82243, 0.76959, 0.81106
0.41539, 0.50706, 0.81147, 0.76267, 0.77419
0.41990, 0.48927, 0.82675, 0.76267, 0.80876
0.41418, 0.50417, 0.83050, 0.77880, 0.80184
0.41387, 0.49178, 0.83021, 0.77650, 0.81797
0.40773, 0.49100, 0.83338, 0.78341, 0.80645
0.41049, 0.50210, 0.83598, 0.76037, 0.80415
0.41161, 0.49099, 0.82848, 0.75576, 0.80876
0.40690, 0.53508, 0.82185, 0.76267, 0.79724
0.40285, 0.48957, 0.82906, 0.76728, 0.80645
0.40861, 0.53171, 0.81983, 0.73272, 0.80184
0.40488, 0.53994, 0.81493, 0.74885, 0.79954
0.41673, 0.49051, 0.82992, 0.75346, 0.78571
0.39616, 0.49835, 0.82790, 0.74885, 0.79724
0.40276, 0.50864, 0.83540, 0.75346, 0.80645
0.39545, 0.48503, 0.84289, 0.78341, 0.79263
0.40342, 0.50631, 0.83771, 0.76498, 0.79724
----------------------------------------------------------------------------------------------------------------------------
0.67882, 0.67371, 0.55290, 0.56682, 0.55760
0.67387, 0.66153, 0.64053, 0.62903, 0.64286
0.64326, 0.62698, 0.65148, 0.66590, 0.66820
0.60871, 0.59558, 0.68031, 0.67972, 0.69355
0.59218, 0.58768, 0.69444, 0.68664, 0.71659
0.58081, 0.58738, 0.71087, 0.71429, 0.70507
0.58166, 0.57790, 0.70712, 0.70737, 0.70737
0.56930, 0.56275, 0.71231, 0.72350, 0.71889
0.56158, 0.55750, 0.71577, 0.72581, 0.70276
0.55505, 0.54822, 0.71260, 0.73733, 0.74194
0.54789, 0.54543, 0.70943, 0.73272, 0.73502
0.54357, 0.56033, 0.72759, 0.73041, 0.72350
0.53483, 0.56114, 0.73335, 0.73041, 0.73963
0.53184, 0.55274, 0.74056, 0.73272, 0.73272
0.53112, 0.56137, 0.72182, 0.72350, 0.74194
0.52824, 0.54948, 0.74488, 0.73502, 0.73272
0.51820, 0.54219, 0.75930, 0.73963, 0.75806
0.51350, 0.53707, 0.75987, 0.73963, 0.74194
0.51489, 0.53208, 0.76679, 0.74424, 0.75115
0.51104, 0.54472, 0.74777, 0.72350, 0.75576
0.50508, 0.56171, 0.72499, 0.70276, 0.71659
0.50896, 0.55482, 0.74921, 0.72350, 0.73733
0.50089, 0.52860, 0.74950, 0.72581, 0.73733
0.49546, 0.53288, 0.75641, 0.73733, 0.74885
0.49225, 0.52604, 0.77313, 0.74424, 0.73733
0.49514, 0.52779, 0.77948, 0.74424, 0.73963
0.49222, 0.52921, 0.78063, 0.73502, 0.75115
0.48441, 0.53726, 0.77371, 0.74885, 0.73733
0.49165, 0.52097, 0.78351, 0.74885, 0.73963
0.47796, 0.51853, 0.78726, 0.75115, 0.75346
0.47932, 0.59317, 0.74777, 0.73041, 0.72350
0.48115, 0.50971, 0.78380, 0.75346, 0.73963
0.47460, 0.51742, 0.77342, 0.75115, 0.73502
0.47198, 0.51187, 0.78495, 0.75115, 0.73963
0.46795, 0.54980, 0.73969, 0.72350, 0.71659
0.48119, 0.51986, 0.78553, 0.76037, 0.75115
0.47819, 0.51547, 0.78697, 0.75576, 0.74424
0.46159, 0.51068, 0.79821, 0.76498, 0.74885
0.46752, 0.53181, 0.78985, 0.74885, 0.74194
0.46210, 0.52675, 0.79360, 0.76267, 0.74885
0.45364, 0.49260, 0.79101, 0.76959, 0.73041
0.46546, 0.50236, 0.79418, 0.76267, 0.74194
0.45739, 0.49533, 0.80196, 0.77650, 0.76037
0.45453, 0.50341, 0.78524, 0.77419, 0.74194
0.45353, 0.49912, 0.80830, 0.76959, 0.76267
0.45723, 0.49374, 0.81493, 0.76959, 0.75346
0.44915, 0.49565, 0.79965, 0.78341, 0.75576
0.44827, 0.53376, 0.78697, 0.76959, 0.74424
0.44452, 0.49716, 0.81349, 0.77880, 0.76959
0.43954, 0.52493, 0.79447, 0.76037, 0.73041
0.43916, 0.48974, 0.80974, 0.79032, 0.75346
0.44056, 0.49835, 0.81609, 0.78341, 0.76037
0.43321, 0.49344, 0.81320, 0.79032, 0.75346
0.43908, 0.48950, 0.80196, 0.77419, 0.76498
0.44011, 0.50006, 0.80917, 0.76267, 0.74885
0.42571, 0.49001, 0.81234, 0.77419, 0.74885
0.43179, 0.48416, 0.81753, 0.78111, 0.75576
0.42981, 0.47988, 0.81090, 0.79263, 0.75115
0.42270, 0.48028, 0.81810, 0.79032, 0.76498
0.41707, 0.49404, 0.80196, 0.77650, 0.76267
0.42151, 0.49402, 0.82070, 0.78802, 0.73963
0.42098, 0.50904, 0.81983, 0.76498, 0.75346
0.41848, 0.49526, 0.80715, 0.77419, 0.75115
0.41552, 0.48479, 0.83050, 0.79493, 0.75576
0.41967, 0.48442, 0.81551, 0.78341, 0.74885
0.42214, 0.50057, 0.82099, 0.80415, 0.76498
0.41801, 0.48581, 0.83338, 0.79954, 0.75576
0.41730, 0.48824, 0.83425, 0.77880, 0.76037
0.41554, 0.48771, 0.82848, 0.77419, 0.75576
0.41551, 0.49910, 0.82646, 0.77650, 0.76267
0.41624, 0.53578, 0.77573, 0.74194, 0.73733
0.41797, 0.48401, 0.83050, 0.79493, 0.75806
0.41047, 0.48711, 0.82992, 0.77880, 0.74654
0.40803, 0.48426, 0.83453, 0.79724, 0.76037
0.41193, 0.49035, 0.82877, 0.80184, 0.75115
0.40168, 0.49208, 0.82416, 0.76498, 0.75115
0.41111, 0.49026, 0.83482, 0.79263, 0.74424
0.41364, 0.47572, 0.82963, 0.79263, 0.76037
0.40159, 0.49644, 0.80657, 0.75576, 0.76728
0.41320, 0.48793, 0.83972, 0.78341, 0.75576
0.39692, 0.47036, 0.84145, 0.78571, 0.75806
0.40508, 0.49215, 0.83338, 0.78802, 0.75346
0.39590, 0.50243, 0.82992, 0.79493, 0.75115
0.40742, 0.47870, 0.83626, 0.79724, 0.75115
0.39769, 0.47382, 0.84116, 0.79032, 0.75115
0.39428, 0.49330, 0.82906, 0.79032, 0.74654
0.39756, 0.50257, 0.79937, 0.76728, 0.76267
0.39672, 0.48329, 0.83943, 0.79724, 0.75806
0.38912, 0.47677, 0.83021, 0.78571, 0.76959
0.38774, 0.49209, 0.82790, 0.78341, 0.77419
0.39041, 0.45858, 0.84693, 0.80415, 0.77419
0.39517, 0.53224, 0.81291, 0.76498, 0.73041
0.39475, 0.50779, 0.82935, 0.76959, 0.75346
0.39303, 0.46865, 0.83194, 0.79263, 0.78111
0.39247, 0.46501, 0.84491, 0.79263, 0.76498
0.38208, 0.47436, 0.84635, 0.79493, 0.75115
0.38616, 0.46304, 0.83569, 0.79724, 0.77650
0.37931, 0.48736, 0.84001, 0.80415, 0.75806
0.38891, 0.48912, 0.84059, 0.79954, 0.76037
0.39342, 0.46745, 0.84751, 0.78802, 0.77419
0.38845, 0.46982, 0.83655, 0.77880, 0.77880
0.37513, 0.49624, 0.83857, 0.77880, 0.75576
0.38895, 0.47024, 0.83828, 0.80645, 0.76728
0.38747, 0.46614, 0.85010, 0.81797, 0.77419
0.36945, 0.48084, 0.83828, 0.79032, 0.76728
0.38104, 0.48866, 0.82156, 0.77650, 0.76037
0.37985, 0.45377, 0.85933, 0.80645, 0.76959
0.37615, 0.47001, 0.85788, 0.80876, 0.77189
0.36956, 0.46126, 0.84462, 0.78341, 0.78571
0.36776, 0.46821, 0.85385, 0.81106, 0.76959
0.37793, 0.49173, 0.84059, 0.79954, 0.75576
0.37968, 0.45565, 0.85990, 0.81567, 0.78111
0.37110, 0.47245, 0.84981, 0.78111, 0.78802
0.38589, 0.47374, 0.84491, 0.81336, 0.76498
0.36647, 0.46869, 0.85529, 0.79493, 0.78571
0.37811, 0.48074, 0.82935, 0.77419, 0.78341
0.36741, 0.46373, 0.85500, 0.80184, 0.78341
0.37553, 0.45525, 0.84693, 0.79954, 0.77189
0.36735, 0.48131, 0.85183, 0.80876, 0.76037
0.36818, 0.45220, 0.86451, 0.80184, 0.77880
0.36416, 0.47579, 0.85212, 0.82028, 0.77189
0.36315, 0.45261, 0.85097, 0.79493, 0.78802
0.36410, 0.46243, 0.83569, 0.77650, 0.78571
0.35959, 0.46164, 0.85298, 0.82258, 0.77189
0.36793, 0.46080, 0.86336, 0.82258, 0.76728
0.36931, 0.50486, 0.83626, 0.79263, 0.75806
0.37128, 0.47319, 0.85471, 0.80645, 0.78111
0.36054, 0.51169, 0.84232, 0.80415, 0.76037
0.35083, 0.46237, 0.86250, 0.82258, 0.78341
0.35994, 0.47975, 0.85615, 0.81336, 0.76037
0.35693, 0.48123, 0.83223, 0.78111, 0.78802
0.36745, 0.48529, 0.83108, 0.78111, 0.78571
0.35585, 0.45402, 0.86682, 0.81106, 0.77419
0.36172, 0.46104, 0.85788, 0.82028, 0.78341
0.34564, 0.46424, 0.86336, 0.79954, 0.78802
0.35247, 0.45179, 0.86624, 0.81797, 0.78341
0.35376, 0.45010, 0.85990, 0.80184, 0.76267
0.35391, 0.58945, 0.79216, 0.75806, 0.73272
0.37963, 0.44563, 0.86221, 0.81106, 0.79493
0.34851, 0.45537, 0.86451, 0.82719, 0.78111
0.34731, 0.46553, 0.84952, 0.80876, 0.79263
0.35573, 0.45205, 0.86278, 0.81336, 0.78111
0.35359, 0.45207, 0.86278, 0.82719, 0.79263
0.35554, 0.44248, 0.86624, 0.81567, 0.78111
0.34767, 0.45612, 0.86250, 0.82488, 0.78571
0.34941, 0.46128, 0.85788, 0.81567, 0.78571
0.33911, 0.45014, 0.86538, 0.81336, 0.79263
0.34147, 0.47806, 0.86855, 0.82949, 0.77650
0.34470, 0.45314, 0.87057, 0.80645, 0.78571
0.34851, 0.48842, 0.84664, 0.81106, 0.77189
0.35515, 0.47434, 0.86221, 0.82488, 0.76959
0.34517, 0.48253, 0.85356, 0.80184, 0.77419
0.34261, 0.46335, 0.86653, 0.83180, 0.77419
0.33864, 0.49394, 0.84491, 0.82488, 0.77189
0.34831, 0.45214, 0.87287, 0.82258, 0.78341
0.34236, 0.45363, 0.87922, 0.82488, 0.79724
0.33408, 0.45716, 0.87230, 0.82258, 0.79032
0.34406, 0.46982, 0.85644, 0.81336, 0.78341
0.34481, 0.48601, 0.86221, 0.82488, 0.78341
0.33927, 0.48879, 0.86509, 0.81797, 0.77189
0.34215, 0.46128, 0.85327, 0.79724, 0.79032
0.34306, 0.46516, 0.87028, 0.83871, 0.78341
0.33932, 0.49588, 0.86307, 0.79032, 0.78341
0.36166, 0.48578, 0.83540, 0.77419, 0.77189
----------------------------------------------------------------------------------------------------------------------------
0.66669, 0.61610, 0.67195, 0.64055, 0.63594
0.58779, 0.60499, 0.68954, 0.67051, 0.67972
0.57429, 0.61351, 0.70107, 0.67972, 0.70276
0.56584, 0.58157, 0.71836, 0.70968, 0.69585
0.55565, 0.57869, 0.72903, 0.70046, 0.71429
0.54392, 0.56575, 0.73133, 0.70737, 0.70968
0.53919, 0.56581, 0.74258, 0.70507, 0.72581
0.53201, 0.57243, 0.71894, 0.69355, 0.70968
0.53079, 0.55528, 0.72586, 0.70507, 0.71889
0.52135, 0.57554, 0.74287, 0.70276, 0.73272
0.51150, 0.54295, 0.76016, 0.72120, 0.75115
0.50946, 0.53219, 0.76679, 0.72811, 0.75346
0.51318, 0.57226, 0.75382, 0.70507, 0.73272
0.49527, 0.53625, 0.77659, 0.72581, 0.78111
0.49733, 0.53366, 0.76506, 0.74194, 0.77880
0.48676, 0.53094, 0.77746, 0.74424, 0.75806
0.48179, 0.54753, 0.77803, 0.72350, 0.76267
0.47965, 0.51572, 0.77083, 0.75346, 0.75806
0.47098, 0.52108, 0.79014, 0.73963, 0.79263
0.47463, 0.51522, 0.79562, 0.75576, 0.78111
0.47299, 0.56287, 0.78207, 0.70737, 0.75346
0.46680, 0.51304, 0.78063, 0.74194, 0.76267
0.45542, 0.52919, 0.79274, 0.75346, 0.75806
0.44683, 0.52448, 0.79677, 0.73733, 0.77650
0.45443, 0.50691, 0.80974, 0.76037, 0.78802
0.44647, 0.51327, 0.81118, 0.75806, 0.79032
0.44818, 0.49947, 0.81378, 0.77189, 0.78341
0.44175, 0.50389, 0.80628, 0.75346, 0.79263
0.44076, 0.49862, 0.81522, 0.75576, 0.78571
0.43827, 0.52806, 0.80484, 0.73502, 0.76728
0.43849, 0.50297, 0.81637, 0.76498, 0.79032
0.43009, 0.49775, 0.81176, 0.76267, 0.78341
0.44308, 0.50052, 0.81263, 0.76959, 0.79724
0.42659, 0.50731, 0.82012, 0.75346, 0.79263
0.42625, 0.48659, 0.82617, 0.77189, 0.78111
0.42061, 0.53211, 0.80542, 0.73502, 0.78341
0.42897, 0.48554, 0.82560, 0.76959, 0.79032
0.42151, 0.66330, 0.76622, 0.69355, 0.72811
0.42474, 0.53445, 0.77890, 0.73041, 0.74194
0.42447, 0.51273, 0.78668, 0.75576, 0.75115
0.42346, 0.51429, 0.81781, 0.75346, 0.78341
0.41213, 0.48643, 0.82300, 0.79263, 0.78341
0.41621, 0.48182, 0.83194, 0.78341, 0.79032
0.41698, 0.48827, 0.81407, 0.78341, 0.77880
0.41717, 0.48033, 0.82387, 0.74654, 0.77189
0.41101, 0.47746, 0.82473, 0.78802, 0.77880
0.41292, 0.49792, 0.83021, 0.77189, 0.79493
0.39803, 0.47785, 0.84347, 0.78571, 0.78341
0.40006, 0.49199, 0.83108, 0.77189, 0.80184
0.39713, 0.48386, 0.82012, 0.77880, 0.75346
0.40170, 0.49807, 0.82935, 0.75346, 0.77419
0.39518, 0.47589, 0.84866, 0.78341, 0.79032
0.40583, 0.47411, 0.83108, 0.75576, 0.76728
0.39975, 0.56304, 0.80340, 0.72120, 0.76498
0.40047, 0.49296, 0.83684, 0.76267, 0.78571
0.39454, 0.48354, 0.84261, 0.76728, 0.78802
0.38823, 0.58976, 0.79648, 0.70507, 0.75115
0.38954, 0.48056, 0.83079, 0.76959, 0.77189
0.39181, 0.46508, 0.84261, 0.78341, 0.76728
0.39641, 0.48337, 0.84722, 0.77189, 0.77419
0.40188, 0.47344, 0.84607, 0.76267, 0.79032
0.39518, 0.47473, 0.85788, 0.76959, 0.78571
0.38866, 0.46871, 0.84635, 0.79032, 0.79032
0.38963, 0.50488, 0.83943, 0.76037, 0.78802
0.37843, 0.49552, 0.84289, 0.76959, 0.77880
0.38301, 0.47252, 0.84751, 0.77650, 0.79032
0.37896, 0.48322, 0.85125, 0.77650, 0.79263
0.39348, 0.50011, 0.81637, 0.77880, 0.76037
0.38255, 0.47748, 0.85817, 0.76959, 0.81106
0.37393, 0.48379, 0.85875, 0.77419, 0.80415
0.37845, 0.50982, 0.84059, 0.76498, 0.76959
0.37432, 0.46974, 0.86077, 0.76498, 0.80184
0.37167, 0.47501, 0.85702, 0.78341, 0.79493
0.37679, 0.51803, 0.83079, 0.75115, 0.77189
0.37309, 0.46555, 0.85471, 0.78341, 0.80415
0.38021, 0.49054, 0.84635, 0.77419, 0.77650
0.38171, 0.49217, 0.85241, 0.76498, 0.78341
0.37321, 0.52998, 0.84030, 0.74424, 0.77419
0.36909, 0.46940, 0.85817, 0.78571, 0.79493
----------------------------------------------------------------------------------------------------------------------------
0.65985, 0.62611, 0.59988, 0.60829, 0.62673
0.63087, 0.62163, 0.62698, 0.65438, 0.63364
0.64022, 0.67219, 0.57913, 0.54378, 0.58065
0.65369, 0.60597, 0.64630, 0.65438, 0.61751
0.60272, 0.56460, 0.68838, 0.66820, 0.63364
0.57517, 0.54739, 0.71231, 0.71429, 0.64977
0.56723, 0.53861, 0.71692, 0.70968, 0.66129
0.55375, 0.54299, 0.71375, 0.69124, 0.67972
0.54973, 0.51288, 0.73133, 0.75346, 0.68664
0.53246, 0.50680, 0.73393, 0.75576, 0.69124
0.52767, 0.51758, 0.72989, 0.71889, 0.69355
0.51642, 0.48707, 0.74748, 0.76037, 0.71659
0.51122, 0.48410, 0.75468, 0.76728, 0.73733
0.50938, 0.49207, 0.75353, 0.76267, 0.73502
0.51107, 0.47519, 0.76189, 0.76959, 0.73272
0.50398, 0.48399, 0.76160, 0.75576, 0.72350
0.49742, 0.48602, 0.75930, 0.74424, 0.73502
0.49967, 0.49761, 0.75440, 0.73502, 0.71429
0.49727, 0.48062, 0.76535, 0.78111, 0.73041
0.49132, 0.48224, 0.75440, 0.78111, 0.72350
0.48819, 0.48107, 0.77371, 0.76959, 0.71429
0.48157, 0.46926, 0.77630, 0.76959, 0.74194
0.48532, 0.47163, 0.77544, 0.76037, 0.71198
0.49124, 0.47546, 0.76996, 0.76959, 0.75576
0.48712, 0.46091, 0.77948, 0.80184, 0.74424
0.47541, 0.46141, 0.77803, 0.79263, 0.74654
0.47670, 0.45910, 0.78236, 0.77419, 0.74194
0.47307, 0.47280, 0.76910, 0.79724, 0.73733
0.47019, 0.45147, 0.79014, 0.77880, 0.73733
0.47200, 0.45521, 0.78639, 0.78571, 0.76498
0.46957, 0.47157, 0.77688, 0.76267, 0.76267
0.47358, 0.46302, 0.78034, 0.76959, 0.72581
0.46717, 0.47733, 0.77256, 0.76728, 0.73502
0.46675, 0.44383, 0.78697, 0.79954, 0.75806
0.46054, 0.48121, 0.77457, 0.76959, 0.73733
0.46858, 0.44551, 0.79821, 0.80415, 0.76959
0.47039, 0.45529, 0.79475, 0.79954, 0.76037
0.46206, 0.47087, 0.78812, 0.77650, 0.76037
0.46238, 0.47239, 0.78005, 0.76728, 0.74424
0.45340, 0.44517, 0.79648, 0.80645, 0.74424
0.45708, 0.43669, 0.80398, 0.80415, 0.76267
0.45684, 0.44811, 0.79475, 0.78571, 0.75576
0.45134, 0.44490, 0.80455, 0.81567, 0.76267
0.44608, 0.45998, 0.79043, 0.77650, 0.74194
0.44351, 0.46567, 0.79331, 0.80415, 0.75576
0.44759, 0.43825, 0.80110, 0.79724, 0.74885
0.45635, 0.44293, 0.80254, 0.80184, 0.76498
0.44851, 0.44122, 0.80484, 0.78802, 0.75576
0.45273, 0.44249, 0.80657, 0.79724, 0.76728
0.44062, 0.44307, 0.80628, 0.78341, 0.75806
0.44190, 0.45309, 0.79360, 0.77880, 0.74654
0.43527, 0.46128, 0.80427, 0.79493, 0.75806
0.44200, 0.44423, 0.80830, 0.78111, 0.76959
0.43089, 0.43152, 0.81666, 0.80645, 0.76959
0.42673, 0.43506, 0.81753, 0.82028, 0.76498
0.42564, 0.47131, 0.78870, 0.78111, 0.74654
0.44157, 0.45107, 0.80571, 0.78571, 0.76959
0.42859, 0.45734, 0.80859, 0.80645, 0.76498
0.42718, 0.43044, 0.82012, 0.80645, 0.77419
0.42324, 0.44110, 0.81810, 0.79493, 0.76728
0.43052, 0.43548, 0.81666, 0.79954, 0.77880
0.43336, 0.43090, 0.82502, 0.80645, 0.75576
0.41962, 0.43966, 0.81868, 0.80415, 0.79724
0.42908, 0.46904, 0.80138, 0.80645, 0.76728
0.42403, 0.42949, 0.82560, 0.81797, 0.77419
0.41301, 0.44338, 0.82185, 0.80876, 0.78341
0.41152, 0.43642, 0.82589, 0.80184, 0.78341
0.42111, 0.44019, 0.81897, 0.80645, 0.77880
0.40796, 0.45190, 0.81003, 0.80876, 0.77419
0.41650, 0.42776, 0.82848, 0.81336, 0.78341
0.41631, 0.44581, 0.82041, 0.82028, 0.77880
0.40760, 0.42957, 0.82762, 0.80876, 0.79263
0.40369, 0.42848, 0.83626, 0.82028, 0.79724
0.39765, 0.45512, 0.82675, 0.79724, 0.77419
0.41677, 0.43353, 0.83252, 0.80415, 0.78341
0.40209, 0.43330, 0.82992, 0.81336, 0.77650
0.40552, 0.44792, 0.81118, 0.80415, 0.75346
0.39452, 0.44000, 0.83425, 0.80876, 0.79032
0.39643, 0.41974, 0.84434, 0.84101, 0.79263
0.39203, 0.43859, 0.83713, 0.80184, 0.79493
0.40135, 0.43793, 0.83915, 0.81797, 0.76498
0.40011, 0.43043, 0.83972, 0.80876, 0.78802
0.39702, 0.42221, 0.84491, 0.80876, 0.78111
0.38337, 0.42854, 0.84520, 0.81567, 0.79954
0.40432, 0.42641, 0.84693, 0.81797, 0.79032
0.38365, 0.42704, 0.85241, 0.80415, 0.79263
0.39306, 0.46739, 0.81032, 0.78571, 0.77189
0.39697, 0.43560, 0.83626, 0.80415, 0.79032
0.38765, 0.45059, 0.83626, 0.81567, 0.79032
0.37829, 0.45541, 0.84520, 0.80645, 0.78802
0.37883, 0.49522, 0.81753, 0.79493, 0.75346
0.38477, 0.44802, 0.84347, 0.81106, 0.79263
0.38392, 0.50425, 0.80773, 0.78341, 0.75806
0.38125, 0.43119, 0.85414, 0.80876, 0.77189
0.38048, 0.43579, 0.84347, 0.82258, 0.78571
0.37023, 0.46664, 0.83079, 0.80876, 0.77880
0.38056, 0.43049, 0.85068, 0.81797, 0.78571
0.36609, 0.43674, 0.84145, 0.81567, 0.78571
0.36671, 0.44759, 0.85125, 0.80876, 0.77650
