============================================================================================================================
Namespace(pooling='lspool', batch_size=32, lr=0.0001, epochs=200, pool_ratio=0.5, dataset='FRANKENSTEIN', edges=False, runs=10, logging='logs/02_04_24/lspool3conv_1attnt_nosum', config='config/config.json', patience=20, seeds='config/seeds'); _CudaDeviceProperties(name='NVIDIA GeForce RTX 4060 Ti', major=8, minor=9, total_memory=16379MB, multi_processor_count=34); {'hidden_features': 128, 'nonlinearity': 'elu', 'p_dropout': 0.0, 'conv_layer': 'GraphConv', 'pre_gnn': [64, 128], 'post_gnn': [128, 64], 'pre_pool_convs': 2, 'post_pool_convs': 1} 
----------------------------------------------------------------------------------------------------------------------------
0.67750, 0.67553, 0.58144, 0.57373, 0.61290
0.67126, 0.64616, 0.59844, 0.61521, 0.58065
0.65042, 0.61557, 0.63188, 0.64055, 0.58756
0.63193, 0.62492, 0.64399, 0.62442, 0.62903
0.61545, 0.60265, 0.67743, 0.66820, 0.64516
0.60058, 0.61850, 0.66302, 0.64055, 0.61982
0.59447, 0.59249, 0.70280, 0.70276, 0.64977
0.58496, 0.58754, 0.70943, 0.68433, 0.67051
0.57322, 0.58647, 0.72211, 0.68894, 0.66820
0.56226, 0.57416, 0.72759, 0.69355, 0.67051
0.55261, 0.57503, 0.74488, 0.67051, 0.66359
0.53832, 0.58768, 0.76074, 0.68203, 0.66359
0.52764, 0.59517, 0.75814, 0.67972, 0.66590
0.51186, 0.59109, 0.77544, 0.68894, 0.65438
0.48744, 0.61227, 0.79158, 0.67972, 0.67281
0.47611, 0.60293, 0.80023, 0.69355, 0.65668
0.47249, 0.64394, 0.79360, 0.68664, 0.65438
0.44820, 0.64930, 0.80167, 0.67051, 0.64286
0.43934, 0.62639, 0.83367, 0.70276, 0.64286
0.41643, 0.70255, 0.82992, 0.70046, 0.67512
0.39523, 0.81000, 0.79101, 0.64286, 0.65899
0.39335, 0.71045, 0.84981, 0.67742, 0.67972
0.37162, 0.73859, 0.83540, 0.70737, 0.64516
0.34447, 0.75634, 0.87547, 0.65207, 0.67051
0.33348, 0.76668, 0.87547, 0.67972, 0.65899
0.31519, 0.80937, 0.88383, 0.70276, 0.64286
0.29206, 0.86828, 0.89334, 0.68664, 0.66359
0.30401, 0.84824, 0.90257, 0.68894, 0.65438
0.25934, 0.99627, 0.91064, 0.66590, 0.63364
0.25083, 0.90914, 0.92073, 0.68894, 0.64286
----------------------------------------------------------------------------------------------------------------------------
0.67926, 0.67016, 0.57538, 0.58525, 0.53687
0.65772, 0.64712, 0.63131, 0.64516, 0.61060
0.63171, 0.63517, 0.65062, 0.65668, 0.63134
0.60445, 0.65161, 0.65408, 0.64747, 0.62673
0.58478, 0.61918, 0.72874, 0.64055, 0.69355
0.55979, 0.61483, 0.74834, 0.65668, 0.71198
0.54290, 0.60465, 0.74892, 0.68203, 0.68203
0.51453, 0.61882, 0.78466, 0.67512, 0.68894
0.51625, 0.61673, 0.79043, 0.67051, 0.67512
0.47648, 0.63126, 0.81147, 0.67742, 0.66359
0.47079, 0.68287, 0.79043, 0.63594, 0.65207
0.44348, 0.67614, 0.83972, 0.67972, 0.68664
0.41703, 0.69612, 0.84837, 0.65668, 0.67512
0.37638, 0.75901, 0.83943, 0.66820, 0.66820
0.36660, 0.74959, 0.87806, 0.68203, 0.67051
0.32160, 0.84763, 0.86394, 0.65899, 0.65207
0.29993, 0.87406, 0.89219, 0.67972, 0.66129
0.27392, 0.85570, 0.91496, 0.65668, 0.66820
0.24425, 0.94379, 0.93514, 0.63594, 0.65668
0.22656, 1.26385, 0.82963, 0.63594, 0.65899
0.23075, 1.04353, 0.94523, 0.62903, 0.67281
0.19517, 1.16452, 0.92592, 0.64977, 0.66359
0.15476, 1.19950, 0.96368, 0.65438, 0.67742
0.13949, 1.38102, 0.95907, 0.60829, 0.66820
0.11960, 1.51767, 0.98011, 0.62673, 0.64286
0.12065, 1.44165, 0.98069, 0.62442, 0.64055
0.09929, 1.62288, 0.98443, 0.62212, 0.65899
----------------------------------------------------------------------------------------------------------------------------
0.68453, 0.68301, 0.55751, 0.54608, 0.52995
0.67598, 0.66961, 0.58403, 0.56912, 0.55760
0.65597, 0.62624, 0.61689, 0.60138, 0.57143
0.63778, 0.60942, 0.60853, 0.60599, 0.58065
0.63216, 0.60530, 0.64601, 0.68664, 0.60599
0.62583, 0.61194, 0.64630, 0.63364, 0.60369
0.62256, 0.60431, 0.64197, 0.63825, 0.60369
0.61654, 0.60557, 0.66042, 0.65207, 0.62903
0.60954, 0.58926, 0.67397, 0.68894, 0.65207
0.61183, 0.59734, 0.67368, 0.67742, 0.64977
0.60208, 0.60165, 0.68319, 0.69355, 0.66129
0.59377, 0.58238, 0.67397, 0.68664, 0.64747
0.59027, 0.65790, 0.64745, 0.59677, 0.59908
0.58936, 0.62709, 0.68781, 0.65668, 0.64977
0.57886, 0.61424, 0.71317, 0.69585, 0.65899
0.56922, 0.60309, 0.69386, 0.66359, 0.63134
0.56078, 0.62502, 0.70510, 0.65899, 0.65438
0.54586, 0.61861, 0.73681, 0.69585, 0.67051
0.54199, 0.63605, 0.72009, 0.67281, 0.67281
0.53634, 0.63447, 0.74517, 0.68664, 0.66129
0.52016, 0.62758, 0.75065, 0.68433, 0.67281
0.50950, 0.60276, 0.76679, 0.70507, 0.69124
0.49835, 0.62978, 0.75728, 0.69355, 0.69816
0.49300, 0.64216, 0.75670, 0.68664, 0.64286
0.48132, 0.63532, 0.78697, 0.70737, 0.70046
0.46348, 0.65864, 0.78639, 0.69585, 0.69816
0.46320, 0.69664, 0.75901, 0.67742, 0.64055
0.45899, 0.65145, 0.79072, 0.69816, 0.69585
0.44317, 0.72271, 0.80052, 0.67972, 0.67051
0.43006, 0.83139, 0.79533, 0.64055, 0.64747
0.43116, 0.65366, 0.77083, 0.70276, 0.66590
0.41635, 0.71181, 0.83742, 0.67972, 0.68894
----------------------------------------------------------------------------------------------------------------------------
0.68453, 0.68301, 0.55751, 0.54608, 0.52995
0.67599, 0.66956, 0.58432, 0.56682, 0.55530
0.65588, 0.62585, 0.61718, 0.60829, 0.57143
0.63923, 0.61049, 0.61286, 0.61290, 0.58295
0.63211, 0.60619, 0.64745, 0.67281, 0.60599
0.62613, 0.61015, 0.64514, 0.63825, 0.60599
0.62172, 0.60931, 0.64111, 0.63594, 0.61521
0.61823, 0.60253, 0.66071, 0.65438, 0.62673
0.61124, 0.59253, 0.67339, 0.67742, 0.65438
0.61083, 0.59920, 0.67512, 0.68203, 0.65668
0.60148, 0.59673, 0.69011, 0.69585, 0.65207
0.59281, 0.58401, 0.67916, 0.70737, 0.64516
0.59054, 0.65215, 0.64658, 0.60138, 0.60599
0.58828, 0.63348, 0.69098, 0.65668, 0.63825
0.57761, 0.61480, 0.71000, 0.68664, 0.65668
0.56442, 0.61239, 0.69588, 0.65207, 0.63594
0.55993, 0.62217, 0.70741, 0.66590, 0.64977
0.54574, 0.62350, 0.73595, 0.69355, 0.66359
0.54164, 0.63167, 0.72413, 0.67742, 0.66590
0.53312, 0.62553, 0.74575, 0.68664, 0.67972
0.51806, 0.63156, 0.75180, 0.68433, 0.67512
0.50856, 0.59376, 0.76679, 0.70507, 0.68664
0.49540, 0.62346, 0.75814, 0.69355, 0.69355
0.49211, 0.64279, 0.74661, 0.69355, 0.64747
0.47892, 0.62403, 0.78841, 0.68894, 0.69585
0.46324, 0.66472, 0.79562, 0.67512, 0.67972
0.46232, 0.67610, 0.77544, 0.69585, 0.64516
0.45192, 0.66056, 0.78409, 0.67972, 0.69124
0.43792, 0.76687, 0.79850, 0.66129, 0.64516
0.42766, 0.78016, 0.81580, 0.66820, 0.66359
0.42366, 0.65797, 0.78639, 0.68433, 0.68433
0.40616, 0.71137, 0.84203, 0.67512, 0.68894
----------------------------------------------------------------------------------------------------------------------------
0.68051, 0.68525, 0.55578, 0.54378, 0.56452
0.66330, 0.65858, 0.61660, 0.58986, 0.60369
0.63108, 0.63872, 0.66417, 0.60138, 0.62903
0.59901, 0.65078, 0.68665, 0.59447, 0.62442
0.57462, 0.66740, 0.69934, 0.61751, 0.61521
0.55685, 0.68118, 0.73364, 0.63594, 0.63364
0.53434, 0.66127, 0.76276, 0.64055, 0.64055
0.50148, 0.73288, 0.76449, 0.61982, 0.62442
0.48507, 0.72028, 0.79648, 0.61521, 0.62673
0.46931, 0.70050, 0.82531, 0.60829, 0.63594
0.43619, 0.74723, 0.83511, 0.62673, 0.64286
0.41749, 0.76051, 0.84462, 0.61521, 0.63134
0.39411, 0.80261, 0.85183, 0.61290, 0.63364
0.37599, 0.83908, 0.87922, 0.59908, 0.64747
0.33953, 0.89577, 0.89103, 0.62903, 0.64516
0.31563, 1.00709, 0.85442, 0.59908, 0.61751
0.29655, 0.98736, 0.89594, 0.61060, 0.63825
0.27187, 1.08868, 0.93139, 0.61521, 0.64977
0.24169, 1.12531, 0.93572, 0.60599, 0.64747
0.21911, 1.28648, 0.94926, 0.59677, 0.63594
0.21442, 1.27686, 0.93456, 0.58986, 0.63594
0.17565, 1.62833, 0.94869, 0.61521, 0.63825
0.14914, 1.70434, 0.94898, 0.60138, 0.66820
----------------------------------------------------------------------------------------------------------------------------
0.67722, 0.68095, 0.58662, 0.55991, 0.61290
0.67234, 0.67315, 0.59643, 0.55530, 0.60369
0.65622, 0.64846, 0.61833, 0.58295, 0.61751
0.63926, 0.64620, 0.63995, 0.63134, 0.62673
0.62780, 0.63123, 0.65379, 0.65207, 0.61982
0.61282, 0.61878, 0.67541, 0.64977, 0.63594
0.60137, 0.61911, 0.68665, 0.65438, 0.62442
0.59502, 0.62835, 0.69645, 0.64516, 0.64055
0.58346, 0.61821, 0.70539, 0.67051, 0.64055
0.57614, 0.61165, 0.70827, 0.65207, 0.63825
0.56120, 0.61427, 0.72355, 0.67281, 0.63134
0.55949, 0.60939, 0.72788, 0.67972, 0.65899
0.54468, 0.62241, 0.73220, 0.67051, 0.64516
0.53945, 0.63432, 0.74114, 0.64977, 0.63825
0.52871, 0.61560, 0.75670, 0.67051, 0.65899
0.52025, 0.62581, 0.76564, 0.68433, 0.64516
0.50418, 0.61270, 0.77630, 0.67742, 0.65207
0.49989, 0.62798, 0.77803, 0.67281, 0.65207
0.48360, 0.63199, 0.78236, 0.64286, 0.63134
0.47148, 0.61156, 0.78351, 0.66820, 0.64977
0.46513, 0.63616, 0.80283, 0.66590, 0.64516
0.44753, 0.63813, 0.80974, 0.66129, 0.66129
0.43715, 0.63927, 0.81407, 0.65438, 0.64977
0.41289, 0.72183, 0.82300, 0.65899, 0.63825
0.40165, 0.74665, 0.82906, 0.62673, 0.60829
0.38817, 0.77449, 0.84981, 0.64055, 0.62903
0.37149, 0.78521, 0.84578, 0.65438, 0.64286
0.36409, 0.79028, 0.87086, 0.64747, 0.64747
0.33551, 0.82016, 0.88210, 0.63825, 0.63594
0.33181, 0.89773, 0.87864, 0.63594, 0.62903
0.31327, 0.86402, 0.88931, 0.63134, 0.62673
0.29293, 1.00378, 0.89392, 0.61982, 0.62903
----------------------------------------------------------------------------------------------------------------------------
0.68086, 0.66877, 0.55607, 0.56912, 0.53687
0.66835, 0.64780, 0.57481, 0.59447, 0.56682
0.64395, 0.62361, 0.67397, 0.68433, 0.65438
0.61762, 0.59136, 0.68636, 0.69355, 0.63364
0.60993, 0.58728, 0.69155, 0.69816, 0.61060
0.58371, 0.58539, 0.70395, 0.68894, 0.63825
0.56662, 0.56707, 0.72788, 0.71429, 0.65899
0.54203, 0.56402, 0.74863, 0.72350, 0.64286
0.53151, 0.58369, 0.74402, 0.68433, 0.62673
0.50451, 0.58283, 0.77342, 0.71198, 0.64747
0.47681, 0.69378, 0.73566, 0.67972, 0.61751
0.47059, 0.59388, 0.79879, 0.71429, 0.63594
0.45072, 0.58144, 0.82877, 0.72811, 0.62903
0.42834, 0.65918, 0.82704, 0.70507, 0.64747
0.42124, 0.61938, 0.83972, 0.70507, 0.63594
0.37412, 0.65551, 0.86365, 0.68664, 0.62903
0.36641, 0.72417, 0.85212, 0.70737, 0.63825
0.33760, 0.76684, 0.83886, 0.65207, 0.62673
0.31856, 0.72920, 0.89853, 0.71889, 0.61751
0.29084, 0.91278, 0.88210, 0.68894, 0.61060
0.27768, 0.84569, 0.91756, 0.68894, 0.64516
0.28168, 0.79510, 0.92217, 0.68894, 0.61521
0.22852, 0.99677, 0.92101, 0.70968, 0.61751
0.22090, 1.03511, 0.91698, 0.69124, 0.62903
0.20444, 0.95756, 0.95186, 0.70276, 0.62673
0.18060, 1.14682, 0.95244, 0.69355, 0.61751
0.17503, 1.23784, 0.92678, 0.69585, 0.61521
0.13557, 1.37998, 0.96022, 0.67051, 0.62903
----------------------------------------------------------------------------------------------------------------------------
0.68400, 0.69519, 0.50908, 0.47465, 0.48618
0.67742, 0.66314, 0.59210, 0.61290, 0.58986
0.65699, 0.64493, 0.62641, 0.64286, 0.59447
0.63798, 0.63308, 0.67166, 0.66129, 0.62442
0.62505, 0.61555, 0.64024, 0.64055, 0.61060
0.61665, 0.62166, 0.62323, 0.62212, 0.62212
0.60209, 0.62039, 0.66676, 0.64516, 0.66129
0.59133, 0.61678, 0.68002, 0.64286, 0.64055
0.58439, 0.67258, 0.68204, 0.59908, 0.62673
0.57130, 0.65074, 0.67772, 0.64055, 0.64516
0.57017, 0.61169, 0.72528, 0.65207, 0.65438
0.55205, 0.66231, 0.72557, 0.59217, 0.63134
0.55155, 0.62901, 0.73537, 0.66820, 0.66359
0.53590, 0.62264, 0.75526, 0.66820, 0.66359
0.52435, 0.62336, 0.76218, 0.66359, 0.65899
0.50798, 0.64857, 0.74344, 0.64977, 0.65438
0.50089, 0.64721, 0.78034, 0.66590, 0.66359
0.48579, 0.65716, 0.78582, 0.63594, 0.66590
0.47904, 0.65076, 0.81032, 0.64747, 0.65438
0.47331, 0.69866, 0.79735, 0.61521, 0.64055
0.45413, 0.66323, 0.82531, 0.65899, 0.64055
0.43812, 0.66395, 0.81753, 0.67281, 0.65438
0.42438, 0.69306, 0.83713, 0.65438, 0.65668
0.41836, 0.74363, 0.83742, 0.66820, 0.65438
0.38731, 0.76687, 0.85817, 0.63134, 0.66129
0.38132, 0.84684, 0.83915, 0.61060, 0.62673
0.37167, 0.80773, 0.84722, 0.67281, 0.65899
0.37234, 0.85358, 0.85990, 0.60599, 0.64977
0.34645, 0.86253, 0.88671, 0.63364, 0.64977
0.31400, 0.90963, 0.89651, 0.63134, 0.65207
0.30029, 1.04619, 0.84347, 0.58525, 0.62212
----------------------------------------------------------------------------------------------------------------------------
0.68051, 0.68527, 0.55578, 0.54378, 0.56452
0.66329, 0.65827, 0.61776, 0.59217, 0.60599
0.63093, 0.63857, 0.66474, 0.60138, 0.63134
0.59965, 0.64623, 0.69415, 0.60369, 0.63134
0.57498, 0.66569, 0.70539, 0.60829, 0.62442
0.55517, 0.68288, 0.72845, 0.63134, 0.63134
0.53332, 0.65955, 0.76506, 0.64286, 0.63364
0.49948, 0.74916, 0.75786, 0.61521, 0.59908
0.48444, 0.72491, 0.79418, 0.61751, 0.63364
0.46867, 0.69979, 0.82531, 0.59908, 0.63134
0.43728, 0.74635, 0.82617, 0.61751, 0.62673
0.42211, 0.75398, 0.85097, 0.62212, 0.63594
0.39566, 0.80469, 0.84924, 0.62442, 0.65668
0.37803, 0.83526, 0.88210, 0.60369, 0.62212
0.34482, 0.90863, 0.88325, 0.61521, 0.64747
0.32499, 1.02432, 0.82790, 0.58525, 0.61290
0.30505, 0.97142, 0.88815, 0.60599, 0.63364
0.27750, 1.10021, 0.92361, 0.61290, 0.63825
0.25199, 1.10435, 0.92592, 0.61751, 0.63364
0.23606, 1.17798, 0.94869, 0.61751, 0.64516
0.21024, 1.23791, 0.94811, 0.61060, 0.63134
0.18894, 1.52626, 0.95272, 0.60599, 0.63364
0.15775, 1.56262, 0.95128, 0.61982, 0.64055
----------------------------------------------------------------------------------------------------------------------------
0.67666, 0.66790, 0.57538, 0.59217, 0.58756
0.67299, 0.65364, 0.58547, 0.59908, 0.62212
0.64971, 0.64536, 0.62756, 0.63364, 0.64516
0.62981, 0.64859, 0.64774, 0.61982, 0.63825
0.62428, 0.65391, 0.66532, 0.60599, 0.61982
0.60666, 0.62967, 0.67599, 0.66129, 0.66590
0.60010, 0.64191, 0.67945, 0.62442, 0.64747
0.58735, 0.63863, 0.69588, 0.62212, 0.63134
0.57739, 0.61890, 0.73278, 0.64516, 0.67281
0.56283, 0.61356, 0.73595, 0.64977, 0.68203
0.54851, 0.61319, 0.75613, 0.66820, 0.69355
0.52686, 0.62802, 0.76420, 0.62903, 0.66359
0.50941, 0.64285, 0.77112, 0.64977, 0.67051
0.51154, 0.66132, 0.72240, 0.64286, 0.64747
0.48325, 0.66947, 0.79043, 0.61521, 0.64977
0.46039, 0.72807, 0.80744, 0.61290, 0.63364
0.43965, 0.71351, 0.81983, 0.62442, 0.65899
0.41619, 0.75393, 0.81868, 0.64977, 0.67512
0.41025, 0.72853, 0.81032, 0.66359, 0.65668
0.38475, 0.75956, 0.86855, 0.63134, 0.67281
0.37475, 0.77095, 0.86826, 0.62903, 0.62673
0.34030, 0.78994, 0.88959, 0.65668, 0.64977
0.31967, 0.84067, 0.89911, 0.63825, 0.64286
0.29712, 0.82352, 0.89651, 0.64516, 0.63825
0.29078, 0.93825, 0.88440, 0.62673, 0.61751
0.25304, 0.94458, 0.92534, 0.63134, 0.61290
0.22935, 1.07470, 0.92130, 0.61060, 0.62673
0.23549, 1.11090, 0.93312, 0.63825, 0.61751
0.21173, 1.21906, 0.92159, 0.62442, 0.60369
0.17441, 1.22692, 0.94725, 0.63825, 0.63134
0.16393, 1.37054, 0.95474, 0.65899, 0.62903
============================================================================================================================
Namespace(pooling='lspool', batch_size=32, lr=0.0001, epochs=200, pool_ratio=0.5, dataset='PROTEINS', edges=False, runs=10, logging='logs/02_04_24/lspool3conv_1attnt_nosum', config='config/config.json', patience=20, seeds='config/seeds'); _CudaDeviceProperties(name='NVIDIA GeForce RTX 4060 Ti', major=8, minor=9, total_memory=16379MB, multi_processor_count=34); {'hidden_features': 128, 'nonlinearity': 'elu', 'p_dropout': 0.0, 'conv_layer': 'GraphConv', 'pre_gnn': [64, 128], 'post_gnn': [128, 64], 'pre_pool_convs': 2, 'post_pool_convs': 1} 
----------------------------------------------------------------------------------------------------------------------------
0.67409, 0.64817, 0.62135, 0.63063, 0.64286
0.64892, 0.62456, 0.65281, 0.63964, 0.66071
0.63780, 0.73265, 0.60225, 0.48649, 0.64286
0.63161, 0.66284, 0.66292, 0.63063, 0.72321
0.62046, 0.63864, 0.65843, 0.64865, 0.67857
0.60908, 0.66979, 0.68989, 0.62162, 0.66071
0.61057, 0.62282, 0.68427, 0.65766, 0.69643
0.60648, 0.61204, 0.66742, 0.65766, 0.61607
0.61445, 0.64046, 0.66180, 0.61261, 0.72321
0.59683, 0.61509, 0.67978, 0.64865, 0.69643
0.59511, 0.60546, 0.70000, 0.66667, 0.66071
0.59992, 0.59331, 0.70225, 0.65766, 0.66071
0.58107, 0.60025, 0.71011, 0.65766, 0.67857
0.58627, 0.65056, 0.67640, 0.59459, 0.69643
0.58067, 0.58487, 0.69663, 0.66667, 0.68750
0.58967, 0.60029, 0.71573, 0.67568, 0.69643
0.58003, 0.63572, 0.69775, 0.63063, 0.70536
0.57592, 0.61754, 0.69775, 0.66667, 0.72321
0.57364, 0.61671, 0.71011, 0.64865, 0.67857
0.56861, 0.59882, 0.72472, 0.66667, 0.66071
0.56976, 0.65023, 0.70449, 0.61261, 0.71429
0.57681, 0.59369, 0.69888, 0.69369, 0.67857
0.57394, 0.57926, 0.72697, 0.70270, 0.66964
0.56184, 0.58742, 0.71910, 0.65766, 0.69643
0.56715, 0.57396, 0.69551, 0.71171, 0.62500
0.57746, 0.61541, 0.70674, 0.64865, 0.69643
0.55312, 0.59455, 0.72247, 0.67568, 0.69643
0.54727, 0.58868, 0.71910, 0.66667, 0.70536
0.55076, 0.58957, 0.73146, 0.69369, 0.60714
0.54412, 0.58161, 0.73933, 0.68468, 0.66964
0.55085, 0.56693, 0.72584, 0.71171, 0.63393
0.54647, 0.60427, 0.73371, 0.72072, 0.62500
0.53957, 0.58360, 0.74382, 0.67568, 0.67857
0.55005, 0.60491, 0.72921, 0.66667, 0.71429
0.54265, 0.57543, 0.74045, 0.69369, 0.65179
0.53190, 0.56926, 0.75169, 0.68468, 0.63393
0.52721, 0.61295, 0.74494, 0.69369, 0.64286
0.53628, 0.56383, 0.74719, 0.72072, 0.60714
0.52888, 0.57679, 0.75393, 0.70270, 0.66964
0.53258, 0.60542, 0.75618, 0.67568, 0.69643
0.53562, 0.58171, 0.74157, 0.72973, 0.64286
0.52696, 0.57582, 0.75506, 0.72973, 0.63393
0.52647, 0.59378, 0.72584, 0.68468, 0.63393
0.52419, 0.57536, 0.75506, 0.66667, 0.71429
0.51386, 0.57505, 0.75955, 0.68468, 0.68750
0.51593, 0.56728, 0.75056, 0.68468, 0.67857
0.51526, 0.57090, 0.76404, 0.71171, 0.66071
0.51652, 0.58976, 0.76067, 0.67568, 0.68750
0.51029, 0.58284, 0.74944, 0.73874, 0.65179
0.52449, 0.55466, 0.75730, 0.71171, 0.65179
0.51067, 0.56044, 0.76180, 0.71171, 0.68750
0.51871, 0.56036, 0.75955, 0.70270, 0.67857
0.50628, 0.56509, 0.76180, 0.66667, 0.68750
0.51205, 0.55399, 0.76854, 0.70270, 0.69643
0.49276, 0.59886, 0.76180, 0.72072, 0.68750
0.49882, 0.59189, 0.75393, 0.75676, 0.66071
0.49894, 0.57116, 0.77528, 0.69369, 0.68750
0.50156, 0.56675, 0.77528, 0.72973, 0.68750
0.50969, 0.56212, 0.77865, 0.68468, 0.70536
0.49682, 0.58069, 0.75618, 0.67568, 0.71429
0.51621, 0.61253, 0.74045, 0.67568, 0.67857
0.51347, 0.54891, 0.73820, 0.71171, 0.71429
0.50705, 0.57156, 0.76629, 0.70270, 0.67857
0.49073, 0.59520, 0.74719, 0.69369, 0.64286
0.49435, 0.55499, 0.76629, 0.70270, 0.70536
0.48454, 0.56022, 0.78315, 0.72072, 0.69643
0.48646, 0.55317, 0.74494, 0.72973, 0.66964
0.51071, 0.56620, 0.74607, 0.72973, 0.66071
0.50153, 0.56202, 0.76966, 0.72072, 0.71429
0.49197, 0.54491, 0.73371, 0.71171, 0.67857
0.50087, 0.58474, 0.78427, 0.72973, 0.69643
0.48719, 0.57427, 0.78090, 0.71171, 0.69643
0.48997, 0.55160, 0.79213, 0.71171, 0.73214
0.47449, 0.57241, 0.78652, 0.73874, 0.67857
0.47788, 0.56118, 0.76067, 0.70270, 0.66071
0.47636, 0.57525, 0.78876, 0.72072, 0.66964
0.47289, 0.58903, 0.76629, 0.69369, 0.64286
0.49114, 0.61263, 0.74494, 0.68468, 0.67857
0.50498, 0.53346, 0.78427, 0.72072, 0.71429
0.47553, 0.57099, 0.78652, 0.71171, 0.71429
0.47735, 0.54693, 0.78876, 0.72072, 0.69643
0.48091, 0.56428, 0.78202, 0.69369, 0.68750
0.46701, 0.55448, 0.76966, 0.70270, 0.70536
0.48568, 0.56077, 0.78202, 0.70270, 0.68750
0.47287, 0.57821, 0.79213, 0.71171, 0.70536
0.47171, 0.58469, 0.78315, 0.72973, 0.67857
0.46752, 0.55709, 0.77640, 0.72973, 0.70536
0.48212, 0.55408, 0.76067, 0.71171, 0.66964
0.46833, 0.58541, 0.78202, 0.67568, 0.73214
0.46511, 0.60910, 0.78764, 0.69369, 0.69643
0.48004, 0.54416, 0.77528, 0.72072, 0.70536
0.46534, 0.59503, 0.76517, 0.71171, 0.66071
0.46289, 0.57566, 0.77753, 0.72072, 0.67857
0.46175, 0.58288, 0.78989, 0.73874, 0.68750
0.46115, 0.57795, 0.75281, 0.70270, 0.69643
0.47692, 0.56263, 0.77191, 0.70270, 0.68750
0.45715, 0.56925, 0.78989, 0.72973, 0.68750
0.44755, 0.56308, 0.79438, 0.72072, 0.70536
0.45271, 0.54486, 0.80000, 0.73874, 0.74107
----------------------------------------------------------------------------------------------------------------------------
0.63808, 0.61367, 0.61573, 0.62162, 0.58036
0.61314, 0.56230, 0.68876, 0.69369, 0.67857
0.58332, 0.57741, 0.65843, 0.63063, 0.61607
0.59857, 0.54789, 0.71910, 0.72973, 0.66071
0.57320, 0.54068, 0.70000, 0.66667, 0.66964
0.56345, 0.51898, 0.72472, 0.74775, 0.68750
0.56808, 0.54732, 0.71798, 0.72072, 0.64286
0.57481, 0.52768, 0.73933, 0.76577, 0.65179
0.55454, 0.50887, 0.73483, 0.76577, 0.67857
0.55493, 0.52889, 0.73820, 0.76577, 0.68750
0.55566, 0.51622, 0.71124, 0.70270, 0.69643
0.54889, 0.51870, 0.72472, 0.75676, 0.67857
0.55555, 0.51373, 0.72022, 0.73874, 0.69643
0.55024, 0.53069, 0.71573, 0.73874, 0.68750
0.53953, 0.48859, 0.73708, 0.76577, 0.66071
0.54023, 0.50969, 0.73820, 0.75676, 0.66964
0.56154, 0.49759, 0.74045, 0.77477, 0.66964
0.54065, 0.49803, 0.75843, 0.78378, 0.71429
0.53082, 0.48862, 0.75843, 0.78378, 0.69643
0.52947, 0.49243, 0.75955, 0.76577, 0.71429
0.53422, 0.51527, 0.75618, 0.80180, 0.70536
0.54469, 0.52950, 0.71685, 0.71171, 0.67857
0.53565, 0.48367, 0.75955, 0.78378, 0.71429
0.52001, 0.49088, 0.76966, 0.76577, 0.70536
0.51612, 0.52533, 0.74382, 0.76577, 0.67857
0.54372, 0.49136, 0.75618, 0.77477, 0.69643
0.52818, 0.53661, 0.72921, 0.72973, 0.68750
0.52614, 0.49051, 0.77640, 0.78378, 0.72321
0.51061, 0.49058, 0.78090, 0.79279, 0.70536
0.51045, 0.51009, 0.77865, 0.78378, 0.70536
0.50965, 0.50164, 0.77416, 0.77477, 0.70536
0.50906, 0.49483, 0.78315, 0.78378, 0.70536
0.52325, 0.49421, 0.78989, 0.80180, 0.70536
0.49766, 0.59353, 0.74270, 0.72072, 0.69643
0.50861, 0.52323, 0.78202, 0.77477, 0.73214
0.50318, 0.53535, 0.75730, 0.72973, 0.66964
0.51190, 0.52623, 0.79213, 0.77477, 0.72321
0.49082, 0.52358, 0.78764, 0.75676, 0.71429
0.49068, 0.58879, 0.75393, 0.72072, 0.68750
0.51165, 0.50525, 0.78652, 0.81081, 0.72321
0.48870, 0.51057, 0.78764, 0.79279, 0.66964
0.48348, 0.55224, 0.77865, 0.75676, 0.70536
0.49987, 0.54022, 0.80562, 0.76577, 0.71429
----------------------------------------------------------------------------------------------------------------------------
0.65930, 0.64120, 0.61685, 0.63964, 0.63393
0.64367, 0.61392, 0.65281, 0.68468, 0.74107
0.64129, 0.60223, 0.66966, 0.70270, 0.75000
0.62874, 0.59813, 0.67753, 0.67568, 0.74107
0.62369, 0.58675, 0.66292, 0.71171, 0.75000
0.62881, 0.59468, 0.67865, 0.69369, 0.75893
0.62247, 0.57443, 0.66404, 0.69369, 0.74107
0.61884, 0.57990, 0.68202, 0.70270, 0.70536
0.60718, 0.56094, 0.67528, 0.72072, 0.72321
0.60233, 0.54654, 0.67079, 0.71171, 0.74107
0.60810, 0.57794, 0.64831, 0.67568, 0.67857
0.60768, 0.59218, 0.68876, 0.72072, 0.69643
0.60749, 0.59700, 0.66292, 0.72973, 0.66071
0.60323, 0.55244, 0.66404, 0.68468, 0.72321
0.59972, 0.56943, 0.68539, 0.74775, 0.73214
0.58720, 0.54075, 0.69326, 0.73874, 0.71429
0.59493, 0.54484, 0.69326, 0.73874, 0.69643
0.59034, 0.57588, 0.71011, 0.74775, 0.72321
0.59888, 0.54831, 0.70225, 0.72973, 0.73214
0.58139, 0.53768, 0.69213, 0.69369, 0.75000
0.58802, 0.56971, 0.69438, 0.73874, 0.72321
0.57711, 0.55547, 0.69438, 0.70270, 0.76786
0.58513, 0.52539, 0.71124, 0.72072, 0.71429
0.58366, 0.56315, 0.68427, 0.71171, 0.69643
0.58350, 0.53041, 0.70787, 0.71171, 0.71429
0.58174, 0.54250, 0.70225, 0.71171, 0.76786
0.57983, 0.53495, 0.69775, 0.70270, 0.73214
0.57350, 0.54684, 0.73034, 0.71171, 0.75893
0.57819, 0.52268, 0.71011, 0.73874, 0.70536
0.58141, 0.55123, 0.71348, 0.71171, 0.69643
0.57783, 0.51461, 0.71124, 0.72973, 0.69643
0.58194, 0.55580, 0.71910, 0.70270, 0.73214
0.58151, 0.57428, 0.67640, 0.68468, 0.67857
0.58284, 0.61574, 0.66854, 0.65766, 0.66964
0.56656, 0.57216, 0.72022, 0.67568, 0.71429
0.56756, 0.54207, 0.69213, 0.68468, 0.76786
0.58725, 0.53694, 0.68764, 0.67568, 0.75000
0.56886, 0.54056, 0.70899, 0.70270, 0.72321
0.56054, 0.52141, 0.72360, 0.70270, 0.76786
0.55762, 0.53072, 0.71798, 0.73874, 0.74107
0.55915, 0.53749, 0.73820, 0.71171, 0.75000
0.55955, 0.53205, 0.73258, 0.73874, 0.77679
0.55131, 0.55562, 0.71124, 0.69369, 0.72321
0.54955, 0.55797, 0.71685, 0.68468, 0.74107
0.55000, 0.59794, 0.71011, 0.64865, 0.73214
0.55612, 0.55143, 0.72022, 0.70270, 0.73214
0.55099, 0.53098, 0.72247, 0.71171, 0.74107
0.54755, 0.52444, 0.72584, 0.71171, 0.75000
0.55682, 0.55776, 0.74045, 0.70270, 0.77679
0.54517, 0.51166, 0.74157, 0.72072, 0.75893
0.55696, 0.51531, 0.73258, 0.68468, 0.73214
0.53819, 0.54391, 0.73371, 0.70270, 0.75000
0.55496, 0.51299, 0.71798, 0.72973, 0.75893
0.55126, 0.54386, 0.74494, 0.70270, 0.75000
0.54743, 0.57640, 0.72697, 0.67568, 0.75000
0.55054, 0.53524, 0.74494, 0.71171, 0.78571
0.54188, 0.52654, 0.74944, 0.69369, 0.75893
0.54016, 0.52318, 0.74831, 0.69369, 0.75893
0.53435, 0.55104, 0.74944, 0.71171, 0.75893
0.53931, 0.50858, 0.74157, 0.70270, 0.78571
0.53839, 0.56218, 0.73933, 0.68468, 0.75000
0.53507, 0.50689, 0.73483, 0.72973, 0.75000
0.53552, 0.52909, 0.75730, 0.72072, 0.77679
0.53983, 0.51679, 0.72472, 0.73874, 0.74107
0.53775, 0.54810, 0.73820, 0.71171, 0.75000
0.54285, 0.51375, 0.75169, 0.72973, 0.76786
0.53268, 0.52171, 0.74719, 0.72072, 0.75893
0.53278, 0.54225, 0.74607, 0.70270, 0.77679
0.52288, 0.50313, 0.74607, 0.73874, 0.74107
0.52317, 0.50829, 0.73596, 0.72973, 0.75000
0.53739, 0.52124, 0.74382, 0.70270, 0.75893
0.52685, 0.50732, 0.74157, 0.75676, 0.73214
0.52760, 0.51200, 0.73596, 0.72973, 0.75000
0.53869, 0.54083, 0.73933, 0.70270, 0.74107
0.52181, 0.50025, 0.75730, 0.74775, 0.75893
0.53054, 0.50835, 0.75056, 0.74775, 0.73214
0.52803, 0.49986, 0.75281, 0.73874, 0.76786
0.52138, 0.49788, 0.75281, 0.70270, 0.78571
0.51327, 0.49759, 0.75393, 0.75676, 0.73214
0.52425, 0.51256, 0.75618, 0.72072, 0.75893
0.52294, 0.53831, 0.74494, 0.70270, 0.75000
0.52460, 0.53947, 0.75955, 0.70270, 0.75000
0.52407, 0.51191, 0.74831, 0.72072, 0.78571
0.52154, 0.51572, 0.73483, 0.73874, 0.75893
0.52029, 0.50860, 0.75281, 0.73874, 0.76786
0.51158, 0.50750, 0.75730, 0.69369, 0.79464
0.51674, 0.51518, 0.75843, 0.70270, 0.77679
0.51639, 0.52019, 0.74944, 0.72973, 0.82143
0.51901, 0.52684, 0.76292, 0.68468, 0.77679
0.51157, 0.51081, 0.75955, 0.72072, 0.79464
0.51365, 0.52425, 0.74157, 0.76577, 0.77679
0.51017, 0.53688, 0.75506, 0.66667, 0.78571
0.50412, 0.50109, 0.73596, 0.74775, 0.75000
0.50726, 0.51481, 0.76404, 0.73874, 0.77679
0.51027, 0.50747, 0.75169, 0.74775, 0.77679
0.52559, 0.55429, 0.75618, 0.65766, 0.77679
0.51717, 0.54468, 0.73933, 0.69369, 0.75000
0.51302, 0.50467, 0.76067, 0.74775, 0.77679
0.50708, 0.52231, 0.74719, 0.75676, 0.79464
----------------------------------------------------------------------------------------------------------------------------
0.65932, 0.64046, 0.61685, 0.63964, 0.64286
0.64395, 0.61332, 0.65506, 0.68468, 0.74107
0.64187, 0.59943, 0.67865, 0.70270, 0.76786
0.63322, 0.60645, 0.67079, 0.72072, 0.71429
0.62398, 0.58327, 0.65506, 0.70270, 0.73214
0.63133, 0.59300, 0.68652, 0.70270, 0.75893
0.61986, 0.58158, 0.66292, 0.67568, 0.72321
0.61803, 0.57608, 0.67528, 0.71171, 0.71429
0.60592, 0.55759, 0.67978, 0.71171, 0.70536
0.60180, 0.55369, 0.67303, 0.71171, 0.76786
0.60726, 0.57936, 0.64607, 0.69369, 0.68750
0.61091, 0.59704, 0.68764, 0.71171, 0.72321
0.60733, 0.59800, 0.66854, 0.74775, 0.66964
0.60476, 0.56038, 0.66966, 0.68468, 0.70536
0.59939, 0.56563, 0.69438, 0.74775, 0.73214
0.58829, 0.54245, 0.69775, 0.76577, 0.72321
0.59402, 0.54190, 0.70562, 0.75676, 0.71429
0.58807, 0.56846, 0.70674, 0.75676, 0.69643
0.60038, 0.55221, 0.69438, 0.72072, 0.73214
0.58292, 0.53998, 0.69663, 0.72973, 0.75000
0.58768, 0.57114, 0.69438, 0.72973, 0.73214
0.57695, 0.55507, 0.68315, 0.71171, 0.75893
0.58572, 0.51914, 0.70787, 0.72973, 0.69643
0.58377, 0.54821, 0.68539, 0.72072, 0.70536
0.58066, 0.52250, 0.70112, 0.74775, 0.70536
0.58124, 0.53874, 0.70899, 0.71171, 0.76786
0.58073, 0.53303, 0.69438, 0.69369, 0.73214
0.57350, 0.55137, 0.72697, 0.72072, 0.73214
0.57832, 0.52847, 0.70899, 0.73874, 0.71429
0.58288, 0.55610, 0.70674, 0.70270, 0.69643
0.57970, 0.51263, 0.70787, 0.74775, 0.70536
0.58258, 0.55954, 0.71348, 0.72973, 0.71429
0.58406, 0.57974, 0.68539, 0.71171, 0.66071
0.58322, 0.61852, 0.66067, 0.64865, 0.68750
0.56645, 0.57813, 0.71573, 0.67568, 0.70536
0.57005, 0.54338, 0.69101, 0.69369, 0.76786
0.58851, 0.53761, 0.69101, 0.68468, 0.76786
0.57130, 0.52365, 0.70674, 0.70270, 0.72321
0.56142, 0.53156, 0.72022, 0.69369, 0.76786
0.55754, 0.53211, 0.72247, 0.72973, 0.74107
0.55849, 0.53862, 0.74045, 0.70270, 0.75893
0.55675, 0.53424, 0.73371, 0.72072, 0.77679
0.55367, 0.54573, 0.71348, 0.71171, 0.72321
0.54769, 0.55044, 0.72360, 0.70270, 0.72321
0.55221, 0.59536, 0.71011, 0.64865, 0.71429
0.55752, 0.53414, 0.71910, 0.72072, 0.72321
0.54873, 0.52624, 0.72584, 0.72973, 0.73214
0.54613, 0.52869, 0.72697, 0.72973, 0.74107
0.55286, 0.54918, 0.73371, 0.69369, 0.75000
0.54616, 0.50834, 0.74382, 0.72973, 0.75000
0.55527, 0.50989, 0.72584, 0.72072, 0.72321
0.54073, 0.54932, 0.74045, 0.69369, 0.73214
0.55137, 0.51549, 0.72921, 0.72973, 0.74107
0.54746, 0.54010, 0.74382, 0.69369, 0.75000
0.54463, 0.56691, 0.72584, 0.69369, 0.75893
0.54444, 0.52829, 0.74157, 0.72973, 0.76786
0.54079, 0.51244, 0.74607, 0.72072, 0.75893
0.53681, 0.52008, 0.74719, 0.72072, 0.75000
0.53341, 0.55378, 0.74607, 0.72072, 0.76786
0.53828, 0.51087, 0.74157, 0.72072, 0.75893
0.53878, 0.56266, 0.74382, 0.68468, 0.75000
0.53830, 0.50087, 0.74270, 0.71171, 0.76786
0.53325, 0.53235, 0.74944, 0.72973, 0.75893
0.53663, 0.51628, 0.72135, 0.72072, 0.75000
0.53933, 0.55564, 0.73034, 0.72072, 0.75893
0.54458, 0.51718, 0.75281, 0.71171, 0.75893
0.53115, 0.53009, 0.74944, 0.71171, 0.76786
0.53516, 0.54402, 0.74494, 0.70270, 0.78571
0.52388, 0.50170, 0.74157, 0.73874, 0.75893
0.52388, 0.50561, 0.73933, 0.72973, 0.77679
0.53703, 0.52621, 0.75056, 0.72072, 0.75893
0.52814, 0.50116, 0.73708, 0.74775, 0.75000
0.52989, 0.51805, 0.73596, 0.75676, 0.74107
0.53160, 0.55469, 0.74270, 0.68468, 0.75000
0.52249, 0.51795, 0.75169, 0.72072, 0.78571
0.53536, 0.53148, 0.74045, 0.73874, 0.72321
0.52592, 0.51287, 0.73933, 0.72072, 0.74107
0.52295, 0.50663, 0.73258, 0.72072, 0.76786
0.51832, 0.50406, 0.73820, 0.73874, 0.74107
0.52734, 0.53178, 0.74831, 0.69369, 0.80357
0.52792, 0.54834, 0.74944, 0.69369, 0.78571
0.52877, 0.54665, 0.75056, 0.70270, 0.77679
----------------------------------------------------------------------------------------------------------------------------
0.70374, 0.65758, 0.68764, 0.69369, 0.59821
0.62339, 0.63971, 0.69551, 0.65766, 0.63393
0.60612, 0.61088, 0.70562, 0.67568, 0.66071
0.58603, 0.59636, 0.70899, 0.68468, 0.65179
0.57338, 0.59693, 0.72247, 0.67568, 0.63393
0.56407, 0.59853, 0.73034, 0.66667, 0.63393
0.56188, 0.59576, 0.73258, 0.67568, 0.64286
0.55692, 0.59592, 0.74607, 0.68468, 0.65179
0.54700, 0.59292, 0.73820, 0.70270, 0.65179
0.54107, 0.56348, 0.75393, 0.75676, 0.66964
0.54980, 0.54308, 0.74607, 0.74775, 0.59821
0.53657, 0.54797, 0.74719, 0.73874, 0.62500
0.53362, 0.58118, 0.76854, 0.73874, 0.66964
0.53064, 0.58443, 0.75056, 0.72072, 0.67857
0.52448, 0.57527, 0.76629, 0.73874, 0.66071
0.52751, 0.62672, 0.74157, 0.67568, 0.67857
0.53720, 0.55691, 0.73146, 0.73874, 0.58929
0.53394, 0.56955, 0.77079, 0.73874, 0.66964
0.51913, 0.57869, 0.77303, 0.72973, 0.66071
0.51079, 0.54853, 0.76742, 0.74775, 0.62500
0.52235, 0.57066, 0.77978, 0.72072, 0.66964
0.50880, 0.55771, 0.78876, 0.77477, 0.65179
0.51352, 0.65182, 0.75056, 0.67568, 0.66964
0.51198, 0.62354, 0.75618, 0.71171, 0.67857
0.51630, 0.54814, 0.77528, 0.75676, 0.66071
0.51643, 0.59139, 0.77079, 0.73874, 0.66071
0.51725, 0.57666, 0.78539, 0.73874, 0.66071
0.51026, 0.63567, 0.75730, 0.71171, 0.67857
0.49527, 0.55837, 0.76180, 0.72973, 0.62500
0.51230, 0.56262, 0.77865, 0.75676, 0.64286
0.50026, 0.60336, 0.77303, 0.71171, 0.67857
----------------------------------------------------------------------------------------------------------------------------
0.66917, 0.62432, 0.60337, 0.61261, 0.58929
0.65532, 0.62148, 0.65056, 0.68468, 0.59821
0.63882, 0.59789, 0.64719, 0.66667, 0.60714
0.64326, 0.60383, 0.65506, 0.66667, 0.59821
0.62877, 0.58475, 0.63933, 0.64865, 0.59821
0.61529, 0.59718, 0.68764, 0.70270, 0.62500
0.62665, 0.58451, 0.67640, 0.72072, 0.63393
0.60294, 0.57793, 0.65955, 0.69369, 0.61607
0.61153, 0.56996, 0.66854, 0.70270, 0.59821
0.61633, 0.60130, 0.69101, 0.70270, 0.58929
0.60995, 0.56753, 0.69438, 0.68468, 0.66964
0.59145, 0.56000, 0.70337, 0.70270, 0.64286
0.59468, 0.58966, 0.67978, 0.69369, 0.66964
0.59673, 0.56424, 0.69213, 0.70270, 0.61607
0.59252, 0.56269, 0.69775, 0.72072, 0.66964
0.57680, 0.54698, 0.67978, 0.70270, 0.66071
0.58246, 0.52239, 0.70899, 0.74775, 0.66964
0.59630, 0.57175, 0.68876, 0.70270, 0.62500
0.59074, 0.54628, 0.70449, 0.75676, 0.66071
0.57085, 0.53400, 0.70225, 0.74775, 0.66071
0.58526, 0.53977, 0.70225, 0.74775, 0.68750
0.57066, 0.53961, 0.70674, 0.75676, 0.66964
0.57119, 0.61136, 0.66742, 0.69369, 0.63393
0.59227, 0.53360, 0.71910, 0.74775, 0.64286
0.56858, 0.54212, 0.70225, 0.72973, 0.70536
0.56656, 0.54637, 0.71573, 0.76577, 0.61607
0.56848, 0.52068, 0.72809, 0.75676, 0.67857
0.55824, 0.50985, 0.72584, 0.78378, 0.66071
0.55729, 0.54239, 0.69101, 0.72973, 0.67857
0.56750, 0.53812, 0.71124, 0.74775, 0.66964
0.55223, 0.52694, 0.69663, 0.74775, 0.65179
0.56046, 0.50360, 0.72022, 0.79279, 0.66071
0.56239, 0.49012, 0.71910, 0.77477, 0.66964
0.56412, 0.52940, 0.70562, 0.73874, 0.66964
0.55358, 0.50156, 0.72247, 0.77477, 0.64286
0.55302, 0.50503, 0.72921, 0.77477, 0.66071
0.55097, 0.51067, 0.73034, 0.78378, 0.64286
0.54976, 0.49243, 0.73371, 0.78378, 0.64286
0.54795, 0.51675, 0.72697, 0.75676, 0.70536
0.56548, 0.50239, 0.72472, 0.78378, 0.66964
0.55517, 0.49840, 0.73596, 0.75676, 0.67857
0.53859, 0.51679, 0.72022, 0.77477, 0.65179
0.55467, 0.49180, 0.74270, 0.77477, 0.70536
0.55627, 0.49192, 0.72809, 0.78378, 0.67857
0.54148, 0.48678, 0.75393, 0.78378, 0.71429
0.53773, 0.50170, 0.74270, 0.77477, 0.68750
0.53789, 0.50374, 0.72921, 0.74775, 0.66964
0.56758, 0.53858, 0.70899, 0.74775, 0.73214
0.57064, 0.53388, 0.72697, 0.76577, 0.72321
0.56185, 0.49446, 0.74045, 0.74775, 0.68750
0.54373, 0.50858, 0.72472, 0.76577, 0.72321
0.53230, 0.50371, 0.74045, 0.77477, 0.65179
0.52742, 0.49660, 0.73034, 0.78378, 0.72321
0.52298, 0.50305, 0.73708, 0.78378, 0.69643
0.52068, 0.49542, 0.75393, 0.76577, 0.66964
0.52422, 0.50841, 0.75955, 0.77477, 0.66964
0.52549, 0.49090, 0.73933, 0.77477, 0.67857
0.52554, 0.53107, 0.71124, 0.74775, 0.66071
0.52221, 0.50135, 0.74831, 0.78378, 0.69643
0.52616, 0.51069, 0.75169, 0.76577, 0.68750
0.53716, 0.54264, 0.73933, 0.72973, 0.70536
0.52776, 0.50090, 0.72697, 0.77477, 0.74107
0.52417, 0.52532, 0.71348, 0.71171, 0.72321
0.52288, 0.50257, 0.75281, 0.80180, 0.68750
0.51506, 0.53496, 0.73146, 0.73874, 0.72321
----------------------------------------------------------------------------------------------------------------------------
0.66530, 0.58714, 0.62472, 0.67568, 0.59821
0.61697, 0.56390, 0.66517, 0.75676, 0.65179
0.61576, 0.58480, 0.65281, 0.72072, 0.65179
0.59830, 0.54358, 0.70449, 0.72973, 0.69643
0.59104, 0.56217, 0.72921, 0.71171, 0.70536
0.58898, 0.55905, 0.72809, 0.74775, 0.68750
0.58330, 0.54957, 0.71124, 0.76577, 0.68750
0.56101, 0.54409, 0.73483, 0.72973, 0.69643
0.55969, 0.61824, 0.72809, 0.68468, 0.66964
0.55611, 0.58078, 0.74607, 0.69369, 0.69643
0.54713, 0.53295, 0.71798, 0.73874, 0.68750
0.55785, 0.54707, 0.75281, 0.72973, 0.68750
0.53460, 0.61595, 0.73034, 0.69369, 0.68750
0.55133, 0.54740, 0.75169, 0.72072, 0.68750
0.52680, 0.54238, 0.76180, 0.74775, 0.69643
0.53500, 0.53929, 0.76629, 0.74775, 0.68750
0.57022, 0.53718, 0.69213, 0.75676, 0.66964
0.54509, 0.61268, 0.75618, 0.67568, 0.68750
0.52540, 0.53113, 0.74607, 0.71171, 0.67857
0.53887, 0.56788, 0.76517, 0.73874, 0.68750
0.53845, 0.63952, 0.73258, 0.62162, 0.68750
0.52673, 0.52528, 0.74382, 0.72973, 0.67857
0.52323, 0.59262, 0.76742, 0.67568, 0.69643
0.52883, 0.53335, 0.76292, 0.73874, 0.65179
0.51292, 0.56419, 0.77753, 0.73874, 0.68750
0.51300, 0.54317, 0.78427, 0.75676, 0.65179
0.51429, 0.65448, 0.72022, 0.66667, 0.63393
0.50694, 0.54569, 0.78315, 0.75676, 0.66071
0.50105, 0.56522, 0.78427, 0.72973, 0.67857
0.51908, 0.61121, 0.76629, 0.68468, 0.71429
0.51242, 0.55307, 0.78539, 0.76577, 0.65179
0.51927, 0.54245, 0.77079, 0.74775, 0.66964
0.51998, 0.53377, 0.77528, 0.78378, 0.66964
0.50110, 0.53552, 0.77079, 0.74775, 0.66071
0.49999, 0.54665, 0.77753, 0.74775, 0.68750
0.49496, 0.53148, 0.77416, 0.75676, 0.66964
0.51882, 0.53199, 0.72921, 0.77477, 0.69643
0.50987, 0.56816, 0.78764, 0.72973, 0.66964
0.49205, 0.54079, 0.78989, 0.73874, 0.63393
0.49554, 0.55739, 0.78876, 0.75676, 0.66071
0.49745, 0.52259, 0.77079, 0.75676, 0.67857
0.50016, 0.59874, 0.78876, 0.67568, 0.67857
0.50921, 0.64925, 0.75730, 0.63063, 0.67857
0.49138, 0.56325, 0.79775, 0.72973, 0.66071
0.48790, 0.55782, 0.79775, 0.72072, 0.66071
0.48834, 0.52845, 0.76517, 0.73874, 0.66071
0.50251, 0.55258, 0.78989, 0.74775, 0.63393
0.48637, 0.52812, 0.74382, 0.75676, 0.68750
0.52162, 0.59418, 0.77978, 0.67568, 0.67857
0.49658, 0.54045, 0.79101, 0.75676, 0.61607
0.48610, 0.54139, 0.77865, 0.71171, 0.64286
0.48266, 0.57067, 0.78652, 0.75676, 0.64286
0.47869, 0.54521, 0.79775, 0.73874, 0.66964
0.47276, 0.55460, 0.79551, 0.72072, 0.66964
0.47111, 0.63024, 0.78427, 0.66667, 0.67857
0.49079, 0.63979, 0.75169, 0.64865, 0.68750
0.50357, 0.53951, 0.79101, 0.72072, 0.65179
0.46547, 0.53537, 0.79438, 0.72973, 0.65179
0.46545, 0.56605, 0.80899, 0.73874, 0.66964
0.47003, 0.53686, 0.78652, 0.72072, 0.62500
0.46866, 0.57647, 0.80337, 0.70270, 0.66071
----------------------------------------------------------------------------------------------------------------------------
0.67710, 0.69387, 0.61236, 0.58559, 0.62500
0.63286, 0.62649, 0.67640, 0.66667, 0.66964
0.61655, 0.62643, 0.69663, 0.67568, 0.72321
0.61143, 0.62817, 0.66180, 0.63063, 0.63393
0.60561, 0.60948, 0.70562, 0.72072, 0.72321
0.59094, 0.65875, 0.67865, 0.63964, 0.66964
0.60022, 0.62251, 0.70000, 0.67568, 0.66071
0.60742, 0.64269, 0.67978, 0.65766, 0.65179
0.60115, 0.65580, 0.67640, 0.65766, 0.64286
0.60235, 0.65285, 0.69888, 0.68468, 0.68750
0.60021, 0.72320, 0.68989, 0.63063, 0.69643
0.61367, 0.65428, 0.67753, 0.64865, 0.66964
0.59167, 0.64407, 0.71011, 0.69369, 0.65179
0.57908, 0.63686, 0.70000, 0.66667, 0.67857
0.58058, 0.64423, 0.68989, 0.68468, 0.72321
0.58124, 0.64877, 0.71236, 0.72072, 0.72321
0.57517, 0.71518, 0.70000, 0.63063, 0.64286
0.58683, 0.67322, 0.71798, 0.68468, 0.65179
0.57904, 0.69502, 0.71348, 0.66667, 0.68750
0.57526, 0.67014, 0.67978, 0.69369, 0.65179
0.57701, 0.70130, 0.71798, 0.63964, 0.69643
0.56438, 0.67032, 0.73146, 0.68468, 0.68750
0.56241, 0.65371, 0.71573, 0.67568, 0.68750
0.55540, 0.65496, 0.74157, 0.68468, 0.67857
0.57059, 0.66933, 0.71124, 0.66667, 0.70536
----------------------------------------------------------------------------------------------------------------------------
0.70374, 0.65758, 0.68764, 0.69369, 0.59821
0.62339, 0.63972, 0.69551, 0.65766, 0.63393
0.60616, 0.61066, 0.70562, 0.67568, 0.66071
0.58622, 0.59598, 0.70899, 0.67568, 0.65179
0.57389, 0.59717, 0.72472, 0.67568, 0.63393
0.56428, 0.59308, 0.73371, 0.67568, 0.64286
0.55991, 0.58335, 0.73596, 0.67568, 0.65179
0.55537, 0.59136, 0.74494, 0.68468, 0.65179
0.54638, 0.60155, 0.73820, 0.68468, 0.67857
0.54256, 0.56815, 0.75281, 0.74775, 0.68750
0.54913, 0.54189, 0.74157, 0.75676, 0.60714
0.53879, 0.54927, 0.75730, 0.74775, 0.61607
0.53389, 0.58798, 0.75955, 0.72973, 0.66964
0.53008, 0.58617, 0.75618, 0.72072, 0.68750
0.52367, 0.58727, 0.75955, 0.72973, 0.66071
0.52900, 0.63124, 0.74494, 0.67568, 0.68750
0.53723, 0.56006, 0.72360, 0.72072, 0.58929
0.53414, 0.57389, 0.76742, 0.73874, 0.67857
0.51905, 0.58226, 0.77079, 0.73874, 0.66964
0.51154, 0.55601, 0.77303, 0.76577, 0.62500
0.52231, 0.58195, 0.76966, 0.72973, 0.69643
0.51075, 0.55406, 0.77978, 0.76577, 0.66964
0.51391, 0.64790, 0.75056, 0.68468, 0.66964
0.51342, 0.65313, 0.74382, 0.67568, 0.66964
0.52036, 0.55713, 0.78427, 0.74775, 0.68750
0.51449, 0.58027, 0.77753, 0.74775, 0.66964
0.51438, 0.58423, 0.77528, 0.72973, 0.68750
0.50927, 0.63524, 0.75618, 0.69369, 0.68750
0.49538, 0.55749, 0.76067, 0.72973, 0.60714
0.51171, 0.56310, 0.77865, 0.75676, 0.64286
0.50029, 0.60393, 0.77303, 0.70270, 0.67857
----------------------------------------------------------------------------------------------------------------------------
0.66209, 0.66116, 0.61236, 0.56757, 0.59821
0.63846, 0.64719, 0.64382, 0.60360, 0.65179
0.61493, 0.63058, 0.66292, 0.63063, 0.71429
0.60613, 0.64177, 0.66404, 0.62162, 0.69643
0.60271, 0.60363, 0.68202, 0.61261, 0.66964
0.59031, 0.60453, 0.69663, 0.63063, 0.70536
0.58036, 0.59987, 0.70899, 0.65766, 0.74107
0.59100, 0.60490, 0.69888, 0.65766, 0.67857
0.57515, 0.59466, 0.70674, 0.66667, 0.68750
0.57697, 0.59001, 0.70449, 0.66667, 0.69643
0.57707, 0.59867, 0.70112, 0.64865, 0.68750
0.57030, 0.61220, 0.70337, 0.66667, 0.68750
0.57408, 0.61317, 0.70112, 0.67568, 0.72321
0.55778, 0.65218, 0.70000, 0.66667, 0.70536
0.58918, 0.58221, 0.71685, 0.69369, 0.70536
0.55608, 0.60523, 0.71798, 0.64865, 0.68750
0.56465, 0.62105, 0.71461, 0.66667, 0.67857
0.55666, 0.57304, 0.73258, 0.67568, 0.71429
0.55099, 0.56917, 0.73034, 0.68468, 0.70536
0.54693, 0.57763, 0.74045, 0.72072, 0.71429
0.54193, 0.58857, 0.72135, 0.68468, 0.74107
0.53786, 0.56896, 0.76180, 0.72973, 0.72321
0.54062, 0.56939, 0.75281, 0.71171, 0.73214
0.52998, 0.56405, 0.75393, 0.71171, 0.72321
0.52725, 0.59022, 0.74382, 0.68468, 0.69643
0.53577, 0.57912, 0.74607, 0.70270, 0.72321
0.53914, 0.57953, 0.75169, 0.73874, 0.71429
0.52840, 0.57767, 0.73596, 0.71171, 0.73214
0.52503, 0.55690, 0.75955, 0.72072, 0.73214
0.52962, 0.56030, 0.75393, 0.75676, 0.74107
0.52424, 0.57738, 0.75618, 0.72973, 0.72321
0.53406, 0.56059, 0.74831, 0.70270, 0.73214
0.53159, 0.54830, 0.76629, 0.70270, 0.73214
0.51246, 0.56955, 0.77079, 0.74775, 0.73214
0.53692, 0.58948, 0.71685, 0.69369, 0.76786
0.51705, 0.55871, 0.76517, 0.72973, 0.74107
0.50993, 0.56571, 0.76404, 0.70270, 0.73214
0.50625, 0.56358, 0.76180, 0.70270, 0.74107
0.51142, 0.56302, 0.75618, 0.70270, 0.73214
0.49769, 0.56139, 0.76966, 0.73874, 0.73214
0.50595, 0.57902, 0.76854, 0.69369, 0.74107
0.50393, 0.56551, 0.75730, 0.71171, 0.73214
0.49855, 0.56446, 0.76180, 0.72072, 0.72321
0.49172, 0.55251, 0.78202, 0.73874, 0.70536
0.50425, 0.58666, 0.76067, 0.73874, 0.70536
0.49084, 0.56263, 0.77978, 0.73874, 0.73214
0.49490, 0.56438, 0.77528, 0.73874, 0.72321
0.48626, 0.56785, 0.77753, 0.76577, 0.70536
0.50181, 0.55628, 0.76404, 0.72973, 0.75000
0.48347, 0.59081, 0.77303, 0.72973, 0.73214
0.49122, 0.54555, 0.78090, 0.76577, 0.71429
0.48506, 0.55835, 0.78427, 0.75676, 0.69643
0.48106, 0.60067, 0.75056, 0.70270, 0.75893
0.49162, 0.55358, 0.77416, 0.71171, 0.74107
0.48365, 0.53305, 0.77978, 0.74775, 0.73214
0.49606, 0.53968, 0.77640, 0.76577, 0.72321
0.46940, 0.52614, 0.79551, 0.74775, 0.71429
0.47524, 0.54171, 0.78427, 0.72973, 0.72321
0.46951, 0.52697, 0.79775, 0.74775, 0.70536
0.46917, 0.56174, 0.80449, 0.76577, 0.70536
0.46199, 0.57169, 0.80112, 0.75676, 0.70536
0.47837, 0.53080, 0.78876, 0.78378, 0.71429
0.46246, 0.53864, 0.79888, 0.74775, 0.73214
0.46625, 0.52341, 0.80112, 0.73874, 0.72321
0.45877, 0.57255, 0.80112, 0.72973, 0.72321
0.46336, 0.56792, 0.80112, 0.72973, 0.71429
0.50263, 0.61338, 0.79775, 0.72072, 0.70536
0.47043, 0.56309, 0.79888, 0.72072, 0.71429
0.45498, 0.53391, 0.80112, 0.75676, 0.70536
0.44875, 0.55793, 0.80112, 0.72973, 0.74107
0.44496, 0.57351, 0.79888, 0.75676, 0.72321
0.43884, 0.55951, 0.80112, 0.75676, 0.74107
0.44973, 0.59221, 0.78427, 0.72072, 0.75000
0.44176, 0.61053, 0.78427, 0.70270, 0.74107
0.50005, 0.61409, 0.78652, 0.71171, 0.74107
0.49397, 0.57196, 0.78539, 0.74775, 0.68750
0.44619, 0.51298, 0.81461, 0.77477, 0.72321
0.43046, 0.53507, 0.82022, 0.77477, 0.73214
0.42623, 0.52578, 0.81685, 0.74775, 0.75893
0.41845, 0.57467, 0.80225, 0.75676, 0.72321
0.42619, 0.55374, 0.81910, 0.78378, 0.71429
0.41644, 0.58014, 0.80562, 0.72973, 0.75893
0.42434, 0.65070, 0.79101, 0.72072, 0.73214
0.46100, 0.55993, 0.81685, 0.76577, 0.72321
0.42735, 0.53551, 0.81685, 0.73874, 0.74107
0.43380, 0.54268, 0.82022, 0.74775, 0.70536
0.42250, 0.56951, 0.81236, 0.72973, 0.69643
0.41622, 0.60017, 0.82022, 0.74775, 0.71429
0.41702, 0.55100, 0.83034, 0.75676, 0.72321
0.40760, 0.54498, 0.82584, 0.76577, 0.75000
0.40675, 0.54933, 0.80449, 0.70270, 0.76786
0.40320, 0.60672, 0.80225, 0.71171, 0.75000
0.39906, 0.56641, 0.83708, 0.74775, 0.69643
0.42653, 0.54142, 0.79775, 0.72973, 0.71429
0.43224, 0.54161, 0.84382, 0.79279, 0.70536
0.39355, 0.54627, 0.83708, 0.74775, 0.68750
0.39541, 0.55004, 0.82360, 0.73874, 0.71429
============================================================================================================================
Namespace(pooling='lspool', batch_size=32, lr=0.0001, epochs=200, pool_ratio=0.5, dataset='Mutagenicity', edges=False, runs=10, logging='logs/02_04_24/lspool3conv_1attnt_nosum', config='config/config.json', patience=20, seeds='config/seeds'); _CudaDeviceProperties(name='NVIDIA GeForce RTX 4060 Ti', major=8, minor=9, total_memory=16379MB, multi_processor_count=34); {'hidden_features': 128, 'nonlinearity': 'elu', 'p_dropout': 0.0, 'conv_layer': 'GraphConv', 'pre_gnn': [64, 128], 'post_gnn': [128, 64], 'pre_pool_convs': 2, 'post_pool_convs': 1} 
----------------------------------------------------------------------------------------------------------------------------
0.68518, 0.67732, 0.55693, 0.55991, 0.52074
0.66606, 0.63055, 0.64803, 0.66129, 0.63134
0.62221, 0.64316, 0.65754, 0.62442, 0.68203
0.59660, 0.60130, 0.69501, 0.65899, 0.70046
0.57882, 0.61409, 0.70366, 0.64977, 0.71659
0.56310, 0.57811, 0.72182, 0.67051, 0.73041
0.55127, 0.56140, 0.73076, 0.68433, 0.73733
0.53678, 0.55138, 0.74027, 0.70046, 0.73041
0.52979, 0.54879, 0.74171, 0.68433, 0.72581
0.53160, 0.57990, 0.72211, 0.69124, 0.71889
0.53258, 0.55277, 0.74287, 0.69355, 0.73272
0.51184, 0.54249, 0.74373, 0.69355, 0.73272
0.51847, 0.52781, 0.75958, 0.71889, 0.74654
0.50896, 0.51747, 0.75468, 0.71429, 0.74194
0.50728, 0.52430, 0.76391, 0.72350, 0.75346
0.51568, 0.55004, 0.73969, 0.71198, 0.73733
0.50319, 0.53203, 0.75987, 0.72811, 0.75576
0.49737, 0.51680, 0.76622, 0.72811, 0.75115
0.49152, 0.51147, 0.77112, 0.74194, 0.75346
0.49247, 0.56143, 0.74229, 0.71198, 0.72120
0.49634, 0.52551, 0.76045, 0.72581, 0.74194
0.48637, 0.53142, 0.75930, 0.72350, 0.72811
0.48862, 0.51100, 0.76737, 0.75806, 0.76267
0.48419, 0.49467, 0.78120, 0.75346, 0.75576
0.48435, 0.51270, 0.76967, 0.73502, 0.75346
0.48190, 0.53262, 0.74950, 0.73041, 0.74885
0.48040, 0.50076, 0.78149, 0.75346, 0.76267
0.47206, 0.48748, 0.77803, 0.77650, 0.76037
0.47065, 0.48459, 0.78611, 0.77419, 0.76267
0.47318, 0.50410, 0.77630, 0.75806, 0.75806
0.46839, 0.48162, 0.78553, 0.76498, 0.77650
0.47143, 0.49587, 0.78495, 0.76498, 0.75806
0.47237, 0.48212, 0.78985, 0.77189, 0.76267
0.46407, 0.51096, 0.78293, 0.75115, 0.73502
0.46039, 0.48470, 0.79677, 0.78111, 0.78341
0.46046, 0.51018, 0.78928, 0.74654, 0.74885
0.45373, 0.48599, 0.79331, 0.76267, 0.78111
0.45614, 0.47468, 0.78812, 0.77419, 0.75576
0.46691, 0.51735, 0.78668, 0.73733, 0.74424
0.45996, 0.49052, 0.78697, 0.78111, 0.77189
0.46106, 0.48274, 0.79331, 0.77650, 0.77650
0.44930, 0.48200, 0.80484, 0.77650, 0.76267
0.45589, 0.48810, 0.79706, 0.77880, 0.76959
0.45115, 0.50115, 0.79821, 0.75346, 0.74654
0.44445, 0.52289, 0.77976, 0.74194, 0.74654
0.44497, 0.48207, 0.80801, 0.77419, 0.77189
0.44800, 0.49001, 0.80542, 0.76959, 0.77419
0.45318, 0.47049, 0.80917, 0.78802, 0.77650
0.44295, 0.48770, 0.80600, 0.76267, 0.78571
0.44709, 0.47173, 0.80974, 0.78802, 0.76498
0.43923, 0.48219, 0.80398, 0.77419, 0.76959
0.43451, 0.49393, 0.80023, 0.76959, 0.77650
0.43664, 0.47060, 0.81464, 0.77650, 0.75806
0.44136, 0.49279, 0.80859, 0.76728, 0.73963
0.43524, 0.49654, 0.80138, 0.76037, 0.74194
0.43973, 0.48687, 0.81349, 0.76498, 0.76037
0.42709, 0.47834, 0.81781, 0.79032, 0.76037
0.43244, 0.55270, 0.76852, 0.72120, 0.72350
0.42645, 0.47881, 0.81724, 0.77419, 0.75806
0.41756, 0.47131, 0.82272, 0.78802, 0.77419
0.42245, 0.47727, 0.81118, 0.77419, 0.77419
0.41882, 0.48002, 0.81781, 0.76959, 0.78111
0.42063, 0.52204, 0.79850, 0.74194, 0.75576
0.42386, 0.48591, 0.81263, 0.76728, 0.77880
0.41938, 0.46695, 0.82041, 0.77419, 0.78111
0.41802, 0.46578, 0.82675, 0.78802, 0.76037
0.41351, 0.47227, 0.82819, 0.78111, 0.77189
0.41668, 0.46718, 0.82531, 0.79263, 0.76959
0.40988, 0.47340, 0.82416, 0.78111, 0.77419
0.41179, 0.48101, 0.83367, 0.77419, 0.76267
0.40749, 0.47596, 0.83194, 0.77650, 0.76267
0.41278, 0.50220, 0.82041, 0.77419, 0.75576
0.41764, 0.48162, 0.83338, 0.77419, 0.77189
0.41348, 0.53772, 0.79908, 0.73272, 0.75806
0.41189, 0.47571, 0.83396, 0.77189, 0.78111
0.40517, 0.50201, 0.81580, 0.77419, 0.76728
0.40322, 0.48597, 0.82848, 0.78111, 0.78341
0.40011, 0.46805, 0.83742, 0.79493, 0.76728
0.40795, 0.50214, 0.80311, 0.77650, 0.77189
0.40865, 0.49313, 0.82272, 0.77189, 0.77419
0.39886, 0.47197, 0.84174, 0.78571, 0.78571
0.40055, 0.52760, 0.80600, 0.73502, 0.75806
0.40299, 0.54497, 0.79187, 0.73963, 0.76267
0.40144, 0.50079, 0.82156, 0.76267, 0.76498
0.39789, 0.45802, 0.84030, 0.79493, 0.76267
0.38754, 0.46741, 0.84376, 0.79032, 0.77880
0.39124, 0.46545, 0.83771, 0.79263, 0.77880
0.38454, 0.51789, 0.82243, 0.74654, 0.77189
0.40279, 0.48872, 0.84088, 0.77880, 0.78111
0.38919, 0.47449, 0.83943, 0.77650, 0.78802
0.39638, 0.46739, 0.84549, 0.78571, 0.78802
0.38471, 0.48325, 0.84289, 0.76267, 0.77419
0.38847, 0.48723, 0.82819, 0.77419, 0.79032
0.38412, 0.47346, 0.84434, 0.76959, 0.79032
0.38213, 0.46338, 0.84607, 0.78341, 0.76959
0.39875, 0.46860, 0.84232, 0.78341, 0.78111
0.38364, 0.51590, 0.83367, 0.76267, 0.77650
0.37795, 0.47719, 0.84981, 0.79032, 0.78111
0.38238, 0.47307, 0.84491, 0.79724, 0.78802
0.37487, 0.47734, 0.85039, 0.77880, 0.77419
0.37891, 0.47418, 0.85010, 0.77650, 0.76728
0.37943, 0.47393, 0.85442, 0.78341, 0.77189
0.39017, 0.50127, 0.83943, 0.77419, 0.77880
0.37228, 0.49791, 0.84578, 0.78802, 0.77650
0.36820, 0.47468, 0.85846, 0.77880, 0.79032
----------------------------------------------------------------------------------------------------------------------------
0.67228, 0.60505, 0.67022, 0.65899, 0.66820
0.59473, 0.59248, 0.70424, 0.68433, 0.71889
0.57654, 0.58213, 0.69847, 0.67972, 0.68433
0.56529, 0.56729, 0.71606, 0.71889, 0.70507
0.54873, 0.56697, 0.71000, 0.70276, 0.69124
0.54122, 0.55957, 0.74142, 0.73041, 0.72581
0.53210, 0.54133, 0.74604, 0.73963, 0.72581
0.53340, 0.53853, 0.74402, 0.74654, 0.73272
0.51971, 0.53771, 0.73681, 0.73733, 0.73272
0.51265, 0.52777, 0.74315, 0.73272, 0.73041
0.50688, 0.52050, 0.76247, 0.74654, 0.73502
0.50469, 0.51850, 0.76016, 0.75576, 0.75346
0.50278, 0.52470, 0.74978, 0.74885, 0.76498
0.50227, 0.50983, 0.75901, 0.76498, 0.73963
0.49946, 0.54665, 0.73825, 0.71889, 0.75115
0.48450, 0.55486, 0.74921, 0.73272, 0.73041
0.49477, 0.49934, 0.78034, 0.77189, 0.77189
0.48182, 0.50003, 0.77285, 0.76267, 0.75346
0.48950, 0.50803, 0.76996, 0.75346, 0.76498
0.47688, 0.49881, 0.78034, 0.77650, 0.76728
0.47319, 0.50344, 0.76996, 0.77189, 0.76037
0.46810, 0.48616, 0.79072, 0.78571, 0.76498
0.46677, 0.49897, 0.76708, 0.75576, 0.76728
0.46501, 0.48574, 0.79101, 0.78802, 0.75115
0.46180, 0.48821, 0.78697, 0.76267, 0.77650
0.46519, 0.48696, 0.79418, 0.77189, 0.76267
0.45396, 0.47396, 0.80167, 0.77880, 0.76267
0.44976, 0.47482, 0.80369, 0.79032, 0.77650
0.45993, 0.46828, 0.80427, 0.79493, 0.77419
0.46058, 0.50111, 0.78899, 0.76959, 0.76267
0.44629, 0.48506, 0.80225, 0.77189, 0.77419
0.44226, 0.47959, 0.79447, 0.76728, 0.77880
0.44124, 0.45355, 0.81205, 0.80415, 0.76959
0.44193, 0.48087, 0.80830, 0.78571, 0.79032
0.43349, 0.46222, 0.81839, 0.79263, 0.77880
0.43462, 0.47736, 0.80427, 0.77880, 0.77650
0.43029, 0.47871, 0.80369, 0.78111, 0.76267
0.43446, 0.47043, 0.80974, 0.79032, 0.77880
0.42650, 0.46164, 0.82272, 0.79263, 0.78802
0.42801, 0.46469, 0.81407, 0.76959, 0.77419
0.42739, 0.46121, 0.81839, 0.78571, 0.78341
0.42891, 0.45397, 0.82387, 0.79724, 0.78341
0.41565, 0.46848, 0.81522, 0.78571, 0.78571
0.41910, 0.49313, 0.79475, 0.76037, 0.75806
0.42609, 0.46060, 0.82473, 0.78341, 0.78802
0.42177, 0.50567, 0.79129, 0.75346, 0.74424
0.42673, 0.46081, 0.82358, 0.78571, 0.77880
0.41559, 0.47021, 0.81147, 0.77650, 0.78111
0.41164, 0.45057, 0.82214, 0.77419, 0.78341
0.40136, 0.45188, 0.83079, 0.78802, 0.78802
0.40900, 0.46231, 0.82675, 0.79032, 0.79263
0.40775, 0.46854, 0.82531, 0.77189, 0.79032
0.42426, 0.46437, 0.82733, 0.79032, 0.78802
0.40491, 0.47413, 0.82963, 0.77650, 0.79263
0.42356, 0.46676, 0.83598, 0.79032, 0.79493
0.40135, 0.45494, 0.83367, 0.78802, 0.77880
0.40138, 0.45353, 0.83165, 0.80184, 0.77880
0.41330, 0.46959, 0.83165, 0.77880, 0.78111
0.40199, 0.45945, 0.82992, 0.78341, 0.79263
0.39606, 0.44522, 0.83511, 0.79032, 0.79724
0.39747, 0.45696, 0.82646, 0.78802, 0.78341
0.39662, 0.53070, 0.80167, 0.75576, 0.76037
0.40081, 0.44965, 0.84289, 0.80415, 0.79724
0.39929, 0.44996, 0.83857, 0.79493, 0.78802
0.38966, 0.47705, 0.81926, 0.76959, 0.76037
0.40031, 0.47681, 0.83425, 0.79032, 0.79493
0.40101, 0.44040, 0.84376, 0.80415, 0.79954
0.38356, 0.45516, 0.84174, 0.80645, 0.78802
0.40029, 0.47026, 0.82445, 0.77650, 0.77189
0.40157, 0.44617, 0.84491, 0.80876, 0.79724
0.38364, 0.47295, 0.82848, 0.77650, 0.76267
0.38549, 0.49325, 0.82214, 0.77650, 0.77419
0.39323, 0.45616, 0.83713, 0.78802, 0.79954
0.38616, 0.48481, 0.82906, 0.77880, 0.78111
0.38358, 0.51317, 0.82300, 0.76728, 0.78341
0.39303, 0.44087, 0.84030, 0.81567, 0.79032
0.39377, 0.44335, 0.83684, 0.80645, 0.78111
0.37947, 0.44925, 0.84693, 0.80184, 0.79493
0.38158, 0.47448, 0.83309, 0.77650, 0.77419
0.37571, 0.44367, 0.85097, 0.79263, 0.79032
0.37690, 0.45591, 0.83943, 0.78111, 0.77189
0.38345, 0.47136, 0.84203, 0.80184, 0.78802
0.38697, 0.46354, 0.83309, 0.77650, 0.78111
0.38075, 0.43857, 0.84952, 0.81567, 0.79954
0.36907, 0.44699, 0.83972, 0.79954, 0.78571
0.38154, 0.55870, 0.79764, 0.72811, 0.74885
0.38078, 0.51000, 0.81609, 0.74654, 0.74885
0.37408, 0.46468, 0.83309, 0.79032, 0.79954
0.38596, 0.48957, 0.81263, 0.77189, 0.76037
0.37632, 0.44509, 0.84664, 0.79724, 0.80184
0.37560, 0.44611, 0.85183, 0.80876, 0.80876
0.37448, 0.44101, 0.84952, 0.80184, 0.79954
0.36683, 0.42922, 0.85270, 0.81336, 0.79493
0.37962, 0.46252, 0.83453, 0.80415, 0.78341
0.37787, 0.44535, 0.85298, 0.80645, 0.80415
0.37074, 0.45275, 0.85010, 0.80645, 0.77189
0.37538, 0.44364, 0.85327, 0.81567, 0.79724
0.36563, 0.45947, 0.84607, 0.80876, 0.79263
0.36907, 0.45176, 0.84895, 0.79263, 0.79493
0.38705, 0.52483, 0.79302, 0.73733, 0.72581
0.37729, 0.45239, 0.85183, 0.81567, 0.81336
0.36424, 0.46460, 0.84722, 0.80415, 0.79493
0.36532, 0.43035, 0.85471, 0.82028, 0.80415
0.35920, 0.45842, 0.84635, 0.79263, 0.79263
0.36045, 0.44948, 0.84895, 0.80876, 0.79724
0.36665, 0.43857, 0.85817, 0.79954, 0.79032
0.35531, 0.47920, 0.84001, 0.79954, 0.79263
0.36063, 0.49445, 0.83453, 0.77880, 0.78341
0.35887, 0.46886, 0.83943, 0.79032, 0.78571
0.35708, 0.47007, 0.83021, 0.78341, 0.77419
0.36366, 0.45289, 0.85788, 0.82719, 0.80415
0.36360, 0.43938, 0.85558, 0.81336, 0.79954
0.37001, 0.44805, 0.84549, 0.80184, 0.79724
----------------------------------------------------------------------------------------------------------------------------
0.68384, 0.67763, 0.56155, 0.56221, 0.51152
0.66868, 0.65502, 0.62727, 0.60138, 0.61521
0.63639, 0.63748, 0.64312, 0.60829, 0.59908
0.60020, 0.62825, 0.68319, 0.64055, 0.65668
0.58393, 0.62655, 0.69732, 0.63825, 0.66820
0.56497, 0.62316, 0.71116, 0.64977, 0.64977
0.56103, 0.62259, 0.70943, 0.67972, 0.68433
0.55052, 0.64606, 0.69472, 0.62903, 0.63594
0.56216, 0.60141, 0.72989, 0.66590, 0.67972
0.53437, 0.61035, 0.73566, 0.65207, 0.69585
0.52682, 0.60671, 0.73278, 0.66129, 0.67972
0.52265, 0.61601, 0.75295, 0.67051, 0.69124
0.51491, 0.58675, 0.75872, 0.68433, 0.67742
0.51251, 0.60543, 0.74287, 0.69355, 0.70737
0.51387, 0.58625, 0.75584, 0.68433, 0.69585
0.50460, 0.59895, 0.74431, 0.69124, 0.72581
0.50129, 0.58236, 0.76881, 0.70968, 0.69355
0.49391, 0.57974, 0.77169, 0.70507, 0.67972
0.49380, 0.57990, 0.77342, 0.72120, 0.70046
0.48716, 0.58263, 0.77861, 0.70507, 0.68433
0.48474, 0.57527, 0.77948, 0.71889, 0.71198
0.48597, 0.58228, 0.77400, 0.72120, 0.71659
0.48328, 0.58067, 0.77948, 0.70507, 0.68664
0.47537, 0.56067, 0.78034, 0.74194, 0.70737
0.47673, 0.58588, 0.76103, 0.70276, 0.72120
0.46958, 0.57952, 0.76708, 0.71889, 0.70968
0.47495, 0.55638, 0.78985, 0.73733, 0.70737
0.46533, 0.59095, 0.76910, 0.71429, 0.71889
0.46331, 0.57784, 0.78495, 0.73041, 0.70507
0.46366, 0.55379, 0.78956, 0.74654, 0.72811
0.45923, 0.56425, 0.79447, 0.73041, 0.72811
0.45804, 0.56803, 0.78899, 0.72811, 0.70046
0.45737, 0.57630, 0.78351, 0.72811, 0.72120
0.45629, 0.56193, 0.79274, 0.74194, 0.73041
0.45072, 0.55204, 0.80340, 0.75576, 0.73041
0.45485, 0.56301, 0.78812, 0.73733, 0.72811
0.44409, 0.55536, 0.79764, 0.74885, 0.72581
0.43935, 0.55250, 0.80254, 0.75576, 0.74885
0.43756, 0.56479, 0.80628, 0.77189, 0.74194
0.44366, 0.57749, 0.78524, 0.70737, 0.70737
0.45499, 0.57426, 0.79648, 0.74654, 0.71889
0.43262, 0.55986, 0.80686, 0.76037, 0.75576
0.44079, 0.55029, 0.81061, 0.75346, 0.73272
0.44193, 0.59076, 0.78812, 0.73041, 0.72811
0.44615, 0.55154, 0.81263, 0.76498, 0.74885
0.42693, 0.55475, 0.81147, 0.75115, 0.75115
0.42225, 0.55251, 0.81666, 0.75576, 0.73963
0.41516, 0.58735, 0.80513, 0.76267, 0.73502
0.43518, 0.55353, 0.81263, 0.75115, 0.74885
0.41954, 0.54939, 0.81954, 0.76498, 0.75576
0.41764, 0.55264, 0.81983, 0.75806, 0.76498
0.42461, 0.54576, 0.80657, 0.73502, 0.73963
0.41979, 0.54327, 0.82070, 0.75346, 0.75576
0.41711, 0.55583, 0.81003, 0.74424, 0.73041
0.42807, 0.54029, 0.81781, 0.74885, 0.73272
0.41954, 0.54034, 0.82473, 0.76037, 0.76498
0.40912, 0.58397, 0.81032, 0.75115, 0.72811
0.41235, 0.63349, 0.76650, 0.72811, 0.71429
0.42192, 0.55763, 0.81897, 0.74424, 0.75346
0.41885, 0.64751, 0.76016, 0.70046, 0.68433
0.40894, 0.56572, 0.81724, 0.77650, 0.74424
0.40460, 0.53648, 0.82617, 0.77189, 0.76267
0.40821, 0.55192, 0.82272, 0.76959, 0.76037
0.40964, 0.56698, 0.82704, 0.76728, 0.75806
0.40963, 0.53743, 0.82790, 0.76267, 0.78341
0.39375, 0.56936, 0.82560, 0.75115, 0.74194
0.40133, 0.56334, 0.82099, 0.76498, 0.75346
0.41137, 0.59398, 0.80398, 0.74654, 0.71198
0.40213, 0.55909, 0.83136, 0.77650, 0.77189
0.40525, 0.55719, 0.82848, 0.76728, 0.75576
0.40376, 0.54836, 0.81954, 0.75346, 0.72581
0.39181, 0.53496, 0.83425, 0.75576, 0.76037
0.39315, 0.56240, 0.82041, 0.74424, 0.73041
0.39746, 0.55442, 0.83453, 0.77419, 0.75806
0.39497, 0.54119, 0.83453, 0.77419, 0.76267
0.39731, 0.58423, 0.78005, 0.75115, 0.70046
0.39666, 0.58796, 0.80455, 0.76037, 0.72811
0.38786, 0.54589, 0.84145, 0.78341, 0.75576
0.39654, 0.53439, 0.82646, 0.77419, 0.74885
0.40121, 0.53928, 0.82906, 0.77419, 0.74654
0.38724, 0.53481, 0.83799, 0.78571, 0.76498
0.40366, 0.53143, 0.82906, 0.76498, 0.75576
0.38907, 0.54558, 0.84232, 0.79032, 0.77189
0.38447, 0.54508, 0.83943, 0.77419, 0.77650
0.38510, 0.54820, 0.83943, 0.79032, 0.76267
0.38950, 0.54551, 0.83598, 0.78341, 0.77650
0.38506, 0.57617, 0.81320, 0.76959, 0.74654
0.38216, 0.56491, 0.83136, 0.77650, 0.75576
0.38885, 0.54486, 0.83540, 0.76959, 0.77650
0.38081, 0.56440, 0.83915, 0.77880, 0.75115
0.38163, 0.52584, 0.84088, 0.79493, 0.76728
0.37555, 0.53937, 0.85241, 0.79032, 0.76498
0.37615, 0.57096, 0.81983, 0.76959, 0.72350
0.38680, 0.57119, 0.82963, 0.77189, 0.74885
0.37452, 0.56659, 0.83828, 0.78571, 0.75115
0.37116, 0.56744, 0.83886, 0.78341, 0.77189
0.36955, 0.61689, 0.80773, 0.75576, 0.73041
0.38997, 0.56269, 0.82790, 0.76959, 0.74654
0.37366, 0.57632, 0.82070, 0.76498, 0.73502
0.38291, 0.54735, 0.84520, 0.78111, 0.75806
0.37745, 0.53864, 0.85068, 0.81106, 0.77189
0.36371, 0.56113, 0.83021, 0.77650, 0.74424
0.37067, 0.56593, 0.84722, 0.79032, 0.77419
0.37017, 0.54398, 0.85068, 0.78571, 0.76728
0.36413, 0.56436, 0.85097, 0.79724, 0.77189
0.36445, 0.57261, 0.84607, 0.80415, 0.75806
0.37237, 0.55112, 0.85471, 0.79263, 0.77650
0.35978, 0.55881, 0.85270, 0.78111, 0.78571
0.36556, 0.55947, 0.85817, 0.79032, 0.77650
0.36681, 0.55284, 0.85500, 0.78802, 0.77880
0.36678, 0.58394, 0.82848, 0.76959, 0.73963
----------------------------------------------------------------------------------------------------------------------------
0.68363, 0.67784, 0.56241, 0.55530, 0.51382
0.66895, 0.65575, 0.62525, 0.60369, 0.61290
0.63860, 0.63537, 0.64312, 0.60829, 0.60599
0.60060, 0.62886, 0.68464, 0.64055, 0.66129
0.58439, 0.62490, 0.69530, 0.63825, 0.66590
0.56499, 0.62382, 0.71289, 0.65207, 0.67972
0.56195, 0.62467, 0.70366, 0.67512, 0.68203
0.55023, 0.64892, 0.69645, 0.62673, 0.64516
0.56218, 0.60433, 0.72932, 0.66129, 0.68664
0.53349, 0.61124, 0.73624, 0.65668, 0.70276
0.52650, 0.60385, 0.74056, 0.67512, 0.68894
0.52213, 0.61729, 0.75353, 0.67742, 0.69585
0.51269, 0.58364, 0.75930, 0.68664, 0.69355
0.50849, 0.60803, 0.73595, 0.67281, 0.70507
0.51110, 0.58311, 0.75699, 0.69124, 0.70507
0.50011, 0.59905, 0.74632, 0.68203, 0.71659
0.49936, 0.57530, 0.77515, 0.71659, 0.70046
0.49061, 0.57496, 0.77140, 0.70968, 0.68433
0.49121, 0.57264, 0.77803, 0.70968, 0.70507
0.48673, 0.57399, 0.78265, 0.71198, 0.68203
0.48339, 0.56934, 0.77948, 0.72120, 0.70507
0.48514, 0.57215, 0.78005, 0.72581, 0.72350
0.48178, 0.57111, 0.78322, 0.70737, 0.69585
0.47540, 0.56140, 0.78351, 0.72581, 0.71889
0.47833, 0.58181, 0.75958, 0.69355, 0.71889
0.47080, 0.56905, 0.77717, 0.72581, 0.72811
0.47549, 0.55382, 0.78870, 0.73272, 0.71889
0.46811, 0.58485, 0.77457, 0.72120, 0.72350
0.46729, 0.58249, 0.77890, 0.72120, 0.70046
0.46677, 0.55270, 0.79245, 0.74885, 0.73041
0.46241, 0.56756, 0.79187, 0.73272, 0.72350
0.46068, 0.56351, 0.78322, 0.72350, 0.70507
0.45952, 0.57259, 0.78351, 0.72811, 0.72581
0.45977, 0.56568, 0.79043, 0.73502, 0.71889
0.45574, 0.55153, 0.79908, 0.75346, 0.72811
0.45966, 0.56130, 0.78726, 0.73733, 0.72581
0.44911, 0.55632, 0.79908, 0.74654, 0.74424
0.44406, 0.54619, 0.79735, 0.75115, 0.74194
0.44324, 0.56050, 0.80513, 0.76267, 0.73733
0.44929, 0.57256, 0.78236, 0.73041, 0.70507
0.46000, 0.56251, 0.80110, 0.73963, 0.72581
0.43890, 0.55682, 0.80427, 0.76267, 0.73502
0.44641, 0.55241, 0.80542, 0.75346, 0.74654
0.44856, 0.59906, 0.77371, 0.70968, 0.72120
0.45168, 0.54878, 0.80369, 0.76267, 0.75346
0.43448, 0.54384, 0.80571, 0.77419, 0.74424
0.42671, 0.55538, 0.80801, 0.75115, 0.74885
0.42285, 0.58920, 0.79274, 0.75576, 0.73733
0.43822, 0.55151, 0.81061, 0.75346, 0.76267
0.42499, 0.54992, 0.81234, 0.76037, 0.77189
0.42580, 0.55095, 0.81897, 0.76498, 0.75346
0.43342, 0.54949, 0.80196, 0.72581, 0.75576
0.42834, 0.54094, 0.81378, 0.75346, 0.75576
0.42086, 0.56551, 0.80311, 0.73963, 0.73272
0.43361, 0.54741, 0.81003, 0.74194, 0.73733
0.42459, 0.54462, 0.82099, 0.76728, 0.76267
0.41438, 0.58634, 0.80023, 0.73502, 0.71429
0.41797, 0.63541, 0.76016, 0.72350, 0.68894
0.42431, 0.55103, 0.81637, 0.73502, 0.76037
0.42522, 0.62572, 0.76794, 0.71659, 0.70507
0.41391, 0.57054, 0.80600, 0.76498, 0.73963
0.40880, 0.53583, 0.82041, 0.77650, 0.75115
0.41291, 0.54655, 0.82502, 0.75346, 0.75806
0.41355, 0.56202, 0.82790, 0.76267, 0.77189
0.41462, 0.53529, 0.82531, 0.75346, 0.78341
0.39819, 0.55920, 0.82329, 0.75576, 0.76037
0.40464, 0.56330, 0.81926, 0.76267, 0.74654
0.41856, 0.58198, 0.80974, 0.74654, 0.73733
0.40503, 0.55095, 0.82992, 0.76728, 0.77189
0.40684, 0.55688, 0.82935, 0.77419, 0.76728
0.41112, 0.55083, 0.81118, 0.75346, 0.73272
0.39699, 0.52926, 0.83108, 0.76728, 0.77880
0.39734, 0.56073, 0.82099, 0.75576, 0.74654
0.39998, 0.54335, 0.83655, 0.76959, 0.77189
0.39831, 0.54207, 0.83396, 0.76728, 0.76959
0.39817, 0.56350, 0.79792, 0.73733, 0.71198
0.40172, 0.59150, 0.79619, 0.73733, 0.72581
0.39259, 0.53247, 0.83626, 0.78571, 0.77189
0.39985, 0.52688, 0.83367, 0.77189, 0.77189
0.40644, 0.52462, 0.83569, 0.77650, 0.76267
0.39115, 0.54183, 0.83338, 0.77419, 0.76037
0.40336, 0.52836, 0.82617, 0.76037, 0.76959
0.39311, 0.53515, 0.83684, 0.77650, 0.76728
0.38751, 0.54622, 0.83569, 0.77880, 0.76498
0.38559, 0.53606, 0.83857, 0.78571, 0.76498
0.39137, 0.55853, 0.83194, 0.78111, 0.76728
0.38629, 0.58248, 0.81147, 0.76959, 0.74424
0.38637, 0.56511, 0.83194, 0.77189, 0.76037
0.39134, 0.54235, 0.83771, 0.77880, 0.76267
0.38293, 0.56342, 0.84116, 0.77419, 0.76959
0.38438, 0.53240, 0.83713, 0.79724, 0.77189
0.37596, 0.54078, 0.83684, 0.78341, 0.76498
0.37954, 0.56822, 0.81781, 0.76728, 0.75346
0.38830, 0.56151, 0.82992, 0.76728, 0.74654
0.38305, 0.55993, 0.83799, 0.77650, 0.77650
0.37480, 0.57297, 0.83857, 0.75806, 0.77189
0.37302, 0.60293, 0.81522, 0.74885, 0.75115
0.39142, 0.56964, 0.82877, 0.76498, 0.75576
0.37730, 0.57230, 0.83050, 0.76959, 0.76037
0.38633, 0.54864, 0.84722, 0.78111, 0.76037
----------------------------------------------------------------------------------------------------------------------------
0.66999, 0.61593, 0.66993, 0.64516, 0.64747
0.58679, 0.60110, 0.69155, 0.67281, 0.67281
0.56642, 0.60947, 0.71606, 0.66590, 0.70737
0.55779, 0.57596, 0.73710, 0.70046, 0.70968
0.54348, 0.57162, 0.74114, 0.70737, 0.72120
0.53412, 0.55540, 0.74950, 0.70507, 0.71198
0.52988, 0.55458, 0.76391, 0.72581, 0.73733
0.51847, 0.56643, 0.72125, 0.70507, 0.72120
0.51068, 0.56701, 0.70568, 0.69816, 0.68433
0.50740, 0.57819, 0.74777, 0.69816, 0.72811
0.49757, 0.53451, 0.77227, 0.73272, 0.75115
0.49683, 0.53831, 0.76276, 0.71429, 0.73733
0.49948, 0.58266, 0.75786, 0.70046, 0.72811
0.48444, 0.52876, 0.78351, 0.73041, 0.76037
0.48864, 0.53343, 0.76996, 0.74654, 0.76959
0.47667, 0.53308, 0.77832, 0.72120, 0.75346
0.47075, 0.55811, 0.77832, 0.72581, 0.73272
0.47307, 0.52197, 0.78466, 0.74654, 0.75576
0.46444, 0.52126, 0.79677, 0.76037, 0.76267
0.46801, 0.51569, 0.79619, 0.73733, 0.77419
0.46773, 0.54458, 0.79418, 0.72120, 0.76037
0.46219, 0.51708, 0.78005, 0.72581, 0.75576
0.45154, 0.52210, 0.79389, 0.74424, 0.75806
0.44402, 0.53179, 0.79908, 0.73963, 0.77650
0.45077, 0.51390, 0.79735, 0.75115, 0.76498
0.44401, 0.51648, 0.80542, 0.75576, 0.76037
0.44658, 0.50360, 0.81436, 0.75806, 0.76728
0.43919, 0.51557, 0.81118, 0.74654, 0.76728
0.43962, 0.51136, 0.81753, 0.73733, 0.78802
0.43487, 0.52199, 0.80283, 0.73733, 0.77189
0.43908, 0.51452, 0.81839, 0.74194, 0.78111
0.42994, 0.50142, 0.81464, 0.76037, 0.77650
0.44234, 0.51190, 0.81551, 0.73733, 0.77880
0.42625, 0.52378, 0.80859, 0.74194, 0.77189
0.42769, 0.49875, 0.81868, 0.76267, 0.77650
0.42075, 0.55479, 0.79937, 0.73041, 0.76959
0.43071, 0.50654, 0.81637, 0.76037, 0.75806
0.42325, 0.66605, 0.76189, 0.69355, 0.73041
0.42968, 0.52051, 0.78784, 0.73272, 0.74885
0.42448, 0.51404, 0.78812, 0.73963, 0.75346
0.42714, 0.53023, 0.81320, 0.74885, 0.76959
0.41469, 0.49642, 0.82473, 0.75806, 0.80184
0.41447, 0.49191, 0.82819, 0.76498, 0.79724
0.41997, 0.49729, 0.82272, 0.76498, 0.77650
0.41554, 0.49355, 0.83108, 0.76498, 0.77650
0.41392, 0.49196, 0.82329, 0.75806, 0.75806
0.41332, 0.51289, 0.82963, 0.74885, 0.78341
0.40114, 0.49075, 0.83799, 0.77419, 0.78341
0.40320, 0.50441, 0.83252, 0.75576, 0.78571
0.39795, 0.49511, 0.81724, 0.76037, 0.76728
0.40680, 0.49454, 0.83338, 0.77419, 0.78802
0.39659, 0.50224, 0.83857, 0.76037, 0.77419
0.40773, 0.50665, 0.81839, 0.73963, 0.77189
0.40677, 0.54798, 0.81147, 0.73041, 0.75576
0.40297, 0.49918, 0.83396, 0.76728, 0.78571
0.39757, 0.51771, 0.82214, 0.74194, 0.79263
0.38928, 0.57179, 0.80600, 0.71429, 0.76267
0.39205, 0.50155, 0.82300, 0.75346, 0.76498
0.39691, 0.49063, 0.84203, 0.75806, 0.78111
0.39712, 0.49262, 0.84203, 0.75346, 0.79954
0.40430, 0.48877, 0.83453, 0.75346, 0.77880
0.40085, 0.49131, 0.84347, 0.77419, 0.80184
0.39232, 0.49359, 0.83713, 0.76728, 0.76267
0.38841, 0.52703, 0.83453, 0.75346, 0.78571
0.38526, 0.50147, 0.84289, 0.76728, 0.78571
0.38385, 0.49049, 0.83626, 0.73502, 0.77880
0.37884, 0.50759, 0.84491, 0.75576, 0.78111
0.39477, 0.50449, 0.82531, 0.75806, 0.76498
0.38463, 0.49836, 0.84491, 0.76037, 0.79493
0.38072, 0.51408, 0.84924, 0.75346, 0.78571
0.38067, 0.51192, 0.83886, 0.77189, 0.77880
0.38015, 0.49851, 0.84751, 0.75115, 0.78802
0.37861, 0.49222, 0.84088, 0.76267, 0.77650
0.37941, 0.53880, 0.82733, 0.74424, 0.77880
0.37717, 0.47378, 0.85068, 0.76267, 0.78341
0.38466, 0.50381, 0.84059, 0.76267, 0.78341
0.38465, 0.49943, 0.85010, 0.75576, 0.81567
0.38227, 0.57616, 0.82589, 0.73502, 0.77880
0.37328, 0.48430, 0.84895, 0.76267, 0.79724
0.37141, 0.48004, 0.84952, 0.76498, 0.77419
0.36573, 0.50786, 0.85068, 0.75576, 0.79032
0.36980, 0.48656, 0.85500, 0.76498, 0.78802
0.36843, 0.49316, 0.85673, 0.77419, 0.79954
0.37181, 0.48525, 0.84952, 0.75576, 0.76959
0.37991, 0.50165, 0.85471, 0.76037, 0.79724
0.36507, 0.51238, 0.84924, 0.75806, 0.77880
0.36701, 0.51528, 0.83050, 0.75346, 0.76728
0.36460, 0.53189, 0.84491, 0.74654, 0.78571
0.36389, 0.48849, 0.85471, 0.76498, 0.78341
0.36821, 0.50132, 0.85731, 0.76037, 0.79263
0.36075, 0.50007, 0.85241, 0.76959, 0.77650
0.36373, 0.47396, 0.83915, 0.76498, 0.75806
0.37742, 0.48630, 0.85760, 0.77189, 0.79493
0.36125, 0.49171, 0.85529, 0.76728, 0.79724
0.35209, 0.47504, 0.86106, 0.77189, 0.79493
----------------------------------------------------------------------------------------------------------------------------
0.68429, 0.68725, 0.55664, 0.51843, 0.60138
0.64472, 0.66456, 0.62122, 0.60599, 0.62442
0.61781, 0.61751, 0.65062, 0.64516, 0.65207
0.62389, 0.61910, 0.65206, 0.64516, 0.62903
0.62758, 0.66131, 0.64658, 0.59908, 0.60369
0.62103, 0.64772, 0.64601, 0.60829, 0.59908
0.62012, 0.65170, 0.65206, 0.62212, 0.63825
0.60997, 0.62843, 0.65783, 0.63594, 0.62673
0.60411, 0.61042, 0.67109, 0.66129, 0.63364
0.59421, 0.60507, 0.67080, 0.64747, 0.63134
0.57758, 0.59310, 0.68175, 0.66359, 0.65899
0.56923, 0.59598, 0.70251, 0.67512, 0.68203
0.56453, 0.60133, 0.71606, 0.65438, 0.68203
0.56291, 0.62055, 0.71116, 0.65899, 0.71429
0.55269, 0.59826, 0.73624, 0.69124, 0.71198
0.55432, 0.58654, 0.73306, 0.69816, 0.69585
0.54699, 0.60116, 0.72989, 0.67742, 0.72350
0.54686, 0.58642, 0.72759, 0.68433, 0.69585
0.53831, 0.57218, 0.74431, 0.70046, 0.70276
0.53824, 0.57729, 0.74546, 0.69816, 0.71198
0.53693, 0.59016, 0.74459, 0.69124, 0.73041
0.53962, 0.58249, 0.74142, 0.69124, 0.72120
0.53340, 0.59746, 0.73220, 0.68203, 0.71429
0.52992, 0.57401, 0.74661, 0.70276, 0.71198
0.53343, 0.58429, 0.74921, 0.70507, 0.73041
0.52469, 0.57074, 0.75497, 0.71429, 0.72811
0.52180, 0.56016, 0.76045, 0.72120, 0.74194
0.51869, 0.56994, 0.75007, 0.70046, 0.70968
0.52134, 0.55593, 0.75123, 0.71659, 0.70968
0.51652, 0.56300, 0.74921, 0.72350, 0.71889
0.51323, 0.55058, 0.76881, 0.72581, 0.72350
0.51786, 0.55982, 0.75843, 0.71889, 0.73963
0.50797, 0.55760, 0.76449, 0.73041, 0.73733
0.51296, 0.58062, 0.75238, 0.70507, 0.72120
0.50820, 0.54533, 0.76131, 0.72120, 0.72581
0.50496, 0.55069, 0.76391, 0.71889, 0.71429
0.50288, 0.54369, 0.77342, 0.73272, 0.74424
0.50561, 0.58439, 0.75065, 0.70046, 0.73041
0.50489, 0.53864, 0.77515, 0.74194, 0.74194
0.50908, 0.54525, 0.77429, 0.72581, 0.73041
0.50405, 0.54706, 0.76766, 0.74424, 0.72811
0.49726, 0.53696, 0.77140, 0.73963, 0.73272
0.50002, 0.53531, 0.77976, 0.74654, 0.73733
0.49866, 0.53651, 0.77832, 0.73733, 0.73733
0.49890, 0.54359, 0.77775, 0.74424, 0.74424
0.49090, 0.53405, 0.77861, 0.74654, 0.74194
0.49656, 0.53217, 0.77112, 0.74424, 0.72350
0.48732, 0.54880, 0.77083, 0.74194, 0.73041
0.49150, 0.53356, 0.77890, 0.74194, 0.74654
0.48442, 0.52939, 0.77630, 0.73733, 0.73502
0.48577, 0.55484, 0.76823, 0.73041, 0.74194
0.47724, 0.55880, 0.75930, 0.71889, 0.73733
0.48579, 0.52139, 0.78149, 0.73733, 0.74654
0.48485, 0.54497, 0.77630, 0.72120, 0.76037
0.48125, 0.53152, 0.79014, 0.74194, 0.74424
0.47844, 0.54508, 0.78409, 0.73963, 0.75576
0.47657, 0.52631, 0.79043, 0.74194, 0.75346
0.47240, 0.52887, 0.78755, 0.73272, 0.74194
0.47058, 0.51889, 0.79648, 0.73733, 0.75115
0.47748, 0.52290, 0.78928, 0.74194, 0.74885
0.47970, 0.52079, 0.78351, 0.76037, 0.73502
0.47767, 0.52411, 0.79360, 0.74654, 0.75346
0.47389, 0.52411, 0.79043, 0.73272, 0.75346
0.46760, 0.53332, 0.78668, 0.74885, 0.73733
0.46851, 0.52424, 0.78611, 0.73272, 0.74194
0.47387, 0.51965, 0.79619, 0.75806, 0.74885
0.47164, 0.52486, 0.80196, 0.73041, 0.76037
0.46877, 0.52407, 0.79389, 0.74885, 0.75806
0.46219, 0.52963, 0.79792, 0.72811, 0.75576
0.46271, 0.52134, 0.80138, 0.75346, 0.74194
0.47022, 0.52096, 0.80023, 0.73272, 0.75576
0.46222, 0.54649, 0.78755, 0.72350, 0.76037
0.46607, 0.51656, 0.79821, 0.74654, 0.76498
0.46134, 0.51778, 0.80311, 0.74194, 0.76037
0.45708, 0.51603, 0.80427, 0.75806, 0.74194
0.45361, 0.52366, 0.79879, 0.75115, 0.73963
0.45782, 0.52747, 0.78841, 0.73963, 0.74654
0.45658, 0.52085, 0.79937, 0.76728, 0.74194
0.45185, 0.50744, 0.80744, 0.77419, 0.75115
0.45155, 0.52009, 0.79850, 0.76267, 0.76037
0.45333, 0.53728, 0.79014, 0.72350, 0.74885
0.44768, 0.51084, 0.80715, 0.75576, 0.76498
0.44773, 0.52512, 0.80946, 0.73733, 0.76037
0.44328, 0.54914, 0.79533, 0.72120, 0.74654
0.44614, 0.53890, 0.79331, 0.73502, 0.74885
0.44529, 0.51734, 0.80946, 0.74885, 0.77419
0.45003, 0.52797, 0.79965, 0.76267, 0.73041
0.44081, 0.52044, 0.80946, 0.75346, 0.76498
0.44689, 0.49905, 0.81090, 0.77650, 0.76728
0.44540, 0.51282, 0.81118, 0.77189, 0.76498
0.44402, 0.52452, 0.79792, 0.74424, 0.75576
0.44866, 0.51306, 0.81263, 0.75115, 0.75115
0.44234, 0.53216, 0.80225, 0.74424, 0.74885
0.43895, 0.51313, 0.80686, 0.78111, 0.76267
0.43740, 0.52246, 0.81493, 0.75806, 0.76267
0.43438, 0.52751, 0.80571, 0.76037, 0.76959
0.43566, 0.51010, 0.80686, 0.75346, 0.77650
0.43635, 0.53603, 0.81090, 0.73041, 0.75115
0.43649, 0.51503, 0.80715, 0.74885, 0.77189
0.43401, 0.51472, 0.81522, 0.76498, 0.73733
0.43155, 0.51878, 0.81753, 0.76037, 0.77880
0.42281, 0.53773, 0.80254, 0.75576, 0.75806
0.43410, 0.51814, 0.80859, 0.76267, 0.75576
0.43293, 0.52340, 0.81839, 0.75346, 0.77189
0.43147, 0.51290, 0.81522, 0.78571, 0.76267
0.43002, 0.51906, 0.82531, 0.77419, 0.77650
0.42537, 0.52722, 0.81810, 0.76037, 0.77419
0.42799, 0.53600, 0.81205, 0.76959, 0.76498
0.42665, 0.52609, 0.81436, 0.74885, 0.76959
----------------------------------------------------------------------------------------------------------------------------
0.67803, 0.68626, 0.58662, 0.58065, 0.55991
0.63824, 0.64802, 0.65783, 0.61060, 0.62212
0.62439, 0.64254, 0.66965, 0.61982, 0.65438
0.61749, 0.63402, 0.67397, 0.64055, 0.64977
0.61053, 0.62689, 0.67858, 0.64977, 0.66590
0.59539, 0.61411, 0.68838, 0.66359, 0.68664
0.58448, 0.60134, 0.71231, 0.67281, 0.72811
0.57044, 0.59404, 0.71058, 0.68203, 0.73963
0.56529, 0.58597, 0.73969, 0.69585, 0.74424
0.55883, 0.57920, 0.73278, 0.71198, 0.72120
0.55539, 0.58316, 0.73998, 0.68433, 0.74654
0.54250, 0.57414, 0.73364, 0.70507, 0.74194
0.53854, 0.56358, 0.75123, 0.68894, 0.73733
0.53193, 0.56247, 0.74805, 0.70046, 0.74885
0.52568, 0.58919, 0.73969, 0.68664, 0.75576
0.52223, 0.55475, 0.74777, 0.69816, 0.73963
0.52455, 0.54360, 0.75786, 0.71198, 0.74885
0.51298, 0.54458, 0.75872, 0.71659, 0.75806
0.51299, 0.53742, 0.76420, 0.71198, 0.75806
0.50522, 0.52826, 0.77112, 0.72811, 0.76498
0.50551, 0.54956, 0.75930, 0.69816, 0.76498
0.49783, 0.51918, 0.77803, 0.73733, 0.76959
0.49369, 0.51916, 0.77400, 0.73041, 0.76728
0.48626, 0.51131, 0.77544, 0.73733, 0.77419
0.48337, 0.50855, 0.77775, 0.73963, 0.78111
0.49009, 0.51866, 0.76910, 0.73733, 0.76728
0.48132, 0.52375, 0.77832, 0.71429, 0.76959
0.47546, 0.51023, 0.77948, 0.74424, 0.76498
0.47214, 0.52672, 0.76391, 0.72120, 0.78111
0.47181, 0.53538, 0.77256, 0.70968, 0.75806
0.47052, 0.51390, 0.78841, 0.73041, 0.77880
0.46282, 0.49204, 0.78928, 0.74424, 0.77650
0.46050, 0.52033, 0.79043, 0.71889, 0.78341
0.46422, 0.50249, 0.79475, 0.74424, 0.78802
0.45670, 0.51907, 0.78956, 0.73041, 0.78802
0.45239, 0.50841, 0.78812, 0.72350, 0.79032
0.45181, 0.52647, 0.79677, 0.73041, 0.77880
0.45508, 0.52487, 0.79360, 0.72581, 0.78571
0.45232, 0.49867, 0.80225, 0.75115, 0.78111
0.45095, 0.52348, 0.79331, 0.72581, 0.79954
0.44360, 0.49116, 0.80023, 0.75346, 0.77189
0.44459, 0.50183, 0.79648, 0.74885, 0.76728
0.44510, 0.50738, 0.80311, 0.75346, 0.76267
0.44714, 0.53489, 0.79187, 0.73502, 0.76267
0.44245, 0.52388, 0.78841, 0.72811, 0.76267
0.44036, 0.50418, 0.80369, 0.76728, 0.78341
0.43494, 0.50128, 0.81666, 0.74885, 0.79493
0.44084, 0.49251, 0.81349, 0.76267, 0.78802
0.43585, 0.50137, 0.81003, 0.76498, 0.79032
0.43318, 0.49616, 0.81378, 0.75806, 0.78571
0.43171, 0.49364, 0.80138, 0.75576, 0.78571
0.42647, 0.49767, 0.80888, 0.76267, 0.76959
0.43094, 0.49889, 0.81724, 0.77880, 0.79493
0.43173, 0.49313, 0.81609, 0.77419, 0.79954
0.42688, 0.49254, 0.81839, 0.78571, 0.79724
0.42679, 0.49684, 0.82416, 0.76037, 0.80415
0.42312, 0.52622, 0.81090, 0.74654, 0.79263
0.42354, 0.52609, 0.81609, 0.75346, 0.79032
0.42117, 0.50114, 0.81839, 0.75806, 0.79032
0.42572, 0.54249, 0.78784, 0.73041, 0.73272
0.42423, 0.52116, 0.81753, 0.75576, 0.79724
----------------------------------------------------------------------------------------------------------------------------
0.66930, 0.65121, 0.58374, 0.60829, 0.57373
0.65658, 0.66942, 0.54483, 0.55300, 0.53687
0.66535, 0.63970, 0.64082, 0.65438, 0.60829
0.63721, 0.63092, 0.65869, 0.65899, 0.63364
0.62743, 0.62798, 0.66359, 0.66359, 0.66590
0.61480, 0.60568, 0.68175, 0.66129, 0.68203
0.60110, 0.58930, 0.69098, 0.66820, 0.70276
0.59146, 0.58769, 0.68204, 0.66359, 0.68203
0.57938, 0.58456, 0.68435, 0.67281, 0.69816
0.57304, 0.57837, 0.69386, 0.67972, 0.70276
0.56546, 0.58271, 0.68867, 0.65207, 0.69124
0.55342, 0.56157, 0.70856, 0.70737, 0.71659
0.54946, 0.56159, 0.72499, 0.70276, 0.72811
0.54021, 0.55877, 0.72557, 0.70968, 0.70737
0.54959, 0.58207, 0.69703, 0.66129, 0.68894
0.53794, 0.55872, 0.73105, 0.71198, 0.70968
0.52837, 0.55243, 0.74575, 0.72581, 0.73733
0.52085, 0.55418, 0.74805, 0.72811, 0.73272
0.52015, 0.54907, 0.75209, 0.73502, 0.74885
0.52593, 0.56092, 0.73998, 0.71198, 0.73041
0.51486, 0.56046, 0.73796, 0.70968, 0.73733
0.51723, 0.58350, 0.72932, 0.71198, 0.71429
0.50811, 0.54872, 0.74258, 0.73502, 0.72350
0.50275, 0.55041, 0.75324, 0.73733, 0.73272
0.50380, 0.54949, 0.75353, 0.72811, 0.72350
0.50681, 0.54915, 0.75786, 0.73041, 0.74194
0.50306, 0.54309, 0.76362, 0.75115, 0.73502
0.49616, 0.55482, 0.75958, 0.73041, 0.73502
0.50511, 0.54233, 0.76766, 0.74654, 0.72811
0.48726, 0.54043, 0.76910, 0.73502, 0.75806
0.48865, 0.56577, 0.75872, 0.74194, 0.73963
0.48393, 0.52780, 0.77948, 0.75576, 0.75576
0.48333, 0.54823, 0.77198, 0.73733, 0.73272
0.48266, 0.52400, 0.78812, 0.76037, 0.74885
0.47795, 0.57685, 0.73278, 0.70046, 0.70968
0.48512, 0.52734, 0.78380, 0.74424, 0.76037
0.47706, 0.52865, 0.78582, 0.77189, 0.75806
0.46854, 0.55264, 0.77832, 0.74194, 0.74194
0.47497, 0.53768, 0.77832, 0.74654, 0.73733
0.47210, 0.54453, 0.77919, 0.74424, 0.73963
0.46386, 0.52350, 0.77948, 0.75806, 0.74194
0.47372, 0.51266, 0.79504, 0.77419, 0.75115
0.46466, 0.51370, 0.79418, 0.77189, 0.75576
0.46679, 0.51510, 0.79302, 0.77419, 0.74194
0.46750, 0.52887, 0.79331, 0.76498, 0.75576
0.46569, 0.51977, 0.80110, 0.76728, 0.75576
0.46269, 0.51756, 0.79677, 0.78341, 0.76037
0.46140, 0.57760, 0.75382, 0.73502, 0.71429
0.46100, 0.51678, 0.80225, 0.78341, 0.76267
0.45617, 0.53620, 0.78668, 0.76267, 0.73733
0.45536, 0.50969, 0.80369, 0.77189, 0.76037
0.45876, 0.50983, 0.80513, 0.77189, 0.77650
0.44947, 0.51546, 0.80283, 0.77880, 0.75806
0.45603, 0.51224, 0.79706, 0.76728, 0.74424
0.46067, 0.51614, 0.80110, 0.76037, 0.75115
0.44593, 0.50666, 0.80744, 0.79263, 0.76728
0.45155, 0.51621, 0.80455, 0.79263, 0.73502
0.44626, 0.50625, 0.80542, 0.77880, 0.74424
0.44271, 0.51855, 0.80744, 0.76037, 0.75576
0.43699, 0.51265, 0.80167, 0.77650, 0.75576
0.43698, 0.50914, 0.80657, 0.78111, 0.76037
0.44277, 0.51729, 0.81147, 0.77189, 0.75115
0.43893, 0.50500, 0.80283, 0.76498, 0.75346
0.43626, 0.50536, 0.81954, 0.77880, 0.75806
0.44134, 0.49815, 0.81378, 0.77880, 0.75346
0.44138, 0.51040, 0.80859, 0.77880, 0.76498
0.43405, 0.50323, 0.81810, 0.78111, 0.75346
0.44061, 0.50263, 0.81983, 0.77650, 0.76498
0.43604, 0.50241, 0.81926, 0.77419, 0.75115
0.43243, 0.49797, 0.81897, 0.79032, 0.75115
0.43204, 0.54039, 0.76650, 0.75115, 0.73041
0.43504, 0.51424, 0.81147, 0.78802, 0.73502
0.42542, 0.51153, 0.81349, 0.77419, 0.74885
0.42590, 0.49698, 0.82473, 0.78111, 0.76267
0.42996, 0.50730, 0.81926, 0.77880, 0.74654
0.42431, 0.49622, 0.82560, 0.78111, 0.76037
0.42351, 0.50608, 0.82704, 0.77650, 0.74194
0.42910, 0.49056, 0.82963, 0.78341, 0.75576
0.41787, 0.51728, 0.78120, 0.75806, 0.74654
0.43364, 0.49715, 0.82704, 0.77880, 0.75576
0.41842, 0.49715, 0.82243, 0.77650, 0.75806
0.42553, 0.51452, 0.81897, 0.76267, 0.75576
0.41756, 0.51832, 0.82387, 0.79493, 0.73502
0.43165, 0.51569, 0.82329, 0.77880, 0.74885
0.41419, 0.49426, 0.82646, 0.79954, 0.75576
0.41689, 0.51423, 0.82185, 0.78111, 0.74424
0.41796, 0.51408, 0.78899, 0.76959, 0.74654
0.41557, 0.50065, 0.82906, 0.79032, 0.76037
0.41084, 0.49445, 0.82445, 0.78571, 0.76498
0.41015, 0.50537, 0.82243, 0.78802, 0.77419
0.40913, 0.48894, 0.83367, 0.78571, 0.75806
0.41700, 0.54436, 0.80600, 0.75346, 0.73502
0.41214, 0.51658, 0.82329, 0.78571, 0.75806
0.41452, 0.49826, 0.81551, 0.78341, 0.76498
0.41229, 0.48190, 0.84088, 0.81106, 0.76959
0.40753, 0.49382, 0.83626, 0.79954, 0.75806
0.40242, 0.48178, 0.83108, 0.79263, 0.76498
0.40103, 0.49689, 0.83453, 0.79493, 0.76267
0.40883, 0.47470, 0.84549, 0.82028, 0.77880
0.41215, 0.49075, 0.83280, 0.79263, 0.76728
0.40754, 0.48479, 0.83482, 0.79263, 0.77880
0.39587, 0.53721, 0.82387, 0.78802, 0.73502
0.41131, 0.48344, 0.83165, 0.80415, 0.76037
0.40267, 0.49985, 0.83857, 0.79954, 0.77419
0.39409, 0.49874, 0.82704, 0.79263, 0.76267
0.39469, 0.50329, 0.81926, 0.79032, 0.75346
0.39774, 0.49117, 0.84001, 0.79724, 0.76728
0.39386, 0.48676, 0.83569, 0.80415, 0.76728
0.38776, 0.48180, 0.83915, 0.79954, 0.77189
0.39439, 0.46995, 0.84837, 0.82028, 0.79032
0.39413, 0.47725, 0.84693, 0.80645, 0.77189
0.39195, 0.49115, 0.84491, 0.80645, 0.76959
0.38751, 0.48109, 0.83367, 0.79954, 0.77880
0.39895, 0.48518, 0.84434, 0.81567, 0.77419
0.38484, 0.47708, 0.84001, 0.79032, 0.77419
0.38782, 0.49581, 0.82099, 0.78802, 0.77189
0.38694, 0.47257, 0.84895, 0.79954, 0.78802
0.39554, 0.48252, 0.83799, 0.79263, 0.76728
0.38727, 0.48631, 0.84693, 0.80876, 0.76728
0.38137, 0.46533, 0.84693, 0.80645, 0.77189
0.38084, 0.47615, 0.85327, 0.81336, 0.76498
0.37599, 0.46835, 0.85039, 0.80876, 0.78341
0.37665, 0.47730, 0.84664, 0.79724, 0.77650
0.37411, 0.49469, 0.84520, 0.79954, 0.75115
0.38656, 0.46992, 0.84693, 0.80876, 0.76728
0.37935, 0.48586, 0.84952, 0.81106, 0.76959
0.39441, 0.53013, 0.81580, 0.77880, 0.73272
0.37423, 0.51276, 0.84145, 0.79032, 0.76037
0.36738, 0.48039, 0.85558, 0.81106, 0.77650
0.37352, 0.48168, 0.85183, 0.82028, 0.76959
0.37957, 0.48912, 0.83771, 0.79032, 0.76037
0.37883, 0.48015, 0.84347, 0.79032, 0.77189
0.36595, 0.47301, 0.85673, 0.80876, 0.77880
0.38079, 0.48429, 0.85414, 0.81567, 0.76959
0.36832, 0.47459, 0.85500, 0.80415, 0.77189
0.38390, 0.48142, 0.84664, 0.81567, 0.76498
0.36109, 0.48108, 0.84635, 0.79724, 0.76728
0.37248, 0.52947, 0.82819, 0.77650, 0.74424
0.39522, 0.46038, 0.85356, 0.81797, 0.77419
0.36381, 0.48430, 0.85673, 0.81106, 0.77880
0.36348, 0.48308, 0.83886, 0.81106, 0.77189
0.37163, 0.47788, 0.84779, 0.80645, 0.76728
0.36967, 0.47558, 0.85500, 0.82258, 0.76728
0.36445, 0.47050, 0.85356, 0.80415, 0.77189
0.36642, 0.47905, 0.85471, 0.80415, 0.77880
0.35519, 0.48866, 0.85270, 0.79954, 0.78571
0.35370, 0.48297, 0.85731, 0.80645, 0.77419
0.36079, 0.50449, 0.84751, 0.80184, 0.74885
0.35204, 0.46566, 0.85817, 0.79724, 0.77880
0.36710, 0.48596, 0.85010, 0.81336, 0.75576
0.36253, 0.47967, 0.85356, 0.82949, 0.77880
0.35719, 0.46374, 0.86163, 0.81567, 0.77880
0.35614, 0.48488, 0.85039, 0.82719, 0.76959
0.36033, 0.49836, 0.84607, 0.82258, 0.76728
0.35929, 0.48540, 0.85846, 0.81106, 0.76728
0.35971, 0.46792, 0.86336, 0.79954, 0.77419
0.35191, 0.46040, 0.85875, 0.80645, 0.79032
0.36651, 0.47498, 0.86307, 0.81567, 0.76959
0.36158, 0.46228, 0.86278, 0.82949, 0.79032
----------------------------------------------------------------------------------------------------------------------------
0.67007, 0.61588, 0.67022, 0.64977, 0.64747
0.58629, 0.60062, 0.69040, 0.67281, 0.67281
0.56624, 0.61224, 0.71606, 0.67281, 0.70507
0.55756, 0.57691, 0.73681, 0.70276, 0.70968
0.54409, 0.57311, 0.74085, 0.70968, 0.72120
0.53445, 0.55559, 0.74978, 0.70276, 0.72120
0.52903, 0.55252, 0.76823, 0.73272, 0.74424
0.51864, 0.57138, 0.71490, 0.69816, 0.71198
0.51209, 0.57216, 0.70107, 0.68203, 0.68433
0.50836, 0.57413, 0.74978, 0.71429, 0.72811
0.49805, 0.53980, 0.77112, 0.73502, 0.75576
0.49653, 0.53991, 0.76650, 0.72120, 0.74654
0.49848, 0.57957, 0.75958, 0.70276, 0.71659
0.48322, 0.52675, 0.78639, 0.73733, 0.75576
0.48661, 0.53334, 0.77256, 0.73733, 0.75806
0.47639, 0.54083, 0.77890, 0.71889, 0.75576
0.47000, 0.55407, 0.78207, 0.72581, 0.73502
0.47236, 0.52236, 0.78236, 0.74194, 0.76498
0.46453, 0.52355, 0.79677, 0.75115, 0.76267
0.46911, 0.52059, 0.79475, 0.73041, 0.75576
0.46660, 0.54531, 0.79389, 0.73041, 0.76728
0.46201, 0.51818, 0.78265, 0.73272, 0.76267
0.45134, 0.52583, 0.79418, 0.73963, 0.76267
0.44474, 0.53385, 0.79908, 0.73963, 0.76498
0.45099, 0.51290, 0.80571, 0.74194, 0.76959
0.44456, 0.51686, 0.80484, 0.75115, 0.76037
0.44724, 0.50821, 0.81176, 0.75346, 0.76037
0.43974, 0.51721, 0.81263, 0.73733, 0.77650
0.44027, 0.51121, 0.81666, 0.74885, 0.77650
0.43592, 0.52941, 0.79965, 0.72811, 0.76267
0.43849, 0.51345, 0.81810, 0.73963, 0.78341
0.42953, 0.50380, 0.81464, 0.75115, 0.77189
0.44146, 0.51244, 0.81637, 0.73733, 0.77650
0.42678, 0.53015, 0.81637, 0.73502, 0.76498
0.42533, 0.50658, 0.82012, 0.76728, 0.77189
0.42048, 0.55381, 0.80311, 0.73733, 0.77650
0.42904, 0.51288, 0.82185, 0.75576, 0.76267
0.42240, 0.69761, 0.75613, 0.68203, 0.72350
0.43065, 0.52794, 0.79043, 0.72350, 0.75806
0.42401, 0.52314, 0.78956, 0.73041, 0.75576
0.42589, 0.53530, 0.81580, 0.74194, 0.77419
0.41451, 0.50493, 0.82387, 0.76037, 0.79493
0.41518, 0.49527, 0.82762, 0.76728, 0.79263
0.42159, 0.50273, 0.81580, 0.76498, 0.75806
0.41510, 0.49809, 0.83367, 0.76728, 0.78111
0.41386, 0.49658, 0.82329, 0.75346, 0.75806
0.41349, 0.52770, 0.82935, 0.72811, 0.79032
0.40368, 0.49371, 0.83396, 0.77880, 0.78111
0.40287, 0.50920, 0.83079, 0.76267, 0.79493
0.39784, 0.50166, 0.81724, 0.76037, 0.76728
0.40798, 0.50163, 0.83338, 0.77880, 0.77419
0.39636, 0.50220, 0.84203, 0.77419, 0.78111
0.40825, 0.50511, 0.82214, 0.74654, 0.76498
0.40754, 0.55166, 0.81147, 0.72350, 0.77189
0.40367, 0.50413, 0.83598, 0.76498, 0.79263
0.39851, 0.51527, 0.82704, 0.74885, 0.79032
0.38933, 0.57503, 0.80946, 0.71429, 0.76037
0.39168, 0.49275, 0.83021, 0.76267, 0.78111
0.39620, 0.49006, 0.84145, 0.78341, 0.78802
0.39803, 0.49399, 0.84376, 0.76728, 0.78802
0.40591, 0.49012, 0.83598, 0.76267, 0.77650
0.40061, 0.49238, 0.84116, 0.77650, 0.79493
0.39274, 0.49172, 0.83021, 0.77189, 0.77189
0.39232, 0.51810, 0.83713, 0.76959, 0.78802
0.38696, 0.50413, 0.84664, 0.77189, 0.79032
0.38623, 0.49011, 0.83425, 0.74654, 0.77189
0.37940, 0.50541, 0.84116, 0.77650, 0.78111
0.39654, 0.50182, 0.82790, 0.76037, 0.75576
0.38383, 0.50826, 0.84751, 0.74424, 0.78802
0.38045, 0.51501, 0.84837, 0.75806, 0.79954
0.38069, 0.52624, 0.83771, 0.76267, 0.78571
0.38402, 0.50021, 0.84635, 0.75806, 0.78111
0.37915, 0.49014, 0.84030, 0.76959, 0.78111
0.38019, 0.53751, 0.82848, 0.73963, 0.77419
0.37817, 0.48864, 0.83771, 0.74654, 0.76498
0.38736, 0.50719, 0.84289, 0.75576, 0.76498
0.38222, 0.50293, 0.85125, 0.75346, 0.78571
0.38192, 0.55766, 0.83079, 0.73502, 0.77419
0.37688, 0.48723, 0.85154, 0.77419, 0.78341
0.36992, 0.47930, 0.85529, 0.77419, 0.79724
0.36826, 0.49799, 0.85471, 0.76728, 0.78341
0.37021, 0.49988, 0.85183, 0.76959, 0.77419
0.36660, 0.50647, 0.85298, 0.78111, 0.78571
0.37620, 0.49903, 0.84635, 0.74885, 0.76959
0.37597, 0.50950, 0.86019, 0.75806, 0.80415
0.36682, 0.53435, 0.83828, 0.75576, 0.76959
0.36684, 0.51725, 0.83079, 0.74424, 0.75806
0.36604, 0.56413, 0.83598, 0.73963, 0.76498
0.36478, 0.49451, 0.85615, 0.76498, 0.78111
0.37021, 0.50603, 0.86134, 0.76267, 0.79032
0.36009, 0.50164, 0.85788, 0.76498, 0.77189
0.36387, 0.48269, 0.83799, 0.77419, 0.76267
0.37726, 0.50470, 0.85990, 0.77419, 0.79032
0.36051, 0.50684, 0.85702, 0.77189, 0.80645
0.35385, 0.48358, 0.85990, 0.77650, 0.78341
0.36163, 0.49317, 0.86019, 0.77650, 0.80415
0.35547, 0.53241, 0.84895, 0.74654, 0.77419
0.35564, 0.49772, 0.86221, 0.75115, 0.77880
0.35214, 0.51766, 0.83309, 0.76498, 0.75576
0.36513, 0.51082, 0.83915, 0.77189, 0.75806
----------------------------------------------------------------------------------------------------------------------------
0.67474, 0.64890, 0.62035, 0.64055, 0.63364
0.65877, 0.63056, 0.59325, 0.61060, 0.58065
0.64108, 0.63844, 0.63736, 0.63594, 0.61982
0.64273, 0.62591, 0.64312, 0.67281, 0.62903
0.62751, 0.60243, 0.65004, 0.65899, 0.64977
0.61453, 0.60521, 0.63015, 0.65899, 0.62442
0.60292, 0.57501, 0.67138, 0.69124, 0.65899
0.59398, 0.57626, 0.69213, 0.71429, 0.68433
0.57816, 0.56870, 0.69818, 0.71429, 0.70737
0.57023, 0.54883, 0.70337, 0.71659, 0.70276
0.56472, 0.55645, 0.70626, 0.72120, 0.69355
0.55823, 0.59552, 0.69876, 0.68894, 0.73041
0.55845, 0.55806, 0.71231, 0.71429, 0.72811
0.55765, 0.56290, 0.71087, 0.72350, 0.74424
0.55558, 0.53696, 0.72297, 0.73733, 0.71198
0.54774, 0.53251, 0.71952, 0.72350, 0.71429
0.53942, 0.54847, 0.72413, 0.72120, 0.72350
0.54217, 0.53648, 0.72326, 0.71889, 0.72350
0.53705, 0.52901, 0.72297, 0.73963, 0.74654
0.53914, 0.54732, 0.70308, 0.72811, 0.70737
0.53425, 0.53975, 0.73768, 0.73733, 0.71429
0.52756, 0.53655, 0.72672, 0.72811, 0.69124
0.53117, 0.53686, 0.72615, 0.71889, 0.70968
0.53206, 0.51904, 0.72384, 0.73041, 0.73733
0.53084, 0.53056, 0.73249, 0.72120, 0.70046
0.52617, 0.53272, 0.73739, 0.73502, 0.72350
0.52377, 0.51046, 0.73825, 0.72350, 0.73733
0.51864, 0.52397, 0.74200, 0.73272, 0.71889
0.52793, 0.51863, 0.73537, 0.73502, 0.73041
0.52242, 0.52854, 0.74402, 0.73041, 0.73041
0.51295, 0.53630, 0.74373, 0.73272, 0.73963
0.52029, 0.52825, 0.74258, 0.70276, 0.74424
0.51880, 0.51485, 0.75065, 0.73963, 0.73963
0.51084, 0.50110, 0.75007, 0.74654, 0.73272
0.51813, 0.50533, 0.75094, 0.72120, 0.75115
0.51555, 0.50290, 0.75641, 0.74654, 0.72350
0.51543, 0.50833, 0.74950, 0.74194, 0.73733
0.51638, 0.50422, 0.75353, 0.72350, 0.74654
0.52140, 0.51938, 0.75382, 0.73733, 0.74654
0.50994, 0.56400, 0.72615, 0.70737, 0.70046
0.50981, 0.50413, 0.76160, 0.73733, 0.74194
0.50393, 0.51968, 0.75295, 0.72120, 0.73733
0.51670, 0.49156, 0.76564, 0.77189, 0.73272
0.50210, 0.51167, 0.76593, 0.73963, 0.72581
0.50765, 0.49712, 0.76362, 0.75576, 0.74194
0.49740, 0.50530, 0.76218, 0.76728, 0.71659
0.50019, 0.50200, 0.75901, 0.77650, 0.72120
0.49298, 0.50887, 0.76218, 0.74194, 0.73272
0.48935, 0.48374, 0.76679, 0.76037, 0.73963
0.49538, 0.49490, 0.76477, 0.75115, 0.73041
0.49207, 0.47997, 0.77256, 0.77880, 0.73733
0.48072, 0.47508, 0.78380, 0.77419, 0.75576
0.48479, 0.51933, 0.76045, 0.73963, 0.71198
0.47644, 0.49034, 0.77515, 0.77650, 0.75346
0.48262, 0.48530, 0.76794, 0.78802, 0.72581
0.47680, 0.48438, 0.77717, 0.76728, 0.73963
0.47578, 0.51960, 0.76218, 0.75115, 0.73733
0.48063, 0.48821, 0.77400, 0.77650, 0.74194
0.47839, 0.48581, 0.78293, 0.75576, 0.74654
0.47430, 0.48633, 0.77198, 0.75806, 0.72350
0.47755, 0.49734, 0.77832, 0.76037, 0.76267
0.46582, 0.48049, 0.78553, 0.77189, 0.71889
0.47226, 0.47992, 0.78755, 0.77189, 0.74194
0.46934, 0.49754, 0.77371, 0.79263, 0.73272
0.47135, 0.50074, 0.78120, 0.74654, 0.74654
0.46483, 0.48660, 0.77717, 0.77419, 0.75576
0.46144, 0.47576, 0.79129, 0.76498, 0.74654
0.46276, 0.48910, 0.79389, 0.77650, 0.74885
0.46414, 0.49777, 0.77544, 0.76498, 0.73272
0.47004, 0.50256, 0.78063, 0.79493, 0.73272
0.46469, 0.48283, 0.78956, 0.77880, 0.74654
0.45545, 0.49511, 0.78870, 0.78111, 0.76267
