============================================================================================================================
Namespace(pooling='lspool', batch_size=32, lr=0.0001, epochs=200, pool_ratio=0.5, dataset='FRANKENSTEIN', edges=False, runs=10, logging='logs/27_03_24/lspool3conv_1attn_notanh', config='config/config.json', patience=20, seeds='config/seeds'); _CudaDeviceProperties(name='NVIDIA GeForce RTX 4060 Ti', major=8, minor=9, total_memory=16379MB, multi_processor_count=34); {'hidden_features': 128, 'nonlinearity': 'elu', 'p_dropout': 0.0, 'conv_layer': 'GraphConv', 'pre_gnn': [64, 128], 'post_gnn': [128, 64], 'pre_pool_convs': 2, 'post_pool_convs': 1} 
----------------------------------------------------------------------------------------------------------------------------
0.67756, 0.67574, 0.58028, 0.57373, 0.61290
0.67128, 0.64610, 0.59700, 0.61751, 0.58065
0.65050, 0.61660, 0.63131, 0.63364, 0.57604
0.63391, 0.62542, 0.63015, 0.63825, 0.61290
0.61680, 0.60242, 0.67801, 0.65438, 0.65438
0.60187, 0.61695, 0.65927, 0.65438, 0.61751
0.59568, 0.59758, 0.70539, 0.70276, 0.66359
0.58665, 0.58788, 0.71289, 0.68433, 0.66820
0.57594, 0.58616, 0.72326, 0.69585, 0.66129
0.56249, 0.58173, 0.72845, 0.70276, 0.67742
0.55451, 0.58422, 0.74431, 0.67051, 0.67512
0.54040, 0.58803, 0.76391, 0.66820, 0.66359
0.53151, 0.60454, 0.75901, 0.67512, 0.66820
0.51274, 0.58927, 0.77544, 0.67742, 0.66820
0.49001, 0.61010, 0.78697, 0.68894, 0.68203
0.47917, 0.60858, 0.79937, 0.67512, 0.65438
0.47471, 0.66289, 0.78870, 0.67972, 0.66820
0.45405, 0.63874, 0.80917, 0.68433, 0.64286
0.44314, 0.61733, 0.83079, 0.70737, 0.65668
0.41872, 0.69018, 0.82646, 0.68664, 0.67512
0.39732, 0.84058, 0.77717, 0.64747, 0.68433
0.39946, 0.72035, 0.85500, 0.67742, 0.65668
0.38028, 0.73501, 0.83915, 0.69124, 0.64747
0.35294, 0.73303, 0.87777, 0.68433, 0.65899
0.33599, 0.76129, 0.87749, 0.69355, 0.65207
0.32177, 0.82519, 0.87230, 0.66359, 0.63825
0.29999, 0.86919, 0.88123, 0.66359, 0.65438
0.30992, 0.90079, 0.89161, 0.68894, 0.65207
0.27016, 0.92998, 0.90170, 0.65438, 0.65438
0.26415, 0.86474, 0.90458, 0.69816, 0.65207
----------------------------------------------------------------------------------------------------------------------------
0.67923, 0.66991, 0.57596, 0.58525, 0.53917
0.65810, 0.64832, 0.63649, 0.64055, 0.61060
0.63160, 0.63349, 0.66273, 0.66359, 0.64747
0.60344, 0.65210, 0.65494, 0.64747, 0.62903
0.58420, 0.62165, 0.72932, 0.64055, 0.69355
0.55780, 0.62159, 0.74805, 0.66590, 0.69816
0.54087, 0.60463, 0.75036, 0.67742, 0.67051
0.51524, 0.62306, 0.78697, 0.67281, 0.69585
0.51455, 0.61990, 0.78956, 0.68203, 0.67512
0.47626, 0.63709, 0.80628, 0.66590, 0.67051
0.47019, 0.68654, 0.78380, 0.64516, 0.64747
0.44313, 0.66688, 0.84059, 0.67281, 0.68433
0.41317, 0.70064, 0.84664, 0.64516, 0.67742
0.37896, 0.75866, 0.83194, 0.67742, 0.67972
0.35914, 0.75168, 0.88095, 0.67742, 0.65438
0.32024, 0.87810, 0.85904, 0.65668, 0.65438
0.30550, 0.90178, 0.88095, 0.66129, 0.65207
0.27710, 0.87893, 0.91756, 0.66590, 0.67051
0.24728, 0.92102, 0.91381, 0.65668, 0.66590
0.22072, 1.22122, 0.86250, 0.64286, 0.66359
0.22099, 1.07823, 0.93428, 0.64516, 0.66590
0.18391, 1.25109, 0.93197, 0.64055, 0.64977
0.16193, 1.23261, 0.96512, 0.65207, 0.65207
0.13891, 1.44232, 0.93370, 0.60599, 0.63825
0.13045, 1.43646, 0.97492, 0.64055, 0.63364
0.10056, 1.53483, 0.97348, 0.62903, 0.63594
0.10721, 1.56228, 0.98530, 0.62442, 0.63825
----------------------------------------------------------------------------------------------------------------------------
0.68457, 0.68294, 0.55751, 0.54608, 0.52995
0.67592, 0.66934, 0.59095, 0.56452, 0.55760
0.65749, 0.63232, 0.61459, 0.61521, 0.58525
0.64121, 0.62076, 0.60594, 0.61290, 0.55760
0.63579, 0.61332, 0.64255, 0.65207, 0.61982
0.62692, 0.62337, 0.64485, 0.63594, 0.61982
0.62423, 0.61245, 0.64457, 0.63825, 0.61982
0.62140, 0.61263, 0.65033, 0.63825, 0.63364
0.61233, 0.60170, 0.66590, 0.66359, 0.63364
0.61620, 0.60762, 0.68291, 0.67281, 0.64286
0.60220, 0.60212, 0.69415, 0.68203, 0.66359
0.59278, 0.58153, 0.69761, 0.69355, 0.65438
0.58933, 0.66268, 0.64601, 0.60599, 0.59908
0.59502, 0.62787, 0.68031, 0.64516, 0.64286
0.58194, 0.60160, 0.70626, 0.70968, 0.66359
0.58026, 0.60382, 0.69444, 0.66590, 0.62442
0.57435, 0.62167, 0.69876, 0.64747, 0.64516
0.56621, 0.62048, 0.71894, 0.68203, 0.62673
0.55854, 0.61453, 0.72615, 0.68203, 0.61982
0.55747, 0.62387, 0.72269, 0.66590, 0.62903
0.54358, 0.66675, 0.71087, 0.64286, 0.61751
0.52994, 0.61575, 0.75123, 0.70046, 0.64516
0.52550, 0.63624, 0.75353, 0.67512, 0.65668
0.51791, 0.68600, 0.72701, 0.64977, 0.62212
0.50236, 0.66736, 0.77083, 0.66129, 0.67051
0.49534, 0.66095, 0.76737, 0.67051, 0.65207
0.48561, 0.69183, 0.76131, 0.67512, 0.63825
0.48730, 0.64829, 0.76852, 0.68664, 0.66590
0.46504, 0.69556, 0.78841, 0.67051, 0.64747
0.46455, 0.68714, 0.79706, 0.65438, 0.67051
0.46171, 0.66215, 0.78466, 0.65668, 0.64747
0.44680, 0.67582, 0.81493, 0.68894, 0.65207
----------------------------------------------------------------------------------------------------------------------------
0.68458, 0.68299, 0.55751, 0.54608, 0.52995
0.67595, 0.66930, 0.59008, 0.55991, 0.55760
0.65744, 0.63207, 0.61603, 0.61290, 0.58756
0.64104, 0.62211, 0.60565, 0.60829, 0.55530
0.63625, 0.61064, 0.64053, 0.66129, 0.62212
0.62704, 0.61966, 0.64399, 0.63364, 0.61290
0.62469, 0.61002, 0.64226, 0.62903, 0.61290
0.62125, 0.61605, 0.64687, 0.63825, 0.63364
0.61329, 0.60336, 0.66302, 0.66129, 0.63134
0.61640, 0.60799, 0.68175, 0.67512, 0.65899
0.60255, 0.60490, 0.69242, 0.69585, 0.64977
0.59512, 0.58681, 0.69588, 0.70737, 0.65899
0.58880, 0.66547, 0.64457, 0.61982, 0.60138
0.59719, 0.62776, 0.67887, 0.65438, 0.62673
0.58227, 0.59998, 0.70654, 0.70507, 0.66590
0.58445, 0.61559, 0.69876, 0.67512, 0.62903
0.57569, 0.63028, 0.69386, 0.65438, 0.64055
0.56846, 0.62353, 0.71375, 0.67742, 0.62903
0.56062, 0.61682, 0.72499, 0.67051, 0.65207
0.56034, 0.62930, 0.72153, 0.65438, 0.65668
0.54484, 0.65265, 0.72240, 0.65899, 0.62673
0.53088, 0.61898, 0.75238, 0.70968, 0.67051
0.52634, 0.63978, 0.75814, 0.67742, 0.66359
0.51988, 0.68215, 0.73883, 0.66359, 0.64286
0.50377, 0.65731, 0.77140, 0.67051, 0.64055
0.49636, 0.66134, 0.77890, 0.66359, 0.64286
0.48880, 0.67460, 0.77112, 0.68664, 0.64977
0.48886, 0.64809, 0.77688, 0.69585, 0.64286
0.47166, 0.68567, 0.78582, 0.67972, 0.65207
0.46277, 0.69745, 0.78928, 0.65668, 0.64977
0.46205, 0.65898, 0.79706, 0.65438, 0.65668
0.44741, 0.66853, 0.81781, 0.68433, 0.66359
----------------------------------------------------------------------------------------------------------------------------
0.68047, 0.68514, 0.55549, 0.54608, 0.56452
0.66304, 0.65956, 0.61459, 0.58756, 0.59677
0.63159, 0.63812, 0.66907, 0.61290, 0.62673
0.59940, 0.64939, 0.69300, 0.61060, 0.62212
0.57508, 0.67515, 0.70049, 0.60599, 0.61060
0.55557, 0.67817, 0.73162, 0.63594, 0.64286
0.53345, 0.65739, 0.76679, 0.64286, 0.63825
0.50083, 0.74890, 0.75065, 0.60599, 0.60829
0.48429, 0.72640, 0.80167, 0.61060, 0.63594
0.47212, 0.70097, 0.82099, 0.61290, 0.63364
0.43565, 0.75614, 0.83252, 0.61521, 0.64286
0.42134, 0.76241, 0.85442, 0.60369, 0.63594
0.39477, 0.80762, 0.85385, 0.60369, 0.64286
0.37181, 0.83793, 0.88268, 0.60599, 0.62903
0.34403, 0.91775, 0.88440, 0.60829, 0.65438
0.31961, 1.03791, 0.84203, 0.58295, 0.60599
0.30440, 0.98159, 0.89363, 0.60829, 0.63134
0.27735, 1.11047, 0.92303, 0.61751, 0.62903
0.24943, 1.14810, 0.93197, 0.60599, 0.64055
0.23295, 1.26133, 0.94177, 0.60829, 0.63364
0.21196, 1.23492, 0.94782, 0.61751, 0.64286
0.19224, 1.60235, 0.94523, 0.61060, 0.62442
0.14474, 1.63301, 0.93399, 0.61060, 0.65207
----------------------------------------------------------------------------------------------------------------------------
0.67732, 0.67919, 0.58576, 0.57373, 0.61982
0.67097, 0.67709, 0.59325, 0.55991, 0.60599
0.65612, 0.64683, 0.62035, 0.58525, 0.61060
0.63873, 0.64570, 0.64053, 0.64055, 0.61982
0.62794, 0.62931, 0.66330, 0.64286, 0.60138
0.61387, 0.62139, 0.67829, 0.64747, 0.63134
0.60132, 0.62079, 0.68492, 0.66359, 0.62673
0.59427, 0.63053, 0.69472, 0.63825, 0.61982
0.58126, 0.61394, 0.70654, 0.66590, 0.67281
0.57601, 0.61050, 0.71634, 0.66129, 0.64055
0.55844, 0.61793, 0.72989, 0.67051, 0.63825
0.55800, 0.60938, 0.73047, 0.68203, 0.65438
0.54245, 0.61734, 0.73710, 0.67512, 0.64977
0.53557, 0.62879, 0.74402, 0.65899, 0.64516
0.52769, 0.61206, 0.75843, 0.67281, 0.65668
0.51861, 0.62886, 0.76679, 0.67742, 0.64286
0.50269, 0.60641, 0.78178, 0.67281, 0.64977
0.49744, 0.63201, 0.77775, 0.65668, 0.64286
0.47973, 0.63867, 0.78524, 0.66820, 0.65438
0.46827, 0.62569, 0.79187, 0.66359, 0.65899
0.46525, 0.62789, 0.80196, 0.67512, 0.64977
0.44297, 0.63378, 0.81580, 0.66590, 0.66129
0.43149, 0.64145, 0.81695, 0.67972, 0.66359
0.40968, 0.71047, 0.82963, 0.67972, 0.65207
0.39662, 0.75362, 0.81810, 0.65438, 0.60829
0.39386, 0.74336, 0.84837, 0.65899, 0.64747
0.37478, 0.73685, 0.85990, 0.65899, 0.64516
0.35433, 0.73564, 0.87143, 0.65207, 0.62442
0.33543, 0.82012, 0.87922, 0.63364, 0.64055
0.33489, 0.91320, 0.87518, 0.64055, 0.63825
0.31523, 0.82613, 0.89248, 0.64747, 0.61982
0.29870, 0.91020, 0.90026, 0.63364, 0.63825
0.28791, 0.90714, 0.89190, 0.64516, 0.63825
0.26140, 0.95741, 0.90775, 0.63364, 0.62212
0.24761, 1.11305, 0.91208, 0.62442, 0.62673
0.26392, 1.19370, 0.90084, 0.63825, 0.64055
0.24667, 1.02279, 0.92851, 0.61982, 0.62212
----------------------------------------------------------------------------------------------------------------------------
0.68094, 0.66888, 0.55664, 0.56912, 0.53917
0.66816, 0.64983, 0.57308, 0.59217, 0.56912
0.64409, 0.62379, 0.67426, 0.68203, 0.64286
0.61777, 0.59077, 0.68377, 0.68664, 0.62212
0.60870, 0.58703, 0.68752, 0.68433, 0.61982
0.58292, 0.58551, 0.70251, 0.68203, 0.63134
0.56645, 0.56666, 0.73047, 0.72120, 0.66129
0.54244, 0.56344, 0.74978, 0.73272, 0.64977
0.53105, 0.58174, 0.74488, 0.68203, 0.62673
0.50491, 0.58676, 0.77169, 0.71198, 0.63134
0.47817, 0.69537, 0.73854, 0.68203, 0.63364
0.46991, 0.59964, 0.79158, 0.69355, 0.63134
0.44826, 0.59025, 0.82935, 0.72120, 0.63364
0.42816, 0.64743, 0.83396, 0.68664, 0.64286
0.42289, 0.62285, 0.84318, 0.69124, 0.63364
0.37449, 0.65727, 0.86365, 0.68203, 0.63134
0.36840, 0.69994, 0.85702, 0.70968, 0.65668
0.33561, 0.75614, 0.85414, 0.67051, 0.62442
0.31836, 0.72773, 0.90343, 0.70968, 0.64977
0.29084, 0.87016, 0.88383, 0.66820, 0.61751
0.27814, 0.82840, 0.92217, 0.68664, 0.61982
0.27382, 0.80197, 0.90372, 0.66590, 0.61982
0.23353, 0.99574, 0.91986, 0.69585, 0.62212
0.21348, 1.09057, 0.91121, 0.68894, 0.63134
0.20219, 0.98862, 0.95388, 0.71198, 0.62903
0.18261, 1.13405, 0.94955, 0.70046, 0.62212
0.16050, 1.26675, 0.94811, 0.70276, 0.61751
0.14939, 1.31776, 0.95186, 0.69355, 0.63134
----------------------------------------------------------------------------------------------------------------------------
0.68404, 0.69502, 0.51052, 0.47926, 0.48618
0.67743, 0.66360, 0.59008, 0.61290, 0.58525
0.65783, 0.64852, 0.62583, 0.63825, 0.59677
0.63887, 0.63585, 0.66503, 0.67281, 0.62212
0.62535, 0.61877, 0.63505, 0.62212, 0.60599
0.61726, 0.62112, 0.64053, 0.61751, 0.61521
0.60301, 0.61693, 0.66619, 0.64747, 0.65438
0.59100, 0.61339, 0.68031, 0.64747, 0.62903
0.58484, 0.67325, 0.68146, 0.59447, 0.63364
0.57058, 0.64500, 0.67166, 0.64977, 0.64055
0.56981, 0.60992, 0.72009, 0.64977, 0.65899
0.54971, 0.64961, 0.73076, 0.59908, 0.62903
0.55122, 0.62456, 0.74402, 0.66590, 0.67051
0.53344, 0.62119, 0.75699, 0.66820, 0.66820
0.52127, 0.62210, 0.77198, 0.65668, 0.63134
0.50113, 0.64622, 0.75238, 0.65668, 0.63825
0.49080, 0.64932, 0.79101, 0.66820, 0.67281
0.48302, 0.65179, 0.79389, 0.64977, 0.66820
0.47195, 0.64982, 0.81954, 0.64977, 0.65207
0.46774, 0.72183, 0.79619, 0.60599, 0.64286
0.44626, 0.68981, 0.82906, 0.63134, 0.64516
0.42917, 0.68418, 0.81724, 0.67512, 0.63364
0.41427, 0.72612, 0.83943, 0.65438, 0.64977
0.41174, 0.78976, 0.84088, 0.63825, 0.66359
0.38278, 0.77846, 0.85212, 0.63825, 0.66820
0.37685, 0.88715, 0.84001, 0.61982, 0.62903
0.36535, 0.83907, 0.87143, 0.64977, 0.65668
0.34996, 0.89856, 0.87893, 0.61290, 0.63594
0.32652, 0.94137, 0.88296, 0.62442, 0.66820
0.30340, 1.03674, 0.89853, 0.61982, 0.65668
0.28757, 1.06800, 0.88181, 0.57834, 0.61290
----------------------------------------------------------------------------------------------------------------------------
0.68047, 0.68514, 0.55549, 0.54608, 0.56452
0.66306, 0.65873, 0.61574, 0.58986, 0.60369
0.63093, 0.63796, 0.66705, 0.60138, 0.63134
0.59800, 0.65413, 0.68665, 0.60138, 0.62903
0.57451, 0.67106, 0.70049, 0.59908, 0.62673
0.55451, 0.68286, 0.72903, 0.62212, 0.62442
0.53363, 0.65931, 0.75786, 0.64286, 0.62442
0.50171, 0.73336, 0.75353, 0.60138, 0.62442
0.48379, 0.72201, 0.79965, 0.61982, 0.64286
0.47261, 0.69141, 0.82502, 0.61060, 0.63134
0.43579, 0.73920, 0.83569, 0.61521, 0.63825
0.41692, 0.75769, 0.85068, 0.61982, 0.63364
0.39235, 0.79387, 0.85587, 0.60599, 0.65207
0.37444, 0.81614, 0.88383, 0.61751, 0.63134
0.34104, 0.89300, 0.88786, 0.61290, 0.64977
0.31980, 1.00983, 0.83338, 0.59217, 0.59677
0.30958, 0.91771, 0.90112, 0.63134, 0.63594
0.27265, 1.04497, 0.92476, 0.62212, 0.65899
0.24798, 1.09434, 0.93629, 0.62673, 0.62673
0.23579, 1.19224, 0.93860, 0.64977, 0.64055
0.21636, 1.15490, 0.94898, 0.63825, 0.62903
0.19409, 1.46202, 0.95417, 0.61751, 0.63825
0.15459, 1.55919, 0.95907, 0.63825, 0.64286
----------------------------------------------------------------------------------------------------------------------------
0.67665, 0.66818, 0.57394, 0.58756, 0.58525
0.67287, 0.65236, 0.58144, 0.60599, 0.61060
0.64967, 0.64414, 0.62756, 0.64286, 0.64286
0.63048, 0.64612, 0.65062, 0.61751, 0.63134
0.62429, 0.65801, 0.66215, 0.60369, 0.60829
0.60809, 0.62039, 0.67483, 0.67742, 0.67281
0.60042, 0.63996, 0.69184, 0.62903, 0.63825
0.58500, 0.64241, 0.69790, 0.61290, 0.63594
0.57688, 0.62020, 0.73681, 0.65438, 0.68203
0.56259, 0.61278, 0.73393, 0.66820, 0.68433
0.55084, 0.61315, 0.74805, 0.65668, 0.68894
0.52942, 0.62640, 0.77025, 0.64286, 0.66129
0.51445, 0.63559, 0.77256, 0.64516, 0.67281
0.51369, 0.65110, 0.73220, 0.64977, 0.64977
0.48871, 0.65921, 0.79274, 0.61521, 0.65668
0.46415, 0.71299, 0.80773, 0.62212, 0.64747
0.44706, 0.72718, 0.81724, 0.62442, 0.66359
0.42556, 0.74723, 0.82272, 0.64977, 0.66820
0.41487, 0.72233, 0.80917, 0.66359, 0.64286
0.38424, 0.78596, 0.86278, 0.62903, 0.66359
0.38390, 0.76022, 0.86884, 0.63134, 0.62673
0.35601, 0.76417, 0.85673, 0.63825, 0.64516
0.33469, 0.84587, 0.90055, 0.63825, 0.65207
0.31872, 0.81995, 0.89968, 0.64055, 0.64286
0.28985, 0.92931, 0.88181, 0.61751, 0.61751
0.26456, 0.95053, 0.91640, 0.61521, 0.61751
0.24204, 1.04936, 0.91381, 0.64286, 0.60369
0.23026, 1.14829, 0.94004, 0.62212, 0.61521
0.22030, 1.13632, 0.94436, 0.65207, 0.62903
0.20160, 1.29112, 0.87114, 0.61751, 0.60369
============================================================================================================================
Namespace(pooling='lspool', batch_size=32, lr=0.0001, epochs=200, pool_ratio=0.5, dataset='PROTEINS', edges=False, runs=10, logging='logs/27_03_24/lspool3conv_1attn_notanh', config='config/config.json', patience=20, seeds='config/seeds'); _CudaDeviceProperties(name='NVIDIA GeForce RTX 4060 Ti', major=8, minor=9, total_memory=16379MB, multi_processor_count=34); {'hidden_features': 128, 'nonlinearity': 'elu', 'p_dropout': 0.0, 'conv_layer': 'GraphConv', 'pre_gnn': [64, 128], 'post_gnn': [128, 64], 'pre_pool_convs': 2, 'post_pool_convs': 1} 
----------------------------------------------------------------------------------------------------------------------------
0.67408, 0.64827, 0.62247, 0.63063, 0.64286
0.64815, 0.62986, 0.65281, 0.64865, 0.66071
0.63828, 0.70845, 0.60899, 0.49550, 0.65179
0.62861, 0.65162, 0.67303, 0.63063, 0.74107
0.61703, 0.61953, 0.66629, 0.63063, 0.67857
0.60839, 0.61882, 0.67978, 0.66667, 0.66071
0.60563, 0.60005, 0.68652, 0.65766, 0.66964
0.61380, 0.60111, 0.66067, 0.69369, 0.59821
0.61532, 0.61290, 0.66742, 0.61261, 0.69643
0.59387, 0.60982, 0.68876, 0.64865, 0.71429
0.59731, 0.62026, 0.70449, 0.62162, 0.66071
0.59704, 0.60584, 0.68989, 0.65766, 0.67857
0.58473, 0.61110, 0.71348, 0.65766, 0.66964
0.58638, 0.65239, 0.68989, 0.63063, 0.70536
0.58341, 0.59234, 0.70337, 0.69369, 0.70536
0.59034, 0.59176, 0.72135, 0.68468, 0.69643
0.57813, 0.64482, 0.69663, 0.63964, 0.70536
0.57454, 0.61157, 0.69888, 0.65766, 0.71429
0.57169, 0.63233, 0.71573, 0.63063, 0.70536
0.56153, 0.61456, 0.72472, 0.65766, 0.72321
0.56369, 0.63949, 0.70112, 0.63063, 0.68750
0.57002, 0.58247, 0.71348, 0.65766, 0.70536
0.56938, 0.57452, 0.71124, 0.69369, 0.65179
0.55817, 0.57188, 0.72360, 0.69369, 0.71429
0.56687, 0.57169, 0.70225, 0.73874, 0.64286
0.56822, 0.61251, 0.71461, 0.65766, 0.71429
0.54696, 0.59673, 0.72247, 0.64865, 0.71429
0.54455, 0.58777, 0.72809, 0.67568, 0.70536
0.54943, 0.61687, 0.71573, 0.67568, 0.65179
0.54382, 0.58898, 0.73933, 0.70270, 0.66071
0.55110, 0.57222, 0.72472, 0.72973, 0.65179
0.54674, 0.61970, 0.74157, 0.71171, 0.66071
0.53256, 0.59249, 0.73708, 0.68468, 0.69643
0.54529, 0.58693, 0.71685, 0.63964, 0.71429
0.54082, 0.58636, 0.74157, 0.69369, 0.73214
0.52840, 0.57420, 0.76292, 0.71171, 0.66071
0.52325, 0.62635, 0.73483, 0.69369, 0.67857
0.53907, 0.56212, 0.74944, 0.70270, 0.66964
0.52438, 0.56351, 0.74831, 0.70270, 0.66964
0.52965, 0.58781, 0.75056, 0.71171, 0.69643
0.53667, 0.56336, 0.75618, 0.72973, 0.66964
0.51945, 0.59295, 0.73258, 0.71171, 0.66964
0.52025, 0.59265, 0.72584, 0.69369, 0.67857
0.52293, 0.56436, 0.76517, 0.71171, 0.70536
0.51114, 0.57544, 0.76404, 0.66667, 0.69643
0.51821, 0.55909, 0.74719, 0.73874, 0.69643
0.51074, 0.57232, 0.74719, 0.72072, 0.65179
0.51284, 0.57904, 0.76517, 0.67568, 0.69643
0.50131, 0.59336, 0.74494, 0.72973, 0.65179
0.52747, 0.56725, 0.74382, 0.72072, 0.67857
0.50266, 0.58196, 0.76742, 0.70270, 0.69643
0.50669, 0.55056, 0.75730, 0.76577, 0.73214
0.49967, 0.58138, 0.76067, 0.68468, 0.70536
0.50546, 0.55325, 0.76404, 0.75676, 0.67857
0.49061, 0.60455, 0.75618, 0.71171, 0.68750
0.49160, 0.60111, 0.76966, 0.71171, 0.69643
0.49260, 0.58627, 0.76966, 0.72072, 0.68750
0.49947, 0.59867, 0.76292, 0.74775, 0.67857
0.50633, 0.58898, 0.77640, 0.71171, 0.73214
0.48604, 0.59477, 0.74944, 0.72973, 0.69643
0.52746, 0.57550, 0.76292, 0.71171, 0.73214
0.49646, 0.56414, 0.76517, 0.73874, 0.71429
0.49793, 0.58242, 0.77416, 0.73874, 0.67857
0.48669, 0.59935, 0.78427, 0.72973, 0.71429
0.47738, 0.57748, 0.77640, 0.72973, 0.70536
0.47934, 0.60043, 0.77978, 0.72072, 0.70536
0.47691, 0.57920, 0.78202, 0.72072, 0.71429
0.48465, 0.61026, 0.77865, 0.71171, 0.73214
0.48081, 0.61653, 0.78427, 0.72072, 0.73214
0.47394, 0.56537, 0.76854, 0.73874, 0.72321
0.48060, 0.60452, 0.78539, 0.72072, 0.76786
0.47257, 0.63726, 0.78539, 0.71171, 0.73214
----------------------------------------------------------------------------------------------------------------------------
0.63804, 0.61560, 0.61461, 0.62162, 0.58929
0.61360, 0.56264, 0.69326, 0.70270, 0.68750
0.58320, 0.58102, 0.65618, 0.63063, 0.61607
0.59658, 0.54513, 0.72022, 0.72973, 0.66071
0.57343, 0.54055, 0.70000, 0.66667, 0.67857
0.56410, 0.51699, 0.72360, 0.74775, 0.68750
0.56801, 0.54323, 0.72022, 0.72072, 0.65179
0.57544, 0.51948, 0.73820, 0.75676, 0.65179
0.55519, 0.50855, 0.73371, 0.75676, 0.68750
0.55188, 0.51924, 0.73820, 0.77477, 0.67857
0.55122, 0.51617, 0.71236, 0.71171, 0.70536
0.54547, 0.50702, 0.73258, 0.75676, 0.67857
0.54999, 0.52043, 0.71910, 0.72973, 0.70536
0.54887, 0.53133, 0.71798, 0.72973, 0.69643
0.53605, 0.48961, 0.73933, 0.77477, 0.66071
0.53476, 0.50708, 0.74045, 0.75676, 0.66964
0.56025, 0.50179, 0.73258, 0.77477, 0.66964
0.53727, 0.49536, 0.75393, 0.78378, 0.70536
0.52656, 0.48597, 0.76292, 0.78378, 0.67857
0.52639, 0.48863, 0.75955, 0.77477, 0.68750
0.52558, 0.51139, 0.75843, 0.76577, 0.68750
0.54023, 0.53391, 0.70899, 0.69369, 0.67857
0.53282, 0.48577, 0.76742, 0.77477, 0.69643
0.51883, 0.48734, 0.76742, 0.79279, 0.69643
0.51876, 0.52815, 0.73034, 0.77477, 0.68750
0.54819, 0.49093, 0.75730, 0.79279, 0.68750
0.52798, 0.54428, 0.72472, 0.71171, 0.66964
0.52186, 0.48419, 0.77303, 0.80180, 0.70536
0.50708, 0.49871, 0.77303, 0.77477, 0.68750
0.51084, 0.50858, 0.78202, 0.78378, 0.69643
0.50677, 0.49982, 0.77753, 0.76577, 0.68750
0.50394, 0.48626, 0.79438, 0.77477, 0.70536
0.52131, 0.48121, 0.79551, 0.80180, 0.69643
0.49556, 0.62139, 0.73820, 0.71171, 0.69643
0.50545, 0.52278, 0.78202, 0.77477, 0.72321
0.49907, 0.54447, 0.77079, 0.72072, 0.68750
0.50898, 0.53927, 0.79101, 0.77477, 0.68750
0.48593, 0.55255, 0.77416, 0.72072, 0.68750
0.48730, 0.59561, 0.75393, 0.72973, 0.68750
0.49959, 0.49411, 0.78989, 0.79279, 0.69643
0.48078, 0.51881, 0.78427, 0.78378, 0.66964
0.47903, 0.56278, 0.78764, 0.72973, 0.72321
0.49917, 0.55853, 0.79775, 0.76577, 0.71429
0.48223, 0.59084, 0.78539, 0.75676, 0.73214
0.47794, 0.64348, 0.80225, 0.76577, 0.71429
0.48296, 0.53150, 0.79663, 0.74775, 0.72321
0.46336, 0.54288, 0.80562, 0.74775, 0.68750
0.46233, 0.57729, 0.80112, 0.76577, 0.70536
0.47915, 0.54798, 0.79101, 0.74775, 0.70536
0.46628, 0.59438, 0.77865, 0.72973, 0.66964
0.45744, 0.49439, 0.80674, 0.80180, 0.72321
0.45263, 0.53797, 0.81011, 0.79279, 0.68750
0.46808, 0.62383, 0.78989, 0.72072, 0.72321
----------------------------------------------------------------------------------------------------------------------------
0.65593, 0.65011, 0.62697, 0.65766, 0.64286
0.64032, 0.60834, 0.66404, 0.67568, 0.74107
0.62408, 0.60872, 0.68427, 0.62162, 0.69643
0.61555, 0.61426, 0.68427, 0.63964, 0.72321
0.62007, 0.59420, 0.67528, 0.70270, 0.75000
0.62651, 0.59840, 0.69326, 0.68468, 0.75000
0.62024, 0.59108, 0.66629, 0.68468, 0.72321
0.62229, 0.58508, 0.68090, 0.67568, 0.72321
0.60642, 0.56141, 0.67640, 0.71171, 0.72321
0.60358, 0.55722, 0.67303, 0.72072, 0.71429
0.61080, 0.58569, 0.65056, 0.68468, 0.67857
0.61152, 0.61042, 0.68876, 0.69369, 0.72321
0.60345, 0.59764, 0.67191, 0.70270, 0.73214
0.60247, 0.55287, 0.66180, 0.69369, 0.72321
0.59526, 0.55080, 0.68989, 0.72072, 0.72321
0.58979, 0.54130, 0.69438, 0.73874, 0.71429
0.59668, 0.54423, 0.69663, 0.72973, 0.73214
0.58787, 0.57820, 0.71124, 0.72973, 0.74107
0.59223, 0.55410, 0.70787, 0.72072, 0.71429
0.58121, 0.55282, 0.69888, 0.71171, 0.70536
0.58825, 0.57560, 0.70000, 0.72072, 0.73214
0.58074, 0.55551, 0.69213, 0.71171, 0.77679
0.58631, 0.53597, 0.70449, 0.70270, 0.71429
0.58349, 0.58299, 0.67191, 0.70270, 0.67857
0.58600, 0.54186, 0.70899, 0.73874, 0.70536
0.58331, 0.54167, 0.71573, 0.69369, 0.75000
0.57726, 0.53835, 0.70787, 0.70270, 0.73214
0.57423, 0.54489, 0.72247, 0.69369, 0.75893
0.57447, 0.52792, 0.71011, 0.72072, 0.71429
0.58286, 0.54404, 0.71461, 0.75676, 0.72321
0.57803, 0.52279, 0.70787, 0.71171, 0.70536
0.58101, 0.55667, 0.71461, 0.70270, 0.73214
0.58336, 0.56611, 0.69213, 0.72072, 0.67857
0.57994, 0.61018, 0.67303, 0.65766, 0.67857
0.56798, 0.57552, 0.71573, 0.67568, 0.70536
0.56941, 0.53431, 0.69326, 0.66667, 0.72321
0.58317, 0.53088, 0.68876, 0.68468, 0.73214
0.56947, 0.53171, 0.70899, 0.71171, 0.71429
0.56098, 0.50992, 0.71573, 0.72973, 0.72321
0.55577, 0.52208, 0.72584, 0.72072, 0.70536
0.55932, 0.51466, 0.74270, 0.69369, 0.75893
0.55305, 0.53219, 0.73371, 0.70270, 0.75893
0.55169, 0.52994, 0.71348, 0.72973, 0.71429
0.54895, 0.53784, 0.72247, 0.72072, 0.71429
0.54890, 0.57366, 0.71685, 0.68468, 0.72321
0.55294, 0.52977, 0.71798, 0.72973, 0.69643
0.54452, 0.51714, 0.72809, 0.75676, 0.72321
0.54322, 0.49693, 0.74045, 0.72973, 0.74107
0.55168, 0.55622, 0.72921, 0.68468, 0.73214
0.54512, 0.49845, 0.74157, 0.74775, 0.75000
0.55074, 0.49730, 0.73933, 0.72973, 0.73214
0.53329, 0.52721, 0.74045, 0.71171, 0.73214
0.54655, 0.49687, 0.72472, 0.72072, 0.73214
0.54181, 0.53129, 0.74607, 0.73874, 0.76786
0.53850, 0.57252, 0.72584, 0.71171, 0.75000
0.54222, 0.52516, 0.73708, 0.71171, 0.75893
0.53368, 0.50905, 0.74719, 0.71171, 0.77679
0.53060, 0.50857, 0.74831, 0.74775, 0.76786
0.52723, 0.55888, 0.73596, 0.71171, 0.73214
0.53619, 0.50204, 0.74494, 0.74775, 0.77679
0.53030, 0.55712, 0.73483, 0.67568, 0.74107
0.53345, 0.50849, 0.74607, 0.72072, 0.74107
0.52836, 0.51281, 0.74944, 0.72072, 0.75893
0.57040, 0.52000, 0.71236, 0.70270, 0.73214
0.53221, 0.53984, 0.73708, 0.72072, 0.73214
0.54265, 0.50129, 0.75169, 0.73874, 0.75000
0.52841, 0.51657, 0.74382, 0.72072, 0.77679
0.52998, 0.54219, 0.73820, 0.68468, 0.75893
0.51607, 0.49539, 0.73933, 0.72072, 0.75893
0.51867, 0.49308, 0.73483, 0.72072, 0.76786
0.52868, 0.51775, 0.74494, 0.72973, 0.81250
0.51697, 0.49338, 0.73820, 0.73874, 0.75000
0.52468, 0.51520, 0.71910, 0.70270, 0.74107
0.52450, 0.54403, 0.74382, 0.72072, 0.75000
0.51156, 0.51096, 0.75281, 0.70270, 0.79464
0.51923, 0.52363, 0.74494, 0.72072, 0.78571
0.51623, 0.49699, 0.75393, 0.70270, 0.78571
0.50839, 0.50391, 0.75393, 0.70270, 0.78571
0.50806, 0.49167, 0.74831, 0.71171, 0.79464
0.51377, 0.51785, 0.76292, 0.71171, 0.77679
0.51330, 0.53905, 0.75169, 0.71171, 0.79464
0.50751, 0.51948, 0.76404, 0.71171, 0.79464
0.52055, 0.54660, 0.74831, 0.68468, 0.76786
0.51049, 0.50522, 0.75056, 0.71171, 0.80357
0.50546, 0.50382, 0.75843, 0.73874, 0.79464
0.50266, 0.51509, 0.76404, 0.69369, 0.82143
0.49713, 0.51082, 0.76966, 0.71171, 0.82143
0.50276, 0.49658, 0.76404, 0.73874, 0.81250
0.50768, 0.52228, 0.76180, 0.69369, 0.81250
0.49645, 0.51631, 0.76404, 0.72973, 0.82143
0.49704, 0.51944, 0.75393, 0.72072, 0.77679
0.50393, 0.52655, 0.75843, 0.70270, 0.80357
0.49487, 0.48900, 0.75843, 0.72973, 0.79464
0.49851, 0.50834, 0.77416, 0.70270, 0.80357
0.50098, 0.50109, 0.77640, 0.72973, 0.79464
0.50819, 0.59252, 0.73371, 0.63964, 0.74107
0.52312, 0.55007, 0.73596, 0.68468, 0.73214
0.50967, 0.50563, 0.76517, 0.70270, 0.79464
0.49136, 0.49348, 0.76067, 0.74775, 0.76786
0.48828, 0.50237, 0.76966, 0.73874, 0.77679
0.50559, 0.52506, 0.76854, 0.73874, 0.80357
0.49178, 0.51150, 0.76742, 0.72973, 0.77679
0.49091, 0.50750, 0.78202, 0.76577, 0.78571
0.48528, 0.55325, 0.75056, 0.72072, 0.75000
0.48499, 0.51139, 0.77640, 0.73874, 0.78571
0.48836, 0.54395, 0.76292, 0.71171, 0.77679
0.50641, 0.52605, 0.74831, 0.73874, 0.76786
0.51902, 0.53365, 0.76854, 0.68468, 0.75893
0.49709, 0.51406, 0.78090, 0.71171, 0.75000
0.48675, 0.50948, 0.76966, 0.73874, 0.76786
0.48431, 0.50915, 0.77865, 0.70270, 0.76786
0.47859, 0.51134, 0.78427, 0.72973, 0.77679
0.47919, 0.49552, 0.77528, 0.78378, 0.76786
----------------------------------------------------------------------------------------------------------------------------
0.65725, 0.64914, 0.62360, 0.65766, 0.64286
0.63820, 0.60829, 0.66404, 0.69369, 0.74107
0.62420, 0.60652, 0.67978, 0.63964, 0.70536
0.61556, 0.60957, 0.68539, 0.63964, 0.71429
0.62124, 0.61633, 0.66742, 0.68468, 0.71429
0.62795, 0.59382, 0.68989, 0.71171, 0.74107
0.62251, 0.59199, 0.66517, 0.67568, 0.72321
0.62014, 0.58680, 0.67753, 0.67568, 0.73214
0.60704, 0.56066, 0.68539, 0.68468, 0.71429
0.59960, 0.55514, 0.68090, 0.70270, 0.70536
0.61016, 0.58732, 0.64607, 0.67568, 0.67857
0.61210, 0.61215, 0.68315, 0.69369, 0.72321
0.60461, 0.60241, 0.66067, 0.69369, 0.71429
0.60246, 0.55331, 0.66180, 0.69369, 0.73214
0.59858, 0.55872, 0.69213, 0.71171, 0.73214
0.58977, 0.54616, 0.69101, 0.74775, 0.75000
0.59644, 0.54505, 0.69326, 0.74775, 0.74107
0.58914, 0.57519, 0.70449, 0.74775, 0.72321
0.59361, 0.55686, 0.71011, 0.72072, 0.71429
0.58387, 0.54853, 0.70225, 0.71171, 0.73214
0.58917, 0.57412, 0.70225, 0.71171, 0.71429
0.57937, 0.55668, 0.69326, 0.71171, 0.77679
0.58676, 0.53159, 0.70674, 0.72072, 0.72321
0.58185, 0.57849, 0.67303, 0.70270, 0.67857
0.58410, 0.53876, 0.71236, 0.71171, 0.68750
0.58271, 0.54071, 0.71798, 0.70270, 0.75000
0.57959, 0.53407, 0.70787, 0.68468, 0.75000
0.57528, 0.54664, 0.72022, 0.69369, 0.75893
0.57659, 0.52504, 0.70449, 0.74775, 0.71429
0.58651, 0.54949, 0.70674, 0.72072, 0.73214
0.58844, 0.53259, 0.70787, 0.69369, 0.71429
0.58143, 0.56352, 0.70787, 0.69369, 0.71429
0.58982, 0.57208, 0.69101, 0.72072, 0.67857
0.58155, 0.60753, 0.67191, 0.64865, 0.67857
0.56992, 0.56914, 0.70787, 0.68468, 0.72321
0.57233, 0.53574, 0.69663, 0.69369, 0.75000
0.58447, 0.52785, 0.69213, 0.69369, 0.74107
0.57263, 0.52768, 0.71124, 0.72072, 0.73214
0.56126, 0.50670, 0.72247, 0.72973, 0.73214
0.55441, 0.51742, 0.72697, 0.71171, 0.74107
0.55951, 0.51161, 0.73820, 0.71171, 0.75893
0.55683, 0.52928, 0.73483, 0.72072, 0.76786
0.55198, 0.52473, 0.72022, 0.72072, 0.73214
0.54800, 0.52916, 0.72022, 0.72973, 0.72321
0.54923, 0.56653, 0.72472, 0.68468, 0.73214
0.55331, 0.52770, 0.72135, 0.72072, 0.69643
0.54596, 0.50567, 0.73483, 0.74775, 0.74107
0.54500, 0.49778, 0.74382, 0.72072, 0.75893
0.55395, 0.54726, 0.73258, 0.71171, 0.75000
0.54565, 0.49631, 0.74157, 0.72973, 0.74107
0.54769, 0.49670, 0.74382, 0.73874, 0.74107
0.53505, 0.51108, 0.73596, 0.73874, 0.75893
0.54887, 0.49373, 0.72921, 0.71171, 0.74107
0.54099, 0.50722, 0.73933, 0.73874, 0.75893
0.54163, 0.55308, 0.72135, 0.70270, 0.73214
0.54567, 0.52366, 0.74045, 0.72973, 0.75893
0.53407, 0.50418, 0.75056, 0.74775, 0.75893
0.53079, 0.50213, 0.74270, 0.75676, 0.75000
0.52906, 0.54281, 0.73596, 0.72072, 0.72321
0.53782, 0.49895, 0.74719, 0.73874, 0.75893
0.52940, 0.53856, 0.74157, 0.72973, 0.75000
0.53455, 0.50391, 0.72135, 0.72973, 0.72321
0.53593, 0.51427, 0.74607, 0.72973, 0.75000
0.53632, 0.52048, 0.72809, 0.71171, 0.75000
0.52474, 0.55011, 0.73146, 0.71171, 0.73214
0.53947, 0.51245, 0.75506, 0.72072, 0.75000
0.52419, 0.51756, 0.74944, 0.72072, 0.77679
0.52989, 0.53760, 0.74719, 0.72072, 0.76786
0.51585, 0.49253, 0.74382, 0.72973, 0.75000
0.51726, 0.51288, 0.74045, 0.72072, 0.77679
0.53337, 0.52953, 0.75730, 0.70270, 0.80357
0.51963, 0.49630, 0.74607, 0.71171, 0.75000
0.52336, 0.50163, 0.73933, 0.71171, 0.75000
0.52364, 0.54366, 0.75169, 0.72072, 0.76786
0.51321, 0.49675, 0.75169, 0.74775, 0.78571
0.52132, 0.52384, 0.75056, 0.71171, 0.77679
0.51224, 0.49222, 0.75056, 0.72973, 0.78571
0.50784, 0.49300, 0.75393, 0.72973, 0.78571
0.50769, 0.49153, 0.75393, 0.72973, 0.80357
0.50835, 0.50959, 0.75730, 0.73874, 0.78571
0.50901, 0.54601, 0.76067, 0.70270, 0.77679
0.50702, 0.53119, 0.75618, 0.69369, 0.77679
0.52294, 0.54659, 0.74944, 0.72072, 0.75000
0.51054, 0.49075, 0.75843, 0.72973, 0.80357
0.50107, 0.48454, 0.75056, 0.76577, 0.79464
0.50036, 0.50016, 0.76180, 0.73874, 0.80357
0.49678, 0.50140, 0.76067, 0.74775, 0.80357
0.50530, 0.48734, 0.76180, 0.73874, 0.83036
0.50267, 0.51267, 0.76180, 0.72072, 0.81250
0.49151, 0.49021, 0.76966, 0.73874, 0.81250
0.49840, 0.49665, 0.75506, 0.75676, 0.81250
0.49158, 0.51446, 0.76404, 0.72072, 0.81250
0.49523, 0.48127, 0.75955, 0.75676, 0.80357
0.49202, 0.48630, 0.76966, 0.75676, 0.83036
0.50011, 0.48104, 0.76854, 0.75676, 0.83036
0.50492, 0.58947, 0.72921, 0.70270, 0.74107
0.52117, 0.52624, 0.76067, 0.69369, 0.75893
0.51109, 0.48093, 0.76292, 0.76577, 0.79464
0.49854, 0.47695, 0.76629, 0.74775, 0.78571
0.48743, 0.46697, 0.76629, 0.78378, 0.79464
0.50723, 0.50600, 0.76292, 0.74775, 0.78571
0.48795, 0.48046, 0.77079, 0.75676, 0.81250
0.48530, 0.49658, 0.77528, 0.76577, 0.80357
0.48641, 0.56087, 0.76067, 0.71171, 0.74107
0.48127, 0.50180, 0.76180, 0.75676, 0.79464
0.49662, 0.55347, 0.76067, 0.75676, 0.71429
0.50552, 0.49367, 0.73820, 0.77477, 0.77679
0.50830, 0.53461, 0.76180, 0.72973, 0.78571
0.49385, 0.49379, 0.77079, 0.77477, 0.82143
0.48096, 0.48938, 0.77640, 0.74775, 0.79464
0.47103, 0.49833, 0.77191, 0.75676, 0.80357
0.47656, 0.50125, 0.78090, 0.75676, 0.79464
0.47476, 0.47146, 0.77191, 0.75676, 0.81250
0.47389, 0.48190, 0.76854, 0.74775, 0.80357
0.48385, 0.62559, 0.76180, 0.73874, 0.70536
0.48233, 0.47011, 0.78202, 0.77477, 0.78571
0.47006, 0.48620, 0.78090, 0.76577, 0.75893
0.47362, 0.45916, 0.77640, 0.77477, 0.77679
0.47037, 0.46117, 0.78315, 0.78378, 0.80357
0.46162, 0.45559, 0.78315, 0.79279, 0.76786
0.47441, 0.55354, 0.75730, 0.72072, 0.67857
0.51002, 0.50520, 0.77303, 0.76577, 0.74107
0.47135, 0.47571, 0.78764, 0.78378, 0.77679
0.45321, 0.45521, 0.77528, 0.77477, 0.82143
0.46540, 0.47834, 0.77865, 0.78378, 0.77679
0.46118, 0.46000, 0.79551, 0.76577, 0.78571
0.46267, 0.48145, 0.79101, 0.76577, 0.72321
0.46082, 0.47206, 0.79438, 0.75676, 0.78571
0.44859, 0.46257, 0.79213, 0.76577, 0.74107
0.45088, 0.49764, 0.78764, 0.76577, 0.72321
0.45889, 0.47953, 0.79551, 0.75676, 0.76786
0.44864, 0.50536, 0.81124, 0.75676, 0.75000
0.44891, 0.49725, 0.78764, 0.74775, 0.75000
0.46569, 0.46554, 0.79888, 0.78378, 0.78571
0.43872, 0.48454, 0.80000, 0.76577, 0.74107
0.44371, 0.44329, 0.80000, 0.80180, 0.79464
0.44682, 0.47614, 0.81124, 0.77477, 0.73214
0.43208, 0.47068, 0.80112, 0.76577, 0.78571
0.44231, 0.46949, 0.80899, 0.74775, 0.74107
0.44150, 0.47199, 0.80337, 0.76577, 0.80357
0.43116, 0.45664, 0.80337, 0.74775, 0.78571
0.43299, 0.45763, 0.81011, 0.76577, 0.72321
0.43947, 0.47412, 0.81573, 0.76577, 0.75893
0.43283, 0.47787, 0.79888, 0.77477, 0.75893
0.41676, 0.44821, 0.81236, 0.78378, 0.77679
0.42117, 0.45768, 0.82584, 0.78378, 0.74107
0.41610, 0.48170, 0.81798, 0.76577, 0.74107
0.43552, 0.44651, 0.81124, 0.80180, 0.78571
0.41625, 0.43937, 0.80000, 0.81982, 0.77679
0.42879, 0.45137, 0.80000, 0.82883, 0.77679
0.42575, 0.48545, 0.82584, 0.72072, 0.75893
0.41479, 0.46498, 0.81348, 0.80180, 0.76786
0.42133, 0.45334, 0.80787, 0.80180, 0.80357
0.40993, 0.45211, 0.81124, 0.79279, 0.78571
0.42841, 0.48264, 0.82584, 0.77477, 0.74107
0.40602, 0.46162, 0.81124, 0.81081, 0.76786
0.42349, 0.47973, 0.82247, 0.76577, 0.76786
0.40498, 0.47862, 0.81910, 0.76577, 0.74107
0.41357, 0.50277, 0.82247, 0.75676, 0.70536
0.42518, 0.49036, 0.80449, 0.74775, 0.72321
0.45207, 0.48603, 0.80337, 0.75676, 0.75893
0.40861, 0.48919, 0.80787, 0.75676, 0.73214
0.42629, 0.47051, 0.82135, 0.78378, 0.75000
0.42297, 0.50141, 0.79663, 0.77477, 0.77679
0.40822, 0.48981, 0.83483, 0.75676, 0.73214
0.39453, 0.47606, 0.82022, 0.73874, 0.73214
0.40487, 0.43873, 0.81573, 0.80180, 0.78571
0.39798, 0.45424, 0.82697, 0.76577, 0.78571
0.39053, 0.45713, 0.82135, 0.79279, 0.77679
0.39150, 0.46534, 0.83146, 0.75676, 0.72321
0.41142, 0.49918, 0.82921, 0.74775, 0.76786
0.39114, 0.50295, 0.81236, 0.76577, 0.75000
0.39193, 0.50222, 0.83596, 0.74775, 0.77679
0.40472, 0.48686, 0.82809, 0.78378, 0.75893
0.38971, 0.50926, 0.83146, 0.77477, 0.75893
0.39943, 0.47536, 0.84270, 0.78378, 0.75893
0.39350, 0.48875, 0.83258, 0.78378, 0.75000
0.40106, 0.48630, 0.83483, 0.77477, 0.75893
0.37792, 0.49830, 0.83820, 0.72973, 0.73214
0.38493, 0.51396, 0.83933, 0.75676, 0.72321
0.39012, 0.51380, 0.82921, 0.75676, 0.74107
0.37002, 0.49287, 0.84944, 0.72072, 0.68750
0.36812, 0.52695, 0.84382, 0.72072, 0.74107
0.37391, 0.53988, 0.82697, 0.72973, 0.72321
0.36968, 0.52206, 0.85056, 0.74775, 0.74107
0.37678, 0.52096, 0.85281, 0.72973, 0.75893
0.36321, 0.49095, 0.84831, 0.75676, 0.72321
----------------------------------------------------------------------------------------------------------------------------
0.70123, 0.65975, 0.68090, 0.67568, 0.65179
0.62536, 0.64414, 0.69551, 0.65766, 0.60714
0.60940, 0.63202, 0.70225, 0.65766, 0.61607
0.59143, 0.62136, 0.70787, 0.65766, 0.61607
0.57459, 0.58332, 0.72360, 0.72072, 0.67857
0.57008, 0.59474, 0.71124, 0.70270, 0.66071
0.56545, 0.57231, 0.71461, 0.72973, 0.67857
0.56678, 0.57458, 0.71685, 0.72072, 0.65179
0.56729, 0.62336, 0.72360, 0.65766, 0.64286
0.55794, 0.55563, 0.73933, 0.71171, 0.65179
0.55390, 0.55826, 0.74831, 0.72072, 0.66071
0.54903, 0.56988, 0.73708, 0.71171, 0.65179
0.54486, 0.57741, 0.74607, 0.74775, 0.67857
0.52968, 0.54908, 0.76067, 0.70270, 0.67857
0.52734, 0.55573, 0.75169, 0.76577, 0.66964
0.52755, 0.57819, 0.74944, 0.72072, 0.66964
0.52281, 0.55148, 0.75955, 0.72072, 0.65179
0.52809, 0.60251, 0.74719, 0.72973, 0.66071
0.52127, 0.57610, 0.76742, 0.71171, 0.67857
0.50773, 0.56680, 0.77528, 0.72973, 0.66964
0.51045, 0.61508, 0.76292, 0.70270, 0.67857
0.52411, 0.58315, 0.76629, 0.70270, 0.65179
0.50859, 0.62595, 0.75393, 0.66667, 0.69643
0.52008, 0.65451, 0.74270, 0.68468, 0.70536
0.53377, 0.60155, 0.74270, 0.72973, 0.66964
0.51584, 0.56605, 0.76742, 0.72072, 0.68750
0.50424, 0.56438, 0.78202, 0.72072, 0.67857
0.50895, 0.59880, 0.77753, 0.72072, 0.66964
0.49598, 0.56096, 0.72022, 0.70270, 0.64286
0.52519, 0.58150, 0.76404, 0.68468, 0.64286
0.50347, 0.58337, 0.78090, 0.71171, 0.65179
0.49722, 0.59435, 0.77978, 0.67568, 0.69643
0.49493, 0.55031, 0.78315, 0.77477, 0.64286
0.50290, 0.58139, 0.79326, 0.69369, 0.69643
----------------------------------------------------------------------------------------------------------------------------
0.66935, 0.62322, 0.60337, 0.61261, 0.59821
0.65306, 0.62024, 0.65730, 0.65766, 0.60714
0.64137, 0.59718, 0.64607, 0.65766, 0.58929
0.64822, 0.61621, 0.66629, 0.70270, 0.58929
0.63505, 0.58380, 0.63146, 0.65766, 0.59821
0.61455, 0.59136, 0.67079, 0.70270, 0.58929
0.62526, 0.56697, 0.67640, 0.68468, 0.64286
0.61210, 0.58436, 0.67416, 0.69369, 0.60714
0.61714, 0.56493, 0.67079, 0.72072, 0.57143
0.62930, 0.60564, 0.68427, 0.71171, 0.63393
0.61432, 0.56491, 0.67865, 0.67568, 0.66964
0.59010, 0.56209, 0.69438, 0.70270, 0.64286
0.59477, 0.58178, 0.66966, 0.68468, 0.66071
0.60400, 0.57733, 0.68090, 0.72072, 0.66071
0.59612, 0.58648, 0.68315, 0.68468, 0.63393
0.58215, 0.56010, 0.68652, 0.69369, 0.66071
0.58096, 0.53557, 0.69888, 0.72973, 0.65179
0.58987, 0.55689, 0.70449, 0.72973, 0.64286
0.58057, 0.57028, 0.70000, 0.71171, 0.68750
0.58367, 0.54734, 0.70337, 0.72072, 0.67857
0.59338, 0.56223, 0.69888, 0.67568, 0.67857
0.57477, 0.55671, 0.69888, 0.74775, 0.62500
0.57330, 0.58765, 0.67865, 0.72973, 0.67857
0.58294, 0.54258, 0.72584, 0.75676, 0.66071
0.56315, 0.51446, 0.71011, 0.75676, 0.62500
0.56379, 0.55214, 0.70562, 0.75676, 0.62500
0.56590, 0.53749, 0.72135, 0.75676, 0.67857
0.55282, 0.50463, 0.72584, 0.78378, 0.66964
0.55539, 0.53354, 0.71124, 0.73874, 0.70536
0.56011, 0.52480, 0.70674, 0.74775, 0.67857
0.55603, 0.52695, 0.69888, 0.73874, 0.65179
0.56182, 0.52289, 0.72360, 0.74775, 0.66071
0.55795, 0.50400, 0.72584, 0.76577, 0.69643
0.55439, 0.53864, 0.69775, 0.71171, 0.68750
0.55072, 0.50862, 0.73146, 0.75676, 0.65179
0.54780, 0.51144, 0.73708, 0.77477, 0.66071
0.54732, 0.50121, 0.73708, 0.76577, 0.67857
0.55120, 0.50520, 0.74045, 0.77477, 0.68750
0.54956, 0.51664, 0.74719, 0.76577, 0.67857
0.56032, 0.49758, 0.74045, 0.77477, 0.65179
0.55010, 0.49443, 0.73258, 0.78378, 0.66964
0.54217, 0.53268, 0.73258, 0.75676, 0.69643
0.54474, 0.49389, 0.74607, 0.78378, 0.68750
0.54070, 0.50032, 0.74831, 0.76577, 0.67857
0.53345, 0.50042, 0.74719, 0.76577, 0.65179
0.53330, 0.50321, 0.74719, 0.78378, 0.71429
0.53340, 0.49645, 0.74494, 0.78378, 0.69643
0.54498, 0.52245, 0.74157, 0.78378, 0.70536
0.53874, 0.52540, 0.72360, 0.77477, 0.71429
0.54608, 0.47146, 0.75281, 0.77477, 0.70536
0.52606, 0.51011, 0.75618, 0.76577, 0.72321
0.52433, 0.49802, 0.74382, 0.76577, 0.66071
0.52250, 0.50597, 0.72809, 0.76577, 0.70536
0.52059, 0.48668, 0.75393, 0.77477, 0.69643
0.51687, 0.49670, 0.76067, 0.76577, 0.68750
0.52420, 0.50045, 0.75393, 0.80180, 0.71429
0.51852, 0.51602, 0.71124, 0.74775, 0.70536
0.53413, 0.51122, 0.73034, 0.76577, 0.67857
0.52527, 0.50712, 0.75955, 0.77477, 0.68750
0.53724, 0.48748, 0.75618, 0.76577, 0.68750
0.52121, 0.49547, 0.75281, 0.77477, 0.64286
0.51362, 0.51798, 0.74270, 0.75676, 0.71429
0.52327, 0.52551, 0.72921, 0.72973, 0.68750
0.52223, 0.49234, 0.77079, 0.77477, 0.66964
0.51467, 0.54189, 0.72697, 0.75676, 0.70536
0.52555, 0.49711, 0.76742, 0.76577, 0.67857
0.51564, 0.49503, 0.73933, 0.75676, 0.68750
0.50952, 0.51267, 0.76629, 0.75676, 0.66964
0.51215, 0.49092, 0.77640, 0.75676, 0.66964
0.50200, 0.49745, 0.76629, 0.76577, 0.66964
----------------------------------------------------------------------------------------------------------------------------
0.66478, 0.58428, 0.61685, 0.67568, 0.58929
0.61631, 0.56286, 0.67640, 0.69369, 0.69643
0.61022, 0.58086, 0.70787, 0.72973, 0.71429
0.59301, 0.55389, 0.72360, 0.74775, 0.71429
0.58834, 0.55213, 0.72472, 0.73874, 0.70536
0.58311, 0.56596, 0.73820, 0.73874, 0.71429
0.58836, 0.55796, 0.70000, 0.74775, 0.66964
0.56807, 0.56045, 0.74382, 0.70270, 0.70536
0.56022, 0.59169, 0.73708, 0.69369, 0.69643
0.54624, 0.55432, 0.74831, 0.67568, 0.70536
0.54975, 0.53219, 0.71236, 0.76577, 0.68750
0.56019, 0.56949, 0.75169, 0.69369, 0.70536
0.53108, 0.59934, 0.73258, 0.69369, 0.67857
0.54596, 0.54790, 0.75393, 0.71171, 0.68750
0.52700, 0.53520, 0.76292, 0.72973, 0.66964
0.53482, 0.53636, 0.76292, 0.73874, 0.67857
0.57832, 0.54321, 0.69438, 0.76577, 0.66964
0.54710, 0.59675, 0.74607, 0.69369, 0.68750
0.52641, 0.52642, 0.73483, 0.73874, 0.68750
0.53695, 0.56833, 0.76517, 0.71171, 0.67857
0.53856, 0.62621, 0.74831, 0.63964, 0.68750
0.52221, 0.51863, 0.73596, 0.72973, 0.68750
0.52114, 0.57886, 0.77303, 0.71171, 0.69643
0.52301, 0.53031, 0.76292, 0.73874, 0.65179
0.51094, 0.55873, 0.77753, 0.72072, 0.68750
0.51300, 0.53402, 0.77640, 0.75676, 0.65179
0.51975, 0.61231, 0.74944, 0.67568, 0.68750
0.51670, 0.51207, 0.76067, 0.73874, 0.67857
0.50093, 0.54247, 0.78315, 0.74775, 0.66071
0.51483, 0.59085, 0.76742, 0.67568, 0.69643
0.51053, 0.54860, 0.78876, 0.75676, 0.65179
0.51512, 0.52192, 0.76742, 0.74775, 0.67857
0.52781, 0.52019, 0.77303, 0.75676, 0.66071
0.50195, 0.53452, 0.79213, 0.76577, 0.65179
0.49820, 0.53989, 0.78202, 0.75676, 0.67857
0.49852, 0.52291, 0.77753, 0.75676, 0.66964
0.50924, 0.52514, 0.76067, 0.77477, 0.68750
0.50432, 0.55488, 0.78989, 0.72973, 0.66964
0.49369, 0.53274, 0.78989, 0.74775, 0.65179
0.49380, 0.55583, 0.79438, 0.74775, 0.65179
0.49470, 0.52305, 0.76067, 0.73874, 0.67857
0.50524, 0.59773, 0.78202, 0.66667, 0.67857
0.50281, 0.63080, 0.77191, 0.64865, 0.67857
0.49618, 0.54148, 0.79888, 0.73874, 0.66071
0.48481, 0.54118, 0.79101, 0.75676, 0.64286
0.48211, 0.52038, 0.76742, 0.73874, 0.66071
0.49867, 0.53989, 0.78652, 0.77477, 0.63393
0.48538, 0.52177, 0.72809, 0.78378, 0.66964
----------------------------------------------------------------------------------------------------------------------------
0.67816, 0.73031, 0.61011, 0.58559, 0.61607
0.63938, 0.62605, 0.67079, 0.67568, 0.63393
0.61627, 0.61777, 0.69663, 0.69369, 0.72321
0.61224, 0.63283, 0.66742, 0.61261, 0.60714
0.60904, 0.59797, 0.70225, 0.72973, 0.69643
0.58962, 0.66646, 0.68764, 0.60360, 0.68750
0.60419, 0.63975, 0.69663, 0.67568, 0.73214
0.60521, 0.64543, 0.68315, 0.66667, 0.66964
0.59251, 0.64209, 0.68090, 0.68468, 0.66964
0.59318, 0.60271, 0.70449, 0.72072, 0.71429
0.59740, 0.71919, 0.68989, 0.64865, 0.66071
0.60874, 0.64778, 0.66854, 0.66667, 0.66071
0.60286, 0.64484, 0.71011, 0.69369, 0.70536
0.58115, 0.61493, 0.69326, 0.67568, 0.67857
0.58324, 0.63882, 0.70000, 0.71171, 0.68750
0.58230, 0.63698, 0.70000, 0.72072, 0.69643
0.57379, 0.72960, 0.69663, 0.63063, 0.65179
0.58814, 0.68857, 0.68427, 0.67568, 0.67857
0.58453, 0.67709, 0.69888, 0.63964, 0.66071
0.57575, 0.65569, 0.69101, 0.64865, 0.69643
0.57905, 0.66826, 0.71348, 0.64865, 0.68750
0.56417, 0.67207, 0.71685, 0.71171, 0.65179
0.56367, 0.65379, 0.71798, 0.66667, 0.69643
0.55568, 0.66103, 0.73820, 0.71171, 0.65179
0.56726, 0.65272, 0.71348, 0.67568, 0.71429
----------------------------------------------------------------------------------------------------------------------------
0.70123, 0.65975, 0.68090, 0.67568, 0.65179
0.62536, 0.64414, 0.69551, 0.65766, 0.60714
0.60939, 0.63198, 0.70225, 0.65766, 0.61607
0.59149, 0.62048, 0.70337, 0.65766, 0.61607
0.57496, 0.58259, 0.72247, 0.71171, 0.67857
0.56961, 0.59502, 0.70899, 0.68468, 0.66964
0.56467, 0.57538, 0.71685, 0.72973, 0.67857
0.56636, 0.57251, 0.71573, 0.71171, 0.64286
0.56807, 0.62318, 0.72360, 0.65766, 0.63393
0.55783, 0.55450, 0.73820, 0.71171, 0.66071
0.55263, 0.55909, 0.74719, 0.72072, 0.66071
0.54863, 0.57336, 0.73483, 0.70270, 0.64286
0.54611, 0.57809, 0.74607, 0.74775, 0.66964
0.53032, 0.54451, 0.76292, 0.72973, 0.68750
0.52722, 0.55742, 0.74382, 0.76577, 0.66964
0.52611, 0.57948, 0.74831, 0.72072, 0.67857
0.52521, 0.55212, 0.76854, 0.72973, 0.65179
0.52515, 0.61080, 0.75056, 0.72072, 0.68750
0.52312, 0.56901, 0.76854, 0.71171, 0.66964
0.50819, 0.57129, 0.76854, 0.72973, 0.66964
0.51006, 0.60822, 0.76742, 0.69369, 0.67857
0.51901, 0.59261, 0.76517, 0.70270, 0.66071
0.50730, 0.63736, 0.75393, 0.65766, 0.68750
0.52163, 0.66766, 0.73933, 0.68468, 0.69643
0.53908, 0.59891, 0.74382, 0.72973, 0.67857
0.51364, 0.56770, 0.76854, 0.73874, 0.67857
0.50382, 0.56674, 0.78090, 0.73874, 0.67857
0.50213, 0.59616, 0.77303, 0.70270, 0.70536
0.49413, 0.55910, 0.70000, 0.71171, 0.60714
0.52532, 0.56125, 0.76966, 0.70270, 0.65179
0.50133, 0.57843, 0.78427, 0.71171, 0.65179
0.49628, 0.60103, 0.77416, 0.68468, 0.68750
0.49745, 0.54955, 0.78652, 0.76577, 0.64286
0.50165, 0.56873, 0.79775, 0.72973, 0.65179
----------------------------------------------------------------------------------------------------------------------------
0.66194, 0.66078, 0.61124, 0.56757, 0.59821
0.63792, 0.65200, 0.64045, 0.60360, 0.65179
0.61660, 0.62795, 0.66742, 0.63964, 0.69643
0.60524, 0.63547, 0.66629, 0.63063, 0.68750
0.60026, 0.60399, 0.68315, 0.61261, 0.67857
0.58914, 0.60401, 0.68764, 0.63063, 0.67857
0.58295, 0.61198, 0.70000, 0.63964, 0.74107
0.58631, 0.60265, 0.69551, 0.64865, 0.74107
0.57491, 0.58930, 0.70787, 0.65766, 0.66964
0.57494, 0.57577, 0.71573, 0.68468, 0.71429
0.57053, 0.59190, 0.69213, 0.66667, 0.66964
0.57711, 0.60768, 0.71236, 0.66667, 0.66964
0.57961, 0.59443, 0.71573, 0.68468, 0.71429
0.56022, 0.61074, 0.70112, 0.66667, 0.74107
0.57598, 0.58155, 0.70562, 0.70270, 0.73214
0.55594, 0.61242, 0.71798, 0.67568, 0.68750
0.56263, 0.63268, 0.71011, 0.68468, 0.66071
0.56037, 0.57230, 0.72247, 0.69369, 0.71429
0.54355, 0.57540, 0.73483, 0.68468, 0.71429
0.54467, 0.59752, 0.71910, 0.72072, 0.73214
0.54430, 0.57433, 0.71685, 0.70270, 0.70536
0.53407, 0.56721, 0.74270, 0.70270, 0.72321
0.54463, 0.56967, 0.74944, 0.72072, 0.72321
0.53149, 0.57376, 0.75843, 0.70270, 0.73214
0.52542, 0.59913, 0.74831, 0.68468, 0.71429
0.52809, 0.57495, 0.75281, 0.72072, 0.73214
0.52886, 0.56497, 0.76404, 0.72072, 0.73214
0.52284, 0.58493, 0.75506, 0.71171, 0.72321
0.51899, 0.56209, 0.74719, 0.71171, 0.73214
0.52146, 0.56827, 0.74270, 0.77477, 0.74107
0.52200, 0.57568, 0.74831, 0.74775, 0.74107
0.52627, 0.56081, 0.75730, 0.72072, 0.75000
0.52285, 0.56260, 0.75618, 0.71171, 0.73214
0.50346, 0.56901, 0.75843, 0.75676, 0.72321
0.54035, 0.57613, 0.71124, 0.72072, 0.75893
0.51200, 0.55392, 0.76966, 0.75676, 0.75000
0.50217, 0.55496, 0.76404, 0.72072, 0.75000
0.49720, 0.54746, 0.77303, 0.76577, 0.74107
0.50361, 0.55973, 0.75169, 0.71171, 0.73214
0.49297, 0.55318, 0.76854, 0.75676, 0.74107
0.49649, 0.55702, 0.76517, 0.71171, 0.74107
0.50258, 0.55989, 0.75056, 0.72072, 0.73214
0.50367, 0.58246, 0.75618, 0.70270, 0.71429
0.49335, 0.54485, 0.77079, 0.77477, 0.70536
0.48715, 0.56476, 0.77978, 0.75676, 0.73214
0.48104, 0.55992, 0.78427, 0.73874, 0.74107
0.49358, 0.55700, 0.77865, 0.74775, 0.75000
0.47937, 0.55839, 0.78202, 0.76577, 0.74107
0.48966, 0.52964, 0.77978, 0.76577, 0.75000
0.48827, 0.55212, 0.78315, 0.77477, 0.74107
0.47435, 0.56649, 0.78539, 0.72973, 0.75000
0.46942, 0.53776, 0.79438, 0.76577, 0.74107
0.47736, 0.61468, 0.76404, 0.72072, 0.75893
0.48386, 0.56810, 0.76742, 0.72973, 0.74107
0.48518, 0.54139, 0.79438, 0.76577, 0.73214
0.49357, 0.56175, 0.77528, 0.74775, 0.71429
0.46856, 0.54336, 0.80674, 0.75676, 0.72321
0.46906, 0.56014, 0.77865, 0.74775, 0.73214
0.45651, 0.53263, 0.80225, 0.77477, 0.72321
0.45855, 0.57197, 0.80449, 0.72072, 0.73214
0.45131, 0.58379, 0.80787, 0.75676, 0.73214
0.47067, 0.55349, 0.81011, 0.76577, 0.73214
0.45986, 0.55866, 0.80112, 0.74775, 0.74107
0.44630, 0.53860, 0.80787, 0.76577, 0.74107
0.44609, 0.56566, 0.81124, 0.76577, 0.75000
0.44339, 0.60017, 0.79663, 0.72973, 0.75000
0.47234, 0.59785, 0.80225, 0.73874, 0.73214
0.45250, 0.58546, 0.79663, 0.72973, 0.74107
0.44700, 0.57132, 0.80899, 0.77477, 0.71429
============================================================================================================================
Namespace(pooling='lspool', batch_size=32, lr=0.0001, epochs=200, pool_ratio=0.5, dataset='Mutagenicity', edges=False, runs=10, logging='logs/27_03_24/lspool3conv_1attn_notanh', config='config/config.json', patience=20, seeds='config/seeds'); _CudaDeviceProperties(name='NVIDIA GeForce RTX 4060 Ti', major=8, minor=9, total_memory=16379MB, multi_processor_count=34); {'hidden_features': 128, 'nonlinearity': 'elu', 'p_dropout': 0.0, 'conv_layer': 'GraphConv', 'pre_gnn': [64, 128], 'post_gnn': [128, 64], 'pre_pool_convs': 2, 'post_pool_convs': 1} 
----------------------------------------------------------------------------------------------------------------------------
0.68535, 0.67781, 0.55693, 0.55991, 0.52074
0.66813, 0.63386, 0.64111, 0.66359, 0.62212
0.62443, 0.64207, 0.65725, 0.61982, 0.68203
0.59652, 0.60116, 0.69328, 0.65207, 0.70507
0.57826, 0.61918, 0.70222, 0.64055, 0.72350
0.56215, 0.57800, 0.72211, 0.67051, 0.72581
0.54908, 0.56114, 0.73969, 0.68203, 0.74654
0.53291, 0.54323, 0.74287, 0.70276, 0.74424
0.52747, 0.54269, 0.74604, 0.70046, 0.73041
0.52732, 0.57590, 0.71779, 0.69585, 0.72350
0.53220, 0.54858, 0.74632, 0.70968, 0.72811
0.50955, 0.54129, 0.74719, 0.70276, 0.73272
0.51921, 0.52772, 0.75901, 0.71429, 0.74885
0.50730, 0.51361, 0.75613, 0.72350, 0.74424
0.50508, 0.51860, 0.76593, 0.71889, 0.73963
0.51594, 0.54767, 0.74258, 0.70968, 0.73272
0.50157, 0.53201, 0.75757, 0.71889, 0.75346
0.49619, 0.51574, 0.76622, 0.73733, 0.75115
0.49120, 0.51010, 0.77140, 0.73502, 0.75806
0.49320, 0.56934, 0.73825, 0.71429, 0.72581
0.49529, 0.52124, 0.76247, 0.73272, 0.74424
0.48606, 0.52256, 0.76535, 0.73733, 0.74424
0.49000, 0.51060, 0.76996, 0.75576, 0.75806
0.48416, 0.49502, 0.78034, 0.75115, 0.76037
0.48326, 0.51350, 0.76881, 0.74424, 0.74424
0.48267, 0.53352, 0.74661, 0.73502, 0.74424
0.48105, 0.49724, 0.78553, 0.76037, 0.75346
0.47551, 0.49540, 0.77227, 0.77419, 0.76037
0.47087, 0.48583, 0.78582, 0.77650, 0.76267
0.47340, 0.50409, 0.77717, 0.76267, 0.76959
0.46670, 0.48130, 0.79129, 0.76728, 0.76037
0.47196, 0.50290, 0.78380, 0.75806, 0.76498
0.47281, 0.48822, 0.78668, 0.77419, 0.76728
0.46610, 0.51612, 0.77602, 0.74885, 0.73733
0.46056, 0.48906, 0.79360, 0.78341, 0.78111
0.46088, 0.50768, 0.78841, 0.75115, 0.73502
0.45339, 0.48832, 0.79129, 0.77650, 0.77419
0.45589, 0.47341, 0.79129, 0.79263, 0.75576
0.46319, 0.51288, 0.78524, 0.75115, 0.75346
0.45992, 0.48941, 0.79302, 0.76267, 0.77419
0.45735, 0.48377, 0.79101, 0.77880, 0.77419
0.44805, 0.48225, 0.80225, 0.78111, 0.78571
0.45499, 0.48610, 0.79245, 0.76728, 0.76037
0.45296, 0.49912, 0.80052, 0.75806, 0.73963
0.44421, 0.51972, 0.78668, 0.74194, 0.73963
0.44439, 0.48719, 0.80254, 0.78111, 0.75115
0.44850, 0.49049, 0.80167, 0.76267, 0.76728
0.45270, 0.47784, 0.80513, 0.79032, 0.77419
0.44467, 0.49475, 0.80398, 0.75115, 0.78111
0.44789, 0.47327, 0.81320, 0.78802, 0.76728
0.43758, 0.48445, 0.80657, 0.76498, 0.75576
0.43249, 0.49601, 0.79475, 0.75576, 0.78341
0.43573, 0.47453, 0.81118, 0.77880, 0.75576
0.44086, 0.48873, 0.80830, 0.76498, 0.74885
0.43447, 0.49820, 0.80686, 0.76959, 0.74654
0.43958, 0.48671, 0.81147, 0.77650, 0.75806
0.42712, 0.48309, 0.81436, 0.79263, 0.76037
0.43395, 0.53962, 0.78236, 0.72350, 0.72350
0.42512, 0.47961, 0.81926, 0.78341, 0.75346
0.41553, 0.47318, 0.82387, 0.78111, 0.77650
0.42101, 0.48164, 0.81032, 0.77880, 0.77419
0.41905, 0.48436, 0.81464, 0.76728, 0.77650
0.42029, 0.50911, 0.80542, 0.75346, 0.74654
0.42388, 0.48577, 0.81118, 0.78802, 0.76267
0.41717, 0.47817, 0.81147, 0.77650, 0.76267
0.41809, 0.46964, 0.82387, 0.77650, 0.75806
0.41381, 0.47205, 0.82185, 0.78802, 0.76728
0.41742, 0.46908, 0.82099, 0.80415, 0.76959
0.41442, 0.48020, 0.82070, 0.79032, 0.76959
0.41148, 0.47464, 0.82502, 0.78802, 0.77419
0.40855, 0.46852, 0.81926, 0.79263, 0.77880
0.41155, 0.49666, 0.81580, 0.76959, 0.75576
0.41939, 0.47719, 0.82589, 0.76728, 0.77650
0.41503, 0.51101, 0.81234, 0.73963, 0.75346
0.41036, 0.46514, 0.83626, 0.79954, 0.77650
0.40457, 0.52222, 0.81003, 0.76498, 0.77419
0.40632, 0.47789, 0.82502, 0.78802, 0.77880
0.40237, 0.46384, 0.83165, 0.78571, 0.78571
0.40940, 0.49704, 0.81349, 0.77880, 0.76728
0.40972, 0.48984, 0.82185, 0.78341, 0.78571
0.40633, 0.46408, 0.83511, 0.79263, 0.79493
0.40480, 0.50659, 0.81291, 0.74194, 0.76498
0.40561, 0.50495, 0.80917, 0.75806, 0.77650
0.40465, 0.50037, 0.82214, 0.77189, 0.77650
0.39834, 0.45359, 0.83511, 0.78802, 0.77880
0.38966, 0.45659, 0.83771, 0.80415, 0.77650
0.39863, 0.46055, 0.83598, 0.80876, 0.76959
0.39046, 0.51955, 0.81032, 0.75346, 0.76037
0.40327, 0.48323, 0.83857, 0.77880, 0.77189
0.39120, 0.46906, 0.84174, 0.78802, 0.77880
0.40484, 0.46029, 0.84261, 0.78341, 0.79032
0.38832, 0.47176, 0.83713, 0.78111, 0.76959
0.39540, 0.46626, 0.83223, 0.80415, 0.78802
0.38811, 0.48077, 0.82790, 0.79263, 0.78341
0.39034, 0.46007, 0.83771, 0.80415, 0.77880
0.39548, 0.46945, 0.83453, 0.79493, 0.79493
0.39010, 0.51243, 0.82848, 0.75806, 0.77650
0.38335, 0.46871, 0.84347, 0.78802, 0.79032
0.38476, 0.46588, 0.83886, 0.80184, 0.77650
0.38087, 0.47644, 0.84722, 0.76267, 0.77189
0.38030, 0.47239, 0.84318, 0.79032, 0.77650
0.38597, 0.46849, 0.84434, 0.78341, 0.76728
0.39256, 0.48076, 0.83079, 0.78111, 0.78802
0.37597, 0.48626, 0.84693, 0.79032, 0.77650
0.37091, 0.47152, 0.84751, 0.79493, 0.79263
----------------------------------------------------------------------------------------------------------------------------
0.67224, 0.60434, 0.67080, 0.66359, 0.66820
0.59451, 0.59244, 0.70337, 0.68664, 0.72120
0.57687, 0.58247, 0.70107, 0.69124, 0.68664
0.56494, 0.56757, 0.71577, 0.72350, 0.70276
0.54874, 0.56881, 0.71116, 0.70968, 0.69124
0.54131, 0.55838, 0.74258, 0.72811, 0.72581
0.53148, 0.54277, 0.74488, 0.73733, 0.72581
0.53391, 0.53741, 0.74315, 0.74194, 0.72811
0.52013, 0.54120, 0.73739, 0.73963, 0.73041
0.51254, 0.53108, 0.74431, 0.73502, 0.73502
0.50759, 0.52336, 0.76189, 0.73963, 0.73963
0.50567, 0.51931, 0.76218, 0.75346, 0.76037
0.50504, 0.52551, 0.75295, 0.74424, 0.76498
0.50336, 0.50828, 0.75814, 0.77189, 0.75115
0.49933, 0.53912, 0.74200, 0.72350, 0.73963
0.48591, 0.55086, 0.75007, 0.73963, 0.73041
0.49650, 0.49819, 0.77486, 0.77880, 0.77419
0.48247, 0.49914, 0.77371, 0.76498, 0.75115
0.49068, 0.50858, 0.76881, 0.75576, 0.76267
0.47828, 0.49824, 0.78178, 0.78111, 0.77189
0.47436, 0.50395, 0.77054, 0.77189, 0.76959
0.46920, 0.48557, 0.78985, 0.78341, 0.77189
0.46824, 0.48933, 0.77775, 0.75576, 0.75806
0.46610, 0.48433, 0.78956, 0.78111, 0.76037
0.46287, 0.48710, 0.78351, 0.76959, 0.76959
0.46609, 0.48392, 0.79389, 0.78111, 0.75576
0.45450, 0.47124, 0.80167, 0.79724, 0.77880
0.45153, 0.47144, 0.79908, 0.78571, 0.78111
0.46254, 0.46878, 0.79792, 0.78571, 0.77419
0.46370, 0.49926, 0.78928, 0.76959, 0.76498
0.44714, 0.48449, 0.79562, 0.76498, 0.76959
0.44434, 0.47752, 0.79879, 0.76728, 0.76959
0.44339, 0.45054, 0.80542, 0.79954, 0.77650
0.44240, 0.47762, 0.80773, 0.78571, 0.78341
0.43466, 0.46067, 0.81609, 0.80184, 0.78111
0.43524, 0.47405, 0.79937, 0.78341, 0.78341
0.43201, 0.47142, 0.80628, 0.78571, 0.76498
0.43581, 0.46350, 0.80715, 0.77419, 0.77419
0.42847, 0.45034, 0.82387, 0.80184, 0.79493
0.42707, 0.45602, 0.81464, 0.77419, 0.78111
0.42850, 0.44965, 0.82070, 0.78802, 0.79954
0.42915, 0.44470, 0.81983, 0.79724, 0.77650
0.41785, 0.45722, 0.81205, 0.79954, 0.77880
0.42005, 0.47706, 0.79821, 0.77189, 0.77419
0.43149, 0.45333, 0.82041, 0.79263, 0.79032
0.42170, 0.48916, 0.79533, 0.76959, 0.75576
0.42763, 0.45138, 0.81983, 0.79724, 0.78571
0.41557, 0.45763, 0.80888, 0.78341, 0.78111
0.41324, 0.45002, 0.81897, 0.79263, 0.79032
0.40305, 0.44498, 0.82589, 0.79954, 0.80184
0.41175, 0.44274, 0.83252, 0.79263, 0.80876
0.40614, 0.45948, 0.82185, 0.77189, 0.79263
0.42196, 0.44925, 0.82445, 0.79954, 0.79493
0.40583, 0.46599, 0.83338, 0.80415, 0.80645
0.42174, 0.45301, 0.83050, 0.80184, 0.80184
0.40202, 0.45324, 0.82617, 0.79954, 0.78802
0.40119, 0.43711, 0.83338, 0.80184, 0.80184
0.41267, 0.45602, 0.82877, 0.78341, 0.77419
0.40121, 0.45091, 0.83367, 0.80184, 0.78341
0.39667, 0.43392, 0.83079, 0.80184, 0.79263
0.39693, 0.44682, 0.82617, 0.79032, 0.79032
0.39601, 0.49718, 0.80398, 0.77650, 0.76959
0.39560, 0.43767, 0.84001, 0.79954, 0.79493
0.39658, 0.42642, 0.84261, 0.81797, 0.80876
0.38714, 0.45409, 0.82243, 0.78571, 0.77650
0.39646, 0.47045, 0.83050, 0.80876, 0.79032
0.40097, 0.42625, 0.84088, 0.81106, 0.80876
0.38249, 0.44107, 0.83540, 0.79954, 0.79724
0.39627, 0.45802, 0.82329, 0.77419, 0.78571
0.39893, 0.42947, 0.84549, 0.82488, 0.80876
0.38371, 0.45238, 0.83425, 0.80184, 0.79032
0.38065, 0.48217, 0.81810, 0.77880, 0.79032
0.38741, 0.43635, 0.83799, 0.80184, 0.80415
0.38347, 0.46342, 0.83223, 0.79724, 0.79954
0.38042, 0.50040, 0.81320, 0.76498, 0.77419
0.38914, 0.42482, 0.84261, 0.81567, 0.79724
0.39243, 0.43593, 0.83972, 0.80876, 0.78111
0.37839, 0.43991, 0.83915, 0.81106, 0.79954
0.38009, 0.45068, 0.83280, 0.80184, 0.79032
0.37521, 0.43642, 0.84693, 0.81797, 0.79493
0.37411, 0.43906, 0.84030, 0.80184, 0.79263
0.37753, 0.44600, 0.84808, 0.81106, 0.78802
0.38202, 0.43368, 0.84145, 0.81797, 0.78571
0.37598, 0.42122, 0.85587, 0.82719, 0.80415
0.36327, 0.45325, 0.83453, 0.79263, 0.78571
0.38022, 0.53271, 0.80484, 0.76037, 0.76037
0.37519, 0.50707, 0.81637, 0.74424, 0.74194
0.37649, 0.44614, 0.83742, 0.81336, 0.79493
0.37734, 0.45953, 0.82646, 0.79032, 0.77650
0.37205, 0.43281, 0.84895, 0.80876, 0.80876
0.36990, 0.43617, 0.85241, 0.81797, 0.80645
0.37048, 0.42719, 0.85068, 0.81567, 0.81797
0.36359, 0.43389, 0.85298, 0.81797, 0.78802
0.37582, 0.43533, 0.84837, 0.80645, 0.79263
0.37060, 0.43499, 0.85327, 0.81106, 0.80645
0.36671, 0.44527, 0.84751, 0.80415, 0.80876
0.36847, 0.44706, 0.85154, 0.79724, 0.79263
0.36394, 0.42884, 0.85327, 0.82488, 0.79493
0.36568, 0.43778, 0.85154, 0.80184, 0.80645
0.38214, 0.51079, 0.79158, 0.75346, 0.72811
0.37232, 0.43849, 0.85615, 0.81336, 0.81797
0.36049, 0.42949, 0.85356, 0.81567, 0.81106
0.35806, 0.41761, 0.85875, 0.82949, 0.80415
0.35140, 0.44846, 0.85068, 0.80645, 0.80415
0.35584, 0.43461, 0.85644, 0.81106, 0.80415
0.36234, 0.42511, 0.86077, 0.81567, 0.79954
0.34777, 0.47655, 0.84751, 0.80415, 0.78802
0.35243, 0.47872, 0.84347, 0.80184, 0.80184
0.35282, 0.44754, 0.85270, 0.80415, 0.79263
0.34938, 0.45894, 0.84001, 0.79493, 0.78571
0.35938, 0.44037, 0.85846, 0.83180, 0.79954
0.35296, 0.43266, 0.86221, 0.82028, 0.80645
0.35977, 0.43843, 0.84520, 0.81106, 0.79954
0.36186, 0.43504, 0.86278, 0.80645, 0.80876
0.34730, 0.45015, 0.83482, 0.81106, 0.79493
0.35234, 0.43501, 0.85673, 0.82258, 0.81336
0.35049, 0.43637, 0.86278, 0.82258, 0.80415
0.34423, 0.54015, 0.82646, 0.76267, 0.77189
0.35450, 0.43016, 0.86884, 0.81567, 0.80876
0.34886, 0.41971, 0.86307, 0.81797, 0.80876
0.34183, 0.42879, 0.86769, 0.82028, 0.81336
0.34727, 0.45889, 0.86336, 0.81106, 0.81106
0.33972, 0.50494, 0.83108, 0.76959, 0.77419
----------------------------------------------------------------------------------------------------------------------------
0.68314, 0.67527, 0.56443, 0.56221, 0.51613
0.66941, 0.65790, 0.62093, 0.59677, 0.61290
0.63912, 0.63735, 0.64284, 0.60829, 0.60369
0.59865, 0.62641, 0.67743, 0.64747, 0.64747
0.58367, 0.62341, 0.69184, 0.64977, 0.66590
0.56733, 0.62546, 0.70597, 0.64286, 0.67051
0.55967, 0.62774, 0.70337, 0.63825, 0.69124
0.55312, 0.64190, 0.69127, 0.62903, 0.63594
0.56507, 0.60391, 0.72240, 0.66359, 0.68203
0.53714, 0.61276, 0.73652, 0.65668, 0.70507
0.52915, 0.60651, 0.73739, 0.66590, 0.67742
0.52552, 0.61963, 0.75151, 0.67051, 0.69816
0.51679, 0.58567, 0.75987, 0.67742, 0.67742
0.51262, 0.60709, 0.73162, 0.68203, 0.70507
0.51323, 0.58411, 0.75324, 0.70737, 0.69816
0.50485, 0.59729, 0.74604, 0.69585, 0.70968
0.50096, 0.58191, 0.77112, 0.70737, 0.70737
0.49360, 0.57694, 0.77544, 0.70507, 0.67742
0.49318, 0.57490, 0.77285, 0.71198, 0.70737
0.48750, 0.57598, 0.78207, 0.70968, 0.68433
0.48549, 0.57137, 0.77832, 0.71889, 0.70737
0.48615, 0.57800, 0.77746, 0.72120, 0.72350
0.48298, 0.58016, 0.77861, 0.72350, 0.69355
0.47726, 0.56180, 0.78351, 0.73733, 0.71429
0.47936, 0.58413, 0.75930, 0.69355, 0.71659
0.47128, 0.58540, 0.76045, 0.70276, 0.70968
0.47727, 0.55930, 0.78553, 0.73502, 0.70737
0.46707, 0.60015, 0.76189, 0.70507, 0.70276
0.46704, 0.57729, 0.78149, 0.72811, 0.70968
0.46627, 0.55549, 0.78553, 0.73963, 0.72120
0.46313, 0.56699, 0.79245, 0.74194, 0.74194
0.46084, 0.56463, 0.78841, 0.73502, 0.70507
0.46011, 0.58102, 0.77832, 0.71659, 0.72581
0.46057, 0.55846, 0.79447, 0.73733, 0.72120
0.45530, 0.55317, 0.80023, 0.75806, 0.72811
0.46099, 0.55566, 0.78985, 0.73733, 0.72350
0.45044, 0.55350, 0.80023, 0.75115, 0.71889
0.44264, 0.54958, 0.79908, 0.74654, 0.73502
0.44161, 0.56700, 0.80138, 0.74654, 0.73502
0.45085, 0.57011, 0.78322, 0.71659, 0.69585
0.46057, 0.56810, 0.79619, 0.73963, 0.72581
0.43928, 0.56473, 0.80110, 0.75576, 0.73733
0.44876, 0.54754, 0.80513, 0.75346, 0.73041
0.45039, 0.60615, 0.77025, 0.71429, 0.71429
0.45211, 0.54476, 0.80427, 0.76267, 0.74424
0.43289, 0.54932, 0.80398, 0.75806, 0.73963
0.42834, 0.55179, 0.81493, 0.74654, 0.73272
0.42213, 0.58721, 0.79533, 0.73963, 0.73733
0.44151, 0.54593, 0.81118, 0.76037, 0.74194
0.42402, 0.54913, 0.81609, 0.76267, 0.74654
0.42281, 0.55161, 0.81637, 0.75576, 0.75346
0.43329, 0.54979, 0.80110, 0.74194, 0.73041
0.42823, 0.53867, 0.81810, 0.75576, 0.75346
0.42131, 0.56378, 0.79994, 0.74654, 0.73041
0.43454, 0.54664, 0.80801, 0.75576, 0.73733
0.42203, 0.54107, 0.82127, 0.75576, 0.75115
0.41426, 0.58207, 0.80167, 0.73733, 0.72581
0.41645, 0.62592, 0.76247, 0.72120, 0.70046
0.42447, 0.55587, 0.81349, 0.73963, 0.75576
0.42428, 0.64114, 0.75901, 0.70968, 0.69355
0.41219, 0.57425, 0.81147, 0.75576, 0.73733
0.40944, 0.53053, 0.82387, 0.77650, 0.74194
0.41098, 0.54841, 0.81810, 0.76728, 0.75115
0.41451, 0.56556, 0.82473, 0.77189, 0.76728
0.41287, 0.53746, 0.83050, 0.76498, 0.76959
0.39887, 0.56694, 0.82445, 0.75576, 0.76267
0.40370, 0.55619, 0.82329, 0.76728, 0.75576
0.41453, 0.59716, 0.80801, 0.74194, 0.72120
0.40457, 0.55091, 0.82963, 0.76037, 0.77419
0.40568, 0.55750, 0.82877, 0.77419, 0.75115
0.40676, 0.55533, 0.81781, 0.75806, 0.73733
0.39464, 0.53058, 0.83223, 0.77189, 0.76959
0.39783, 0.56844, 0.82070, 0.74654, 0.75576
0.39898, 0.55095, 0.83252, 0.76728, 0.77419
0.39880, 0.54710, 0.83684, 0.77189, 0.76498
0.39829, 0.57694, 0.79735, 0.75806, 0.72120
0.40265, 0.58526, 0.80254, 0.76267, 0.72120
0.38931, 0.54019, 0.84232, 0.78571, 0.77880
0.39618, 0.54409, 0.82617, 0.76728, 0.75346
0.40079, 0.54381, 0.82877, 0.77650, 0.76728
0.38958, 0.54431, 0.83771, 0.78111, 0.76498
0.40292, 0.53103, 0.83021, 0.76498, 0.76728
----------------------------------------------------------------------------------------------------------------------------
0.68303, 0.67614, 0.56385, 0.56221, 0.51382
0.66967, 0.65718, 0.61978, 0.59447, 0.60369
0.63951, 0.63665, 0.64312, 0.60829, 0.59677
0.59978, 0.63016, 0.68089, 0.64516, 0.66129
0.58481, 0.62538, 0.69415, 0.64055, 0.66129
0.56592, 0.62336, 0.70626, 0.64286, 0.66590
0.56227, 0.62474, 0.69876, 0.66359, 0.68433
0.55323, 0.65127, 0.69213, 0.62442, 0.63825
0.56350, 0.60472, 0.72413, 0.66820, 0.70046
0.53627, 0.61515, 0.73854, 0.64977, 0.70507
0.52876, 0.60407, 0.74344, 0.66590, 0.67512
0.52519, 0.62103, 0.75151, 0.67051, 0.69816
0.51370, 0.58198, 0.75872, 0.67742, 0.67512
0.51109, 0.60288, 0.73681, 0.67972, 0.71659
0.51234, 0.58602, 0.75324, 0.69585, 0.69355
0.50440, 0.59708, 0.74402, 0.69355, 0.71198
0.49947, 0.58199, 0.76708, 0.71198, 0.70968
0.49297, 0.57323, 0.77198, 0.70737, 0.67972
0.49182, 0.57524, 0.77515, 0.70968, 0.68664
0.48593, 0.57160, 0.78092, 0.71889, 0.68433
0.48293, 0.57159, 0.78149, 0.72120, 0.69816
0.48528, 0.57933, 0.78005, 0.72581, 0.72120
0.48084, 0.57589, 0.78409, 0.71659, 0.69816
0.47501, 0.56147, 0.78149, 0.73963, 0.70968
0.47798, 0.58932, 0.75958, 0.70276, 0.71659
0.46922, 0.57987, 0.76391, 0.72350, 0.71429
0.47569, 0.56076, 0.78668, 0.73963, 0.72811
0.46550, 0.58740, 0.77227, 0.72350, 0.70737
0.46417, 0.58268, 0.78409, 0.73272, 0.70276
0.46481, 0.55795, 0.78812, 0.74424, 0.72350
0.46098, 0.57417, 0.78985, 0.72120, 0.73272
0.45978, 0.57527, 0.78149, 0.72350, 0.70737
0.45898, 0.59133, 0.77630, 0.71429, 0.71429
0.46089, 0.56987, 0.79158, 0.73272, 0.71198
0.45516, 0.56101, 0.79850, 0.74424, 0.73272
0.45770, 0.56584, 0.78582, 0.74424, 0.72120
0.44905, 0.56361, 0.79879, 0.74654, 0.72120
0.44370, 0.56011, 0.79619, 0.75115, 0.75115
0.44318, 0.57450, 0.80052, 0.75346, 0.73502
0.44936, 0.58001, 0.78524, 0.72811, 0.69355
0.45994, 0.58106, 0.79648, 0.75576, 0.72350
0.44012, 0.56902, 0.80167, 0.75806, 0.73963
0.44734, 0.55981, 0.80484, 0.74194, 0.73041
0.44933, 0.60692, 0.77515, 0.70968, 0.71429
0.45377, 0.55871, 0.80571, 0.76267, 0.73963
0.43295, 0.56221, 0.80744, 0.76267, 0.73272
0.42946, 0.56217, 0.81003, 0.75346, 0.73272
0.42500, 0.59680, 0.79447, 0.74424, 0.71889
0.44151, 0.56802, 0.80974, 0.76037, 0.73733
0.42740, 0.56213, 0.81551, 0.76498, 0.75346
----------------------------------------------------------------------------------------------------------------------------
0.66985, 0.61561, 0.66993, 0.64747, 0.64747
0.58691, 0.59998, 0.69098, 0.67512, 0.67281
0.56591, 0.61056, 0.71634, 0.67051, 0.70507
0.55743, 0.57613, 0.73652, 0.70968, 0.71429
0.54407, 0.57279, 0.74200, 0.70968, 0.72350
0.53553, 0.55678, 0.75007, 0.70737, 0.71889
0.53001, 0.55237, 0.76391, 0.73272, 0.74654
0.51827, 0.56768, 0.72067, 0.70276, 0.71889
0.51094, 0.56872, 0.70424, 0.70276, 0.67972
0.50691, 0.57817, 0.75065, 0.70046, 0.72350
0.49725, 0.53581, 0.77400, 0.73272, 0.74885
0.49534, 0.54265, 0.76074, 0.71198, 0.73963
0.49828, 0.58506, 0.75699, 0.69816, 0.71659
0.48323, 0.52721, 0.78639, 0.73272, 0.75806
0.48691, 0.53447, 0.76996, 0.72811, 0.76728
0.47529, 0.53379, 0.77861, 0.72350, 0.75806
0.47034, 0.55749, 0.78005, 0.71889, 0.73733
0.47238, 0.52184, 0.78063, 0.74194, 0.76498
0.46401, 0.51962, 0.79562, 0.75346, 0.76498
0.46800, 0.51616, 0.79879, 0.73502, 0.76959
0.46603, 0.54688, 0.79072, 0.73041, 0.76037
0.46195, 0.51823, 0.77948, 0.72811, 0.75806
0.45152, 0.52361, 0.79302, 0.74194, 0.76267
0.44406, 0.53176, 0.80023, 0.73502, 0.77189
0.45046, 0.51299, 0.79994, 0.74654, 0.76267
0.44375, 0.51759, 0.80427, 0.74424, 0.76037
0.44628, 0.50772, 0.81234, 0.75115, 0.76959
0.43858, 0.51948, 0.81205, 0.73963, 0.76959
0.43856, 0.50984, 0.81637, 0.75115, 0.78111
0.43483, 0.52576, 0.80254, 0.73733, 0.75576
0.43814, 0.51198, 0.81695, 0.74654, 0.77880
0.42990, 0.49979, 0.81407, 0.75806, 0.77189
0.44038, 0.50589, 0.81954, 0.74194, 0.77419
0.42669, 0.51988, 0.81291, 0.74424, 0.77419
0.42724, 0.49725, 0.81839, 0.76267, 0.77650
0.42039, 0.55102, 0.80023, 0.73041, 0.77189
0.43080, 0.52007, 0.81205, 0.75806, 0.75576
0.42302, 0.65645, 0.76391, 0.69124, 0.73272
0.42905, 0.51938, 0.79187, 0.73041, 0.75576
0.42269, 0.51662, 0.78956, 0.73733, 0.76267
0.42713, 0.51626, 0.82041, 0.75346, 0.76959
0.41375, 0.49761, 0.82560, 0.75806, 0.78571
0.41477, 0.49448, 0.82646, 0.76267, 0.79032
0.42217, 0.49538, 0.81839, 0.76728, 0.76959
0.41532, 0.49134, 0.82762, 0.76267, 0.77650
0.41413, 0.49287, 0.81753, 0.74654, 0.76037
0.41335, 0.51631, 0.82704, 0.73502, 0.79263
0.40296, 0.48635, 0.83367, 0.77650, 0.77419
0.40387, 0.50205, 0.83108, 0.75576, 0.77880
0.39937, 0.49056, 0.81753, 0.76267, 0.77189
0.40778, 0.48964, 0.83482, 0.78111, 0.78111
0.39693, 0.49714, 0.83799, 0.76267, 0.77189
0.40815, 0.49313, 0.82070, 0.73733, 0.76267
0.40744, 0.52622, 0.81983, 0.75806, 0.77650
0.40434, 0.49683, 0.83453, 0.76037, 0.78802
0.39800, 0.50205, 0.82790, 0.76037, 0.79032
0.38964, 0.55587, 0.81291, 0.72350, 0.77189
0.39244, 0.49268, 0.82272, 0.76037, 0.75806
0.39593, 0.48507, 0.84116, 0.76267, 0.77419
0.39716, 0.48641, 0.84289, 0.76498, 0.79954
0.40931, 0.48140, 0.83540, 0.75576, 0.76498
0.40039, 0.48504, 0.84088, 0.75806, 0.79954
0.39379, 0.48336, 0.83367, 0.76728, 0.77189
0.38934, 0.51500, 0.83684, 0.76037, 0.79032
0.38691, 0.49243, 0.84491, 0.77419, 0.78111
0.38688, 0.48465, 0.83396, 0.74424, 0.77419
0.38064, 0.49818, 0.83828, 0.78111, 0.78802
0.39547, 0.48791, 0.83050, 0.76728, 0.76267
0.38241, 0.49270, 0.84549, 0.75576, 0.79263
0.38150, 0.51640, 0.84232, 0.75115, 0.78571
0.38052, 0.49716, 0.84059, 0.76498, 0.78341
0.38147, 0.48193, 0.84895, 0.76959, 0.79032
0.38064, 0.48639, 0.83857, 0.76498, 0.76498
0.38125, 0.53025, 0.82560, 0.74654, 0.76728
0.37646, 0.47375, 0.84001, 0.75115, 0.76728
0.38614, 0.48763, 0.84462, 0.78802, 0.78571
0.38205, 0.49119, 0.85125, 0.76037, 0.80184
0.38507, 0.55406, 0.82617, 0.73272, 0.77189
0.37527, 0.47647, 0.85183, 0.76037, 0.79263
0.37179, 0.47333, 0.85039, 0.77419, 0.78111
0.36743, 0.49945, 0.85039, 0.76267, 0.79263
0.37101, 0.47894, 0.85270, 0.77880, 0.79493
0.36816, 0.48468, 0.85125, 0.77419, 0.78341
0.37189, 0.47989, 0.84924, 0.75115, 0.77880
0.38456, 0.49682, 0.85500, 0.76037, 0.79493
0.36542, 0.49730, 0.84722, 0.76267, 0.79724
0.36778, 0.50448, 0.82473, 0.74885, 0.76037
0.36921, 0.52563, 0.84232, 0.75115, 0.79724
0.36414, 0.48596, 0.85414, 0.77189, 0.79724
0.37260, 0.49319, 0.86077, 0.76498, 0.79032
0.36388, 0.49533, 0.84751, 0.75806, 0.79032
0.36344, 0.46833, 0.84347, 0.77189, 0.77189
0.37423, 0.48149, 0.85760, 0.77419, 0.79493
0.36136, 0.48069, 0.85788, 0.77189, 0.78341
0.35598, 0.47112, 0.85760, 0.76728, 0.79493
0.36070, 0.48700, 0.85385, 0.76498, 0.79263
0.35938, 0.52383, 0.84751, 0.74424, 0.79493
0.35311, 0.48298, 0.86077, 0.76498, 0.78802
0.35428, 0.49652, 0.83799, 0.76498, 0.75576
0.36067, 0.49863, 0.83684, 0.76498, 0.76037
0.36566, 0.47672, 0.85933, 0.77419, 0.79263
0.36442, 0.49986, 0.85529, 0.77189, 0.79263
0.36015, 0.47404, 0.86250, 0.76267, 0.79954
0.35941, 0.48945, 0.85875, 0.77419, 0.80645
0.35338, 0.49400, 0.86307, 0.76959, 0.79724
0.35927, 0.47464, 0.86221, 0.77189, 0.78571
0.35914, 0.48556, 0.86134, 0.75576, 0.78571
0.35284, 0.47807, 0.86538, 0.76498, 0.78571
0.35032, 0.46544, 0.86278, 0.77419, 0.79493
0.35424, 0.50648, 0.86624, 0.76037, 0.79954
0.34345, 0.47846, 0.86250, 0.76959, 0.81567
0.35372, 0.53050, 0.85097, 0.76498, 0.79954
0.34615, 0.49148, 0.85587, 0.77650, 0.79724
0.35407, 0.48578, 0.84001, 0.77880, 0.76267
0.34487, 0.47286, 0.86740, 0.77650, 0.80645
0.35912, 0.49793, 0.86624, 0.76498, 0.79724
0.34583, 0.48106, 0.86278, 0.76498, 0.80184
0.35092, 0.48990, 0.86682, 0.76498, 0.79724
0.35673, 0.46126, 0.86913, 0.78802, 0.81106
0.34417, 0.50064, 0.86480, 0.76498, 0.78111
0.33986, 0.50461, 0.86106, 0.75346, 0.81567
0.34693, 0.48182, 0.86423, 0.76267, 0.79263
0.34693, 0.54576, 0.84578, 0.74424, 0.79724
0.34474, 0.46530, 0.86769, 0.76498, 0.80184
0.34501, 0.49675, 0.87086, 0.76728, 0.80645
0.33835, 0.49686, 0.86855, 0.77419, 0.81567
0.34800, 0.47853, 0.86711, 0.77880, 0.80184
0.33467, 0.49090, 0.86394, 0.77650, 0.79032
0.34539, 0.47354, 0.87172, 0.76959, 0.79263
0.34023, 0.48808, 0.86480, 0.78111, 0.78341
0.33772, 0.48365, 0.86941, 0.76498, 0.79263
0.34564, 0.51551, 0.86423, 0.76498, 0.80876
0.34201, 0.47493, 0.87287, 0.76728, 0.79263
0.32717, 0.47676, 0.87259, 0.76959, 0.78571
0.34434, 0.50750, 0.86740, 0.76037, 0.78341
0.33217, 0.50789, 0.86913, 0.76728, 0.79263
0.33293, 0.46945, 0.87604, 0.77650, 0.80645
0.34423, 0.52669, 0.86394, 0.75806, 0.79263
0.34671, 0.48904, 0.85702, 0.75115, 0.76959
----------------------------------------------------------------------------------------------------------------------------
0.68430, 0.68713, 0.55664, 0.52304, 0.60138
0.64472, 0.66399, 0.61891, 0.60599, 0.62903
0.61734, 0.61721, 0.64889, 0.64286, 0.64747
0.62004, 0.61368, 0.65264, 0.65438, 0.61521
0.62356, 0.66632, 0.58807, 0.56912, 0.55069
0.62535, 0.64710, 0.64312, 0.60369, 0.61060
0.62399, 0.64928, 0.62669, 0.61290, 0.61290
0.60907, 0.61463, 0.66013, 0.64286, 0.63134
0.59328, 0.60085, 0.68521, 0.66129, 0.64747
0.57826, 0.62047, 0.69155, 0.63825, 0.67742
0.57168, 0.61117, 0.70308, 0.65438, 0.69124
0.56292, 0.60976, 0.71721, 0.65438, 0.71889
0.56012, 0.59199, 0.73393, 0.66129, 0.70737
0.55562, 0.60618, 0.73018, 0.67742, 0.72581
0.54566, 0.58814, 0.72989, 0.69585, 0.74424
0.55065, 0.58276, 0.72153, 0.68894, 0.67742
0.54667, 0.59422, 0.72759, 0.69585, 0.72581
0.54396, 0.56665, 0.73537, 0.68664, 0.71889
0.54060, 0.56113, 0.74402, 0.71198, 0.72581
0.53993, 0.55782, 0.74950, 0.72581, 0.73272
0.53807, 0.57914, 0.73508, 0.68664, 0.74885
0.53948, 0.56626, 0.73537, 0.71198, 0.72350
0.53329, 0.57305, 0.74604, 0.68894, 0.71889
0.53094, 0.55172, 0.75065, 0.71198, 0.71659
0.53358, 0.55771, 0.75238, 0.71198, 0.72811
0.52500, 0.54912, 0.75497, 0.73733, 0.73502
0.52712, 0.55173, 0.75670, 0.72350, 0.73963
0.51959, 0.55663, 0.74315, 0.69816, 0.71659
0.52541, 0.54660, 0.76045, 0.71659, 0.74194
0.51704, 0.54852, 0.75872, 0.70507, 0.72581
0.51706, 0.56032, 0.75555, 0.72581, 0.74424
0.52028, 0.54570, 0.75987, 0.71889, 0.74424
0.51335, 0.55368, 0.76564, 0.74424, 0.73963
0.51754, 0.54219, 0.76074, 0.71429, 0.73733
0.51093, 0.53524, 0.75382, 0.73733, 0.71659
0.51124, 0.56189, 0.76016, 0.70507, 0.72350
0.50934, 0.54058, 0.77573, 0.73963, 0.74885
0.51180, 0.58634, 0.73249, 0.68433, 0.75346
0.51028, 0.53469, 0.76103, 0.71429, 0.72581
0.51151, 0.53181, 0.77112, 0.73502, 0.72120
0.50823, 0.54011, 0.77054, 0.72811, 0.75115
0.50326, 0.52778, 0.77371, 0.74194, 0.74194
0.49861, 0.53198, 0.77803, 0.73041, 0.74654
0.50434, 0.53389, 0.77140, 0.73963, 0.73963
0.50312, 0.54015, 0.77025, 0.71429, 0.73963
0.49803, 0.53319, 0.77256, 0.73733, 0.73502
0.49807, 0.53684, 0.77832, 0.73733, 0.74194
0.49595, 0.53839, 0.76939, 0.72811, 0.74194
0.49569, 0.52126, 0.78149, 0.73963, 0.74654
0.48896, 0.54818, 0.75728, 0.70507, 0.71429
0.49347, 0.54679, 0.77659, 0.72350, 0.74885
0.48510, 0.51973, 0.77515, 0.75115, 0.75346
0.48645, 0.52133, 0.78380, 0.74194, 0.73963
0.48769, 0.53678, 0.78438, 0.71198, 0.76267
0.48090, 0.52722, 0.79475, 0.73041, 0.74654
0.48909, 0.53454, 0.78524, 0.72811, 0.76037
0.47929, 0.52968, 0.78668, 0.74194, 0.75115
0.48115, 0.51639, 0.80023, 0.74194, 0.75806
0.47193, 0.53218, 0.77746, 0.73041, 0.72120
0.47835, 0.53075, 0.79850, 0.74885, 0.76498
0.47459, 0.52182, 0.79591, 0.75115, 0.73733
0.47337, 0.52754, 0.79937, 0.75576, 0.75346
0.47295, 0.54673, 0.78293, 0.73272, 0.75576
0.46900, 0.54756, 0.77919, 0.72120, 0.72120
0.47352, 0.55482, 0.76650, 0.74424, 0.72811
0.47411, 0.52739, 0.79245, 0.74424, 0.74424
0.46580, 0.52578, 0.80196, 0.76037, 0.76037
0.46210, 0.53657, 0.79908, 0.73041, 0.74424
0.46606, 0.54911, 0.78495, 0.73272, 0.75346
0.46336, 0.53534, 0.79101, 0.73733, 0.72581
0.46295, 0.52689, 0.80283, 0.73963, 0.74654
0.45590, 0.55934, 0.78928, 0.72811, 0.76267
0.45693, 0.53269, 0.80398, 0.74424, 0.75576
0.45518, 0.52929, 0.79879, 0.74194, 0.75115
0.44954, 0.52444, 0.80917, 0.74885, 0.74424
0.45517, 0.53583, 0.81320, 0.73502, 0.75576
0.45745, 0.54433, 0.78524, 0.73733, 0.75115
0.45708, 0.52958, 0.81147, 0.73733, 0.74654
----------------------------------------------------------------------------------------------------------------------------
0.67789, 0.68620, 0.58662, 0.58065, 0.55991
0.63741, 0.64716, 0.65811, 0.61290, 0.62212
0.62397, 0.64305, 0.66820, 0.60829, 0.65207
0.61743, 0.62957, 0.67599, 0.64055, 0.65438
0.61011, 0.62410, 0.68694, 0.66359, 0.69355
0.59640, 0.61780, 0.68694, 0.65438, 0.67281
0.58278, 0.60303, 0.71144, 0.67972, 0.72350
0.56969, 0.59686, 0.71346, 0.68664, 0.73272
0.56238, 0.58737, 0.73566, 0.69355, 0.72811
0.55754, 0.58110, 0.72759, 0.71659, 0.71889
0.55671, 0.58454, 0.73479, 0.67972, 0.74654
0.54404, 0.57634, 0.74142, 0.69585, 0.73963
0.53932, 0.56259, 0.75094, 0.69585, 0.74424
0.53445, 0.55989, 0.74575, 0.70507, 0.74654
0.52790, 0.58542, 0.73796, 0.69124, 0.75115
0.52242, 0.55589, 0.74632, 0.70507, 0.74885
0.52598, 0.54927, 0.76333, 0.71659, 0.76267
0.51386, 0.54172, 0.75728, 0.71659, 0.76037
0.51252, 0.53554, 0.76420, 0.70276, 0.76037
0.50540, 0.52879, 0.76794, 0.73272, 0.76498
0.50436, 0.54940, 0.76362, 0.70046, 0.76498
0.49800, 0.52109, 0.77486, 0.73041, 0.77189
0.49250, 0.51962, 0.77573, 0.72581, 0.76037
0.48506, 0.51007, 0.77717, 0.74424, 0.76267
0.48272, 0.50646, 0.77919, 0.73733, 0.77650
0.48992, 0.51971, 0.76622, 0.73272, 0.76037
0.48027, 0.52595, 0.78034, 0.71659, 0.76498
0.47337, 0.50001, 0.78582, 0.76037, 0.76498
0.47322, 0.51811, 0.76996, 0.72120, 0.77650
0.47010, 0.52417, 0.77169, 0.71429, 0.76037
0.46755, 0.51579, 0.78293, 0.73963, 0.77650
0.46265, 0.48627, 0.79591, 0.74654, 0.76959
0.45838, 0.50787, 0.79504, 0.73041, 0.78341
0.46266, 0.48544, 0.79937, 0.75806, 0.78571
0.45423, 0.50747, 0.79331, 0.73963, 0.78341
0.45285, 0.51513, 0.79187, 0.73733, 0.77419
0.44852, 0.52895, 0.78495, 0.73272, 0.77650
0.45619, 0.50804, 0.80484, 0.73041, 0.79724
0.44554, 0.48886, 0.80513, 0.74885, 0.78571
0.44736, 0.51263, 0.80167, 0.73041, 0.78571
0.43851, 0.49051, 0.80484, 0.75115, 0.76959
0.43658, 0.48521, 0.79562, 0.76267, 0.74424
0.43726, 0.50266, 0.79764, 0.75576, 0.75576
0.43943, 0.53784, 0.79764, 0.75346, 0.76959
0.43676, 0.49891, 0.79937, 0.74654, 0.76498
0.43484, 0.48925, 0.81954, 0.76037, 0.78571
0.42759, 0.49135, 0.80888, 0.75346, 0.78341
0.43428, 0.47561, 0.81926, 0.77419, 0.80184
0.43054, 0.46738, 0.81032, 0.76959, 0.77880
0.42515, 0.47232, 0.81464, 0.77650, 0.77419
0.43053, 0.47733, 0.81551, 0.77189, 0.78111
0.42043, 0.48971, 0.80628, 0.75576, 0.77419
0.42143, 0.46553, 0.82387, 0.78111, 0.78571
0.42810, 0.46624, 0.82214, 0.77189, 0.79032
0.42200, 0.47050, 0.82704, 0.77880, 0.79724
0.42426, 0.46344, 0.82387, 0.79263, 0.79724
0.41243, 0.47817, 0.82646, 0.77880, 0.79954
0.41411, 0.49506, 0.80888, 0.77419, 0.78802
0.41955, 0.47090, 0.82819, 0.77650, 0.79954
0.41953, 0.51004, 0.80023, 0.75576, 0.75806
0.41809, 0.48176, 0.82675, 0.77880, 0.80184
0.41537, 0.49548, 0.82646, 0.78111, 0.79954
0.41131, 0.48410, 0.82070, 0.76959, 0.79263
0.40943, 0.46336, 0.82992, 0.77880, 0.78341
0.41642, 0.46461, 0.82762, 0.78571, 0.79263
0.40749, 0.48586, 0.82935, 0.78111, 0.79493
0.41365, 0.46741, 0.82646, 0.78802, 0.79954
0.40800, 0.46020, 0.83194, 0.80415, 0.79493
0.40171, 0.50491, 0.82329, 0.76037, 0.79263
0.40639, 0.46499, 0.82935, 0.79263, 0.78571
0.40613, 0.49607, 0.82733, 0.77419, 0.79954
0.40234, 0.46216, 0.82762, 0.79493, 0.78802
0.41255, 0.47284, 0.82329, 0.76959, 0.78571
0.40122, 0.50326, 0.82877, 0.77880, 0.79263
0.42021, 0.48144, 0.83136, 0.78341, 0.78571
0.39590, 0.48164, 0.82185, 0.78341, 0.77650
0.40163, 0.48506, 0.83338, 0.78571, 0.79263
0.39190, 0.47001, 0.83252, 0.78802, 0.77880
0.39996, 0.48800, 0.83252, 0.76959, 0.80184
0.38838, 0.51154, 0.82387, 0.76498, 0.80415
0.39531, 0.46729, 0.84145, 0.79263, 0.79954
0.39570, 0.45463, 0.83771, 0.79032, 0.78571
0.39745, 0.47443, 0.83857, 0.78341, 0.79493
0.39030, 0.45915, 0.83223, 0.79954, 0.79724
0.39067, 0.49795, 0.81753, 0.77189, 0.78571
0.39064, 0.48211, 0.83655, 0.77650, 0.80415
0.38026, 0.50453, 0.83713, 0.76728, 0.81567
0.38641, 0.47075, 0.83021, 0.77880, 0.79954
0.38009, 0.49127, 0.82156, 0.77189, 0.80876
0.38433, 0.46247, 0.84261, 0.79493, 0.80645
0.38367, 0.49311, 0.84664, 0.77189, 0.81797
0.37958, 0.46823, 0.84808, 0.78802, 0.80415
0.38387, 0.49851, 0.82099, 0.76728, 0.77880
0.38343, 0.47441, 0.84001, 0.77880, 0.79493
0.37471, 0.52214, 0.83943, 0.76728, 0.80876
0.37272, 0.50237, 0.83857, 0.76959, 0.80184
0.38272, 0.47118, 0.84837, 0.78111, 0.81336
0.37798, 0.49880, 0.83165, 0.77650, 0.81336
0.38980, 0.46064, 0.84981, 0.78111, 0.81106
0.37396, 0.49053, 0.85327, 0.76959, 0.81797
0.36978, 0.49290, 0.84693, 0.78111, 0.82488
0.36727, 0.50132, 0.82473, 0.76959, 0.77880
----------------------------------------------------------------------------------------------------------------------------
0.66917, 0.65036, 0.58605, 0.60829, 0.58295
0.65660, 0.68251, 0.56068, 0.54147, 0.54608
0.66428, 0.63107, 0.65667, 0.64516, 0.62212
0.63191, 0.60588, 0.68291, 0.66359, 0.66359
0.61354, 0.60421, 0.66878, 0.68664, 0.65668
0.60158, 0.58968, 0.69213, 0.67051, 0.67512
0.59067, 0.57869, 0.69472, 0.68894, 0.68894
0.58063, 0.57459, 0.68838, 0.69124, 0.71198
0.57153, 0.56301, 0.70914, 0.71659, 0.69585
0.56419, 0.56271, 0.71000, 0.72581, 0.70507
0.55921, 0.56053, 0.71375, 0.71889, 0.71659
0.54873, 0.56427, 0.72615, 0.69585, 0.73041
0.55410, 0.55496, 0.72989, 0.72350, 0.74654
0.54660, 0.56130, 0.72297, 0.71198, 0.71429
0.54814, 0.55521, 0.72816, 0.72120, 0.73502
0.54327, 0.55987, 0.72816, 0.71198, 0.73502
0.54291, 0.55665, 0.73220, 0.71198, 0.73502
0.53680, 0.55550, 0.72730, 0.72350, 0.73963
0.53902, 0.55974, 0.73249, 0.72120, 0.72811
0.54171, 0.56749, 0.71692, 0.71429, 0.71889
0.53148, 0.56198, 0.72355, 0.71198, 0.72581
0.53409, 0.57947, 0.72442, 0.72120, 0.70968
0.53181, 0.58289, 0.72269, 0.71429, 0.70046
0.52615, 0.54878, 0.73969, 0.72581, 0.74194
0.52476, 0.54978, 0.73537, 0.73272, 0.73502
0.53045, 0.56610, 0.73393, 0.71429, 0.72350
0.52572, 0.55784, 0.74200, 0.73041, 0.74194
0.52293, 0.55924, 0.73796, 0.73272, 0.73041
0.52136, 0.54554, 0.74834, 0.74885, 0.74654
0.51585, 0.54327, 0.75209, 0.75346, 0.75806
0.52146, 0.57829, 0.72528, 0.71659, 0.68894
0.51814, 0.53866, 0.74229, 0.73041, 0.73041
0.51423, 0.54854, 0.73018, 0.73272, 0.72811
0.51632, 0.53892, 0.75007, 0.73502, 0.73502
0.50394, 0.54367, 0.73393, 0.73502, 0.74885
0.51704, 0.54823, 0.73969, 0.73272, 0.74424
0.51002, 0.56478, 0.73941, 0.73502, 0.70968
0.49743, 0.54926, 0.76131, 0.75576, 0.75346
0.50163, 0.52917, 0.76708, 0.74885, 0.74885
0.49803, 0.53946, 0.76045, 0.75576, 0.75115
0.49130, 0.52412, 0.75440, 0.75346, 0.73963
0.50274, 0.51947, 0.76737, 0.75346, 0.74654
0.48965, 0.52950, 0.77313, 0.74885, 0.74424
0.49079, 0.51793, 0.76506, 0.75115, 0.74654
0.48943, 0.54509, 0.76708, 0.75346, 0.73502
0.48688, 0.53360, 0.77515, 0.75576, 0.73733
0.49040, 0.52208, 0.78092, 0.75806, 0.72811
0.48822, 0.52402, 0.77746, 0.77419, 0.73502
0.48374, 0.51344, 0.78120, 0.76728, 0.73963
0.48200, 0.53964, 0.77140, 0.75346, 0.72350
0.48512, 0.51823, 0.77140, 0.76959, 0.74885
0.48962, 0.51580, 0.77544, 0.75806, 0.74194
0.47496, 0.51517, 0.77976, 0.76037, 0.73041
0.47827, 0.51932, 0.76708, 0.76037, 0.72581
0.48081, 0.53801, 0.77803, 0.75806, 0.73733
0.47673, 0.50881, 0.78582, 0.77650, 0.72811
0.47218, 0.51237, 0.78582, 0.77189, 0.73502
0.47263, 0.51656, 0.78495, 0.76959, 0.73733
0.47031, 0.52350, 0.79274, 0.76267, 0.74424
0.47128, 0.52569, 0.78351, 0.75576, 0.72811
0.47973, 0.52315, 0.79447, 0.76037, 0.73041
0.46508, 0.52075, 0.79447, 0.76267, 0.74885
0.46595, 0.51084, 0.79504, 0.77189, 0.74885
0.46557, 0.52350, 0.78697, 0.77189, 0.73963
0.46734, 0.50966, 0.78985, 0.77650, 0.74654
0.46427, 0.53512, 0.78466, 0.77650, 0.73502
0.46256, 0.51582, 0.79562, 0.78571, 0.74194
0.46593, 0.53693, 0.79331, 0.76728, 0.75115
0.46521, 0.51706, 0.79677, 0.76267, 0.74885
0.46095, 0.51196, 0.79389, 0.75576, 0.74424
0.45967, 0.53077, 0.76679, 0.76959, 0.73963
0.46076, 0.52684, 0.79504, 0.77419, 0.76267
0.45411, 0.52263, 0.79014, 0.77419, 0.75115
0.45650, 0.52307, 0.79706, 0.77650, 0.74885
0.45716, 0.53854, 0.79504, 0.77650, 0.75576
0.45015, 0.51312, 0.79850, 0.77650, 0.75115
----------------------------------------------------------------------------------------------------------------------------
0.66990, 0.61577, 0.66907, 0.64286, 0.64747
0.58715, 0.60050, 0.69127, 0.67512, 0.67051
0.56640, 0.61215, 0.71433, 0.67281, 0.69355
0.55774, 0.57626, 0.73681, 0.70276, 0.70276
0.54396, 0.57303, 0.74142, 0.70507, 0.72811
0.53511, 0.55668, 0.74575, 0.71198, 0.70737
0.52984, 0.55431, 0.76650, 0.73041, 0.74194
0.51677, 0.56804, 0.71721, 0.69585, 0.71659
0.51060, 0.57332, 0.70251, 0.69816, 0.68664
0.50611, 0.58081, 0.74950, 0.70737, 0.72811
0.49572, 0.53611, 0.77544, 0.73502, 0.75806
0.49426, 0.54264, 0.76045, 0.71429, 0.74194
0.49686, 0.58217, 0.76333, 0.70737, 0.72811
0.48285, 0.52870, 0.78639, 0.72811, 0.76498
0.48615, 0.53050, 0.77371, 0.73502, 0.76037
0.47533, 0.53419, 0.77890, 0.73041, 0.75806
0.46824, 0.55589, 0.78293, 0.72811, 0.74424
0.47020, 0.52388, 0.78841, 0.74424, 0.76959
0.46334, 0.52001, 0.80023, 0.75806, 0.76728
0.46658, 0.51723, 0.79937, 0.73502, 0.77419
0.46571, 0.54518, 0.79504, 0.72811, 0.76728
0.46236, 0.51776, 0.78063, 0.73041, 0.75115
0.45171, 0.52295, 0.79648, 0.73733, 0.76037
0.44427, 0.53202, 0.80081, 0.73272, 0.77880
0.44974, 0.51491, 0.80283, 0.74654, 0.76037
0.44480, 0.51687, 0.80513, 0.74885, 0.76728
0.44673, 0.50816, 0.81003, 0.74885, 0.76959
0.43938, 0.51498, 0.81291, 0.74194, 0.76959
0.43929, 0.51546, 0.81436, 0.74194, 0.78111
0.43546, 0.52831, 0.80225, 0.72811, 0.76267
0.43978, 0.51304, 0.81839, 0.74194, 0.77419
0.43096, 0.50377, 0.81349, 0.75346, 0.77650
0.44421, 0.51132, 0.81407, 0.73733, 0.78571
0.42921, 0.52348, 0.81263, 0.72811, 0.76037
0.42789, 0.50214, 0.82041, 0.75806, 0.75806
0.42170, 0.55883, 0.79965, 0.72811, 0.77419
0.43164, 0.51736, 0.81205, 0.75806, 0.75576
0.42538, 0.65347, 0.76650, 0.70046, 0.73502
0.43202, 0.52100, 0.78985, 0.73272, 0.74654
0.42662, 0.52282, 0.77948, 0.74194, 0.75115
0.42702, 0.52552, 0.81868, 0.74194, 0.77419
0.41477, 0.49721, 0.82473, 0.75346, 0.79263
0.41600, 0.49894, 0.83050, 0.74194, 0.79493
0.42284, 0.49455, 0.82445, 0.76498, 0.77650
0.41499, 0.49516, 0.83021, 0.76037, 0.78341
0.41402, 0.49486, 0.82445, 0.74654, 0.76728
0.41465, 0.52047, 0.82733, 0.72811, 0.79032
0.40307, 0.49350, 0.83194, 0.76267, 0.79032
0.40483, 0.50670, 0.83511, 0.74194, 0.79724
0.39846, 0.50198, 0.81983, 0.75576, 0.76037
0.40802, 0.49948, 0.83309, 0.76267, 0.78111
0.39673, 0.50570, 0.84001, 0.75346, 0.79954
0.40858, 0.50559, 0.81810, 0.74194, 0.77189
0.40824, 0.53209, 0.82041, 0.74885, 0.77189
0.40037, 0.50226, 0.83540, 0.76037, 0.79493
0.39651, 0.51637, 0.82762, 0.73733, 0.78571
0.38793, 0.55985, 0.81695, 0.72581, 0.76728
0.38946, 0.50616, 0.82070, 0.74424, 0.76498
0.39508, 0.48988, 0.84116, 0.75806, 0.78571
0.39539, 0.48937, 0.84203, 0.76037, 0.79493
0.40639, 0.49132, 0.83626, 0.74424, 0.77880
0.39825, 0.48902, 0.84289, 0.76267, 0.79954
0.39115, 0.49086, 0.83684, 0.76037, 0.77880
0.38861, 0.52740, 0.83569, 0.75346, 0.77880
0.38362, 0.50845, 0.84203, 0.76267, 0.78571
0.38300, 0.48876, 0.83828, 0.73733, 0.78111
0.37740, 0.51028, 0.84405, 0.76498, 0.77880
0.39111, 0.49712, 0.82848, 0.75576, 0.76728
0.38162, 0.50049, 0.84520, 0.75806, 0.79263
0.38030, 0.51208, 0.84664, 0.75346, 0.78341
0.37756, 0.51810, 0.83886, 0.76267, 0.78111
0.37710, 0.49985, 0.84693, 0.75576, 0.78571
0.37666, 0.48661, 0.84520, 0.76267, 0.77650
0.37518, 0.54467, 0.82906, 0.74654, 0.76959
0.37721, 0.47624, 0.84866, 0.76498, 0.78341
0.38615, 0.49525, 0.83684, 0.77189, 0.78111
0.38247, 0.49191, 0.85270, 0.74654, 0.79263
0.37930, 0.57820, 0.82329, 0.73272, 0.76267
0.37423, 0.48167, 0.85241, 0.75806, 0.80184
0.36716, 0.47512, 0.85241, 0.76267, 0.78341
0.36145, 0.50485, 0.85010, 0.76037, 0.79032
0.36721, 0.48686, 0.85385, 0.76959, 0.79032
0.36590, 0.49570, 0.85327, 0.76728, 0.79724
0.36707, 0.48557, 0.85097, 0.76498, 0.78571
0.37795, 0.50384, 0.85356, 0.75806, 0.79724
0.36295, 0.52007, 0.84203, 0.75806, 0.76498
0.36650, 0.50790, 0.83713, 0.75806, 0.77189
0.36236, 0.53859, 0.84145, 0.75115, 0.78571
0.36029, 0.48103, 0.85673, 0.76728, 0.78571
0.36391, 0.50205, 0.86106, 0.76267, 0.78571
0.35689, 0.50464, 0.85327, 0.76267, 0.79493
0.36035, 0.47119, 0.83915, 0.76728, 0.76959
0.37376, 0.47962, 0.85817, 0.77650, 0.79954
0.35718, 0.48051, 0.85817, 0.78111, 0.79954
0.35049, 0.46634, 0.86250, 0.77189, 0.79724
0.35438, 0.48284, 0.86250, 0.76728, 0.80184
0.35450, 0.51226, 0.85500, 0.75346, 0.79954
0.34798, 0.48832, 0.86509, 0.76728, 0.77419
0.34690, 0.51103, 0.83915, 0.76267, 0.76037
0.36212, 0.48680, 0.84895, 0.78802, 0.76959
0.36030, 0.48622, 0.86278, 0.76267, 0.79954
0.35951, 0.49846, 0.86423, 0.77189, 0.79032
0.35579, 0.48008, 0.86106, 0.75576, 0.77650
0.35748, 0.50683, 0.85788, 0.75576, 0.79493
0.34721, 0.49796, 0.86509, 0.76498, 0.79263
0.35215, 0.48256, 0.86711, 0.76959, 0.80184
0.35107, 0.49233, 0.86394, 0.75806, 0.79032
0.34624, 0.47756, 0.86884, 0.76498, 0.79263
0.34475, 0.46952, 0.87028, 0.78571, 0.78111
0.34514, 0.52164, 0.85904, 0.77419, 0.79493
0.33816, 0.47585, 0.86826, 0.78571, 0.81336
0.34538, 0.53930, 0.84578, 0.75576, 0.79493
0.34279, 0.50366, 0.84030, 0.78571, 0.77189
0.34657, 0.47289, 0.85154, 0.78571, 0.77419
0.33789, 0.48236, 0.86970, 0.76037, 0.80184
----------------------------------------------------------------------------------------------------------------------------
0.67487, 0.64898, 0.61920, 0.63825, 0.63134
0.65871, 0.63191, 0.59470, 0.61290, 0.57834
0.64075, 0.63805, 0.64745, 0.62673, 0.61982
0.64349, 0.62483, 0.64168, 0.66590, 0.61982
0.62705, 0.60711, 0.65408, 0.66359, 0.64286
0.61758, 0.59301, 0.64197, 0.64747, 0.63594
0.60428, 0.58192, 0.66388, 0.67051, 0.65668
0.59007, 0.56706, 0.68262, 0.70046, 0.66590
0.59021, 0.56068, 0.69674, 0.70968, 0.69585
0.57488, 0.55003, 0.70222, 0.72120, 0.71429
0.56746, 0.55373, 0.70366, 0.73041, 0.67972
0.56041, 0.58864, 0.69472, 0.68894, 0.70507
0.55845, 0.55831, 0.70539, 0.70968, 0.72581
0.55710, 0.56588, 0.70712, 0.72120, 0.71659
0.55205, 0.53722, 0.71865, 0.73272, 0.72581
0.54830, 0.53530, 0.71721, 0.73272, 0.70737
0.53954, 0.54151, 0.71548, 0.71659, 0.72811
0.54146, 0.53313, 0.72297, 0.71429, 0.71198
0.53715, 0.52439, 0.72989, 0.75806, 0.73733
0.53898, 0.54014, 0.70626, 0.73041, 0.70507
0.53459, 0.53720, 0.73825, 0.73733, 0.70276
0.52628, 0.52877, 0.73278, 0.73502, 0.70507
0.52664, 0.53798, 0.72153, 0.71889, 0.70276
0.53158, 0.51690, 0.72442, 0.71889, 0.72581
0.52992, 0.52523, 0.72932, 0.72350, 0.71429
0.52541, 0.53071, 0.72586, 0.73041, 0.71889
0.52811, 0.51703, 0.74229, 0.74194, 0.74194
0.52051, 0.52586, 0.73998, 0.73963, 0.71429
0.52511, 0.51405, 0.74344, 0.73963, 0.74194
0.52481, 0.53784, 0.73768, 0.74654, 0.71198
0.51749, 0.54413, 0.73422, 0.73733, 0.71659
0.52240, 0.51478, 0.74373, 0.72811, 0.72811
0.51765, 0.50910, 0.75353, 0.74194, 0.74654
0.51332, 0.50747, 0.75411, 0.74194, 0.74194
0.51654, 0.50575, 0.75065, 0.74885, 0.75346
0.50940, 0.50547, 0.76131, 0.75576, 0.72811
0.50890, 0.49555, 0.76074, 0.76267, 0.73502
0.51311, 0.50062, 0.76247, 0.76267, 0.73963
0.50729, 0.50993, 0.76247, 0.75806, 0.74885
0.50189, 0.56054, 0.73508, 0.73733, 0.70737
0.50564, 0.50023, 0.77573, 0.75576, 0.73733
0.49814, 0.50573, 0.76420, 0.74194, 0.73272
0.50494, 0.49822, 0.76593, 0.76267, 0.74885
0.49737, 0.51844, 0.76622, 0.75115, 0.75115
0.50274, 0.49149, 0.77054, 0.77650, 0.72581
0.49322, 0.50541, 0.76823, 0.76498, 0.73041
0.48972, 0.50421, 0.76247, 0.75806, 0.73502
0.48942, 0.53001, 0.75987, 0.74654, 0.72811
0.48948, 0.49214, 0.77746, 0.75346, 0.75346
0.49481, 0.49811, 0.77976, 0.76037, 0.74654
0.49432, 0.48736, 0.78092, 0.75576, 0.73502
0.48421, 0.51424, 0.77140, 0.75346, 0.75115
0.48555, 0.50756, 0.76967, 0.74194, 0.74885
0.48510, 0.49748, 0.77688, 0.76728, 0.74654
0.48163, 0.49749, 0.77486, 0.76728, 0.74654
0.48303, 0.48580, 0.79014, 0.76728, 0.74885
0.47391, 0.55002, 0.75555, 0.71889, 0.71889
0.47932, 0.50266, 0.77803, 0.74424, 0.73733
0.47742, 0.49256, 0.78841, 0.75576, 0.76728
0.47112, 0.48567, 0.78956, 0.74885, 0.75346
0.47133, 0.50045, 0.77717, 0.76267, 0.75346
0.46395, 0.48124, 0.80023, 0.77189, 0.74194
0.46608, 0.47821, 0.79418, 0.76728, 0.74654
0.46944, 0.48764, 0.78351, 0.77189, 0.74654
0.46513, 0.48050, 0.79677, 0.75806, 0.77189
0.46062, 0.48879, 0.78784, 0.76498, 0.76037
0.46857, 0.48740, 0.79043, 0.74654, 0.76498
0.45415, 0.50754, 0.79533, 0.75576, 0.76037
0.45654, 0.49942, 0.78755, 0.76267, 0.75576
0.46548, 0.49169, 0.79389, 0.78111, 0.74654
0.45965, 0.48334, 0.81349, 0.78111, 0.74885
0.45700, 0.48319, 0.79937, 0.77189, 0.76498
0.44813, 0.49060, 0.80369, 0.76498, 0.76728
0.44816, 0.49150, 0.80542, 0.76267, 0.76959
0.45016, 0.48186, 0.80571, 0.78571, 0.75806
0.44945, 0.48422, 0.80455, 0.76267, 0.74885
0.44928, 0.49122, 0.80801, 0.76037, 0.76498
0.44051, 0.47253, 0.81291, 0.78341, 0.74654
0.44838, 0.46467, 0.81609, 0.78111, 0.76037
0.43336, 0.50416, 0.80801, 0.76728, 0.75115
0.44231, 0.49394, 0.81291, 0.74885, 0.75346
0.43562, 0.47360, 0.81234, 0.78111, 0.74654
0.43570, 0.49291, 0.80600, 0.76728, 0.75115
0.44741, 0.48400, 0.80888, 0.78341, 0.74885
0.43297, 0.48438, 0.82329, 0.76498, 0.75346
0.43269, 0.46757, 0.81493, 0.79032, 0.76498
0.43403, 0.48809, 0.81753, 0.77189, 0.74885
0.43532, 0.48855, 0.81147, 0.77419, 0.75576
0.42933, 0.47605, 0.80715, 0.78341, 0.73733
0.43752, 0.51864, 0.80744, 0.73502, 0.74885
0.42205, 0.49485, 0.81637, 0.76728, 0.74654
0.43861, 0.48828, 0.82185, 0.74885, 0.77189
0.42665, 0.49721, 0.81753, 0.76267, 0.74885
0.42257, 0.49529, 0.82848, 0.76498, 0.77650
0.42150, 0.50225, 0.83021, 0.77189, 0.75346
0.42006, 0.51489, 0.82560, 0.75806, 0.74424
0.41714, 0.48612, 0.82733, 0.78802, 0.76267
0.42077, 0.49914, 0.81320, 0.76267, 0.74654
0.41443, 0.48598, 0.82906, 0.78341, 0.74424
