============================================================================================================================
Namespace(pooling='lspool', batch_size=32, lr=0.0001, epochs=200, pool_ratio=0.5, dataset='FRANKENSTEIN', edges=False, runs=10, logging='logs/27_03_24/lspool3conv_1attn', config='config/config.json', patience=20, seeds='config/seeds'); _CudaDeviceProperties(name='NVIDIA GeForce RTX 4060 Ti', major=8, minor=9, total_memory=16379MB, multi_processor_count=34); {'hidden_features': 128, 'nonlinearity': 'elu', 'p_dropout': 0.0, 'conv_layer': 'GraphConv', 'pre_gnn': [64, 128], 'post_gnn': [128, 64], 'pre_pool_convs': 2, 'post_pool_convs': 1} 
----------------------------------------------------------------------------------------------------------------------------
0.67786, 0.67678, 0.58201, 0.57143, 0.61521
0.67102, 0.64517, 0.59671, 0.61982, 0.58756
0.64942, 0.61233, 0.63563, 0.63364, 0.59217
0.63097, 0.62648, 0.64226, 0.62212, 0.62673
0.61561, 0.60186, 0.67714, 0.66129, 0.64747
0.60022, 0.61620, 0.66042, 0.64747, 0.62442
0.59415, 0.59183, 0.70424, 0.70507, 0.66129
0.58349, 0.58915, 0.71058, 0.67972, 0.67051
0.57137, 0.58273, 0.72384, 0.68433, 0.66129
0.55969, 0.57359, 0.73133, 0.70737, 0.67051
0.55227, 0.58017, 0.74546, 0.66359, 0.66820
0.53692, 0.59191, 0.76564, 0.67972, 0.67972
0.52997, 0.59913, 0.76218, 0.67512, 0.66820
0.50978, 0.59175, 0.77717, 0.68894, 0.64977
0.48749, 0.60358, 0.79187, 0.68664, 0.66359
0.47682, 0.60070, 0.80110, 0.68894, 0.66129
0.47217, 0.64510, 0.79619, 0.70046, 0.65438
0.44940, 0.65890, 0.80830, 0.67972, 0.65207
0.44022, 0.61654, 0.83079, 0.70507, 0.66820
0.41759, 0.70390, 0.82675, 0.68894, 0.68894
0.39570, 0.79360, 0.80052, 0.64977, 0.66590
0.39732, 0.69439, 0.85270, 0.68203, 0.67742
0.37045, 0.76580, 0.83540, 0.68894, 0.61982
0.34578, 0.74809, 0.87777, 0.67742, 0.66590
0.33048, 0.76621, 0.87691, 0.68433, 0.64516
0.31323, 0.82823, 0.88729, 0.69124, 0.63134
0.29131, 0.86564, 0.89622, 0.68203, 0.65668
0.29725, 0.86261, 0.89738, 0.67972, 0.62903
0.26631, 0.95445, 0.90804, 0.65207, 0.64977
0.25202, 0.93489, 0.91179, 0.65899, 0.63364
----------------------------------------------------------------------------------------------------------------------------
0.67926, 0.67016, 0.57538, 0.58525, 0.53687
0.65772, 0.64713, 0.63131, 0.64516, 0.61060
0.63168, 0.63519, 0.64716, 0.64977, 0.62673
0.60425, 0.64951, 0.65379, 0.64516, 0.63134
0.58439, 0.61847, 0.72643, 0.63825, 0.69585
0.55951, 0.61825, 0.74575, 0.66820, 0.69355
0.54246, 0.60709, 0.75267, 0.69124, 0.67972
0.51759, 0.62008, 0.78236, 0.65899, 0.69124
0.51472, 0.61731, 0.78899, 0.67972, 0.67972
0.47922, 0.62904, 0.80686, 0.67972, 0.67512
0.47254, 0.67763, 0.78466, 0.64286, 0.65207
0.44474, 0.66567, 0.84174, 0.68433, 0.67972
0.41879, 0.69911, 0.84145, 0.66359, 0.67972
0.38046, 0.72999, 0.84347, 0.67281, 0.66590
0.36532, 0.75050, 0.87720, 0.67051, 0.66359
0.32552, 0.84529, 0.85817, 0.65899, 0.65899
0.30485, 0.86661, 0.88902, 0.68894, 0.67742
0.27701, 0.84549, 0.91611, 0.66359, 0.66820
0.24498, 0.90468, 0.92678, 0.63594, 0.64055
0.22845, 1.19094, 0.85010, 0.65207, 0.65668
0.22675, 1.04292, 0.94091, 0.62903, 0.64516
0.19860, 1.13892, 0.93600, 0.64516, 0.64977
0.16630, 1.16892, 0.96224, 0.64977, 0.65207
0.12816, 1.45706, 0.92880, 0.63134, 0.63134
0.12654, 1.48235, 0.95964, 0.65207, 0.63594
0.09902, 1.49134, 0.98126, 0.65438, 0.64516
0.09050, 1.65075, 0.98760, 0.64286, 0.62903
----------------------------------------------------------------------------------------------------------------------------
0.68453, 0.68301, 0.55751, 0.54608, 0.52995
0.67598, 0.66962, 0.58403, 0.56912, 0.55991
0.65601, 0.62473, 0.61574, 0.61060, 0.57373
0.63876, 0.61118, 0.61170, 0.60599, 0.58065
0.63261, 0.60703, 0.64197, 0.67512, 0.60829
0.62598, 0.61272, 0.64630, 0.62903, 0.61060
0.62408, 0.60484, 0.64226, 0.64286, 0.59217
0.61776, 0.60592, 0.66388, 0.65207, 0.63825
0.61123, 0.59076, 0.67599, 0.67742, 0.64286
0.61116, 0.60054, 0.67339, 0.67281, 0.65207
0.60427, 0.60382, 0.68781, 0.69124, 0.65899
0.59439, 0.58461, 0.67455, 0.70737, 0.65438
0.59093, 0.64528, 0.65206, 0.60829, 0.60369
0.58894, 0.62940, 0.68896, 0.65207, 0.63364
0.57772, 0.61966, 0.70453, 0.67742, 0.66590
0.56934, 0.60959, 0.69386, 0.65668, 0.62903
0.56096, 0.62524, 0.70626, 0.65668, 0.64286
0.54504, 0.62024, 0.73479, 0.70046, 0.66590
0.54160, 0.64943, 0.71577, 0.67742, 0.66129
0.53555, 0.63649, 0.73941, 0.69585, 0.66359
0.51685, 0.62771, 0.75555, 0.68433, 0.67742
0.50890, 0.58619, 0.76593, 0.71659, 0.67972
0.49888, 0.61801, 0.75987, 0.70276, 0.70046
0.49495, 0.63876, 0.75526, 0.69124, 0.64747
0.47959, 0.62861, 0.78870, 0.70276, 0.67742
0.46315, 0.64999, 0.78582, 0.68894, 0.69816
0.46917, 0.68931, 0.75411, 0.70276, 0.63134
0.45823, 0.62995, 0.79274, 0.69355, 0.68664
0.44151, 0.73092, 0.80369, 0.67742, 0.66590
0.43151, 0.79378, 0.80542, 0.65438, 0.65668
0.42654, 0.66322, 0.77919, 0.69585, 0.66820
0.41330, 0.72637, 0.84434, 0.68203, 0.68433
----------------------------------------------------------------------------------------------------------------------------
0.68453, 0.68301, 0.55751, 0.54608, 0.52995
0.67598, 0.66961, 0.58403, 0.56912, 0.55760
0.65599, 0.62619, 0.61545, 0.60138, 0.57143
0.63968, 0.61139, 0.61055, 0.60829, 0.58525
0.63299, 0.60710, 0.64312, 0.67051, 0.60369
0.62705, 0.61183, 0.64457, 0.63825, 0.60138
0.62396, 0.60235, 0.64197, 0.64055, 0.59447
0.61778, 0.60497, 0.66474, 0.65899, 0.64055
0.61128, 0.59021, 0.67397, 0.68203, 0.64747
0.61150, 0.59783, 0.67455, 0.67972, 0.64747
0.60351, 0.60055, 0.68464, 0.68894, 0.65438
0.59651, 0.58336, 0.67224, 0.69816, 0.64516
0.59045, 0.64865, 0.65148, 0.61290, 0.60599
0.58789, 0.62402, 0.69213, 0.65668, 0.62903
0.57932, 0.61263, 0.70827, 0.69816, 0.66820
0.56910, 0.61051, 0.69242, 0.66129, 0.63134
0.56188, 0.61944, 0.70712, 0.66590, 0.65899
0.54470, 0.62122, 0.73739, 0.69124, 0.67281
0.54302, 0.63045, 0.72672, 0.67972, 0.67742
0.53623, 0.62860, 0.74921, 0.68664, 0.66359
0.52016, 0.62591, 0.74978, 0.69816, 0.68433
0.50845, 0.60478, 0.76477, 0.69816, 0.68433
0.49549, 0.63122, 0.76794, 0.68894, 0.69585
0.49012, 0.65321, 0.75295, 0.70046, 0.63825
0.47648, 0.62445, 0.78524, 0.69585, 0.70737
0.45771, 0.66878, 0.78178, 0.70507, 0.69355
0.46153, 0.68333, 0.76650, 0.68894, 0.64977
0.45310, 0.65251, 0.78812, 0.67972, 0.68433
0.43609, 0.76274, 0.79706, 0.66820, 0.64977
0.42488, 0.77126, 0.81320, 0.67281, 0.66359
0.41917, 0.67084, 0.77371, 0.67742, 0.66820
0.40643, 0.72855, 0.84261, 0.68894, 0.68894
----------------------------------------------------------------------------------------------------------------------------
0.68047, 0.68519, 0.55520, 0.54378, 0.56452
0.66338, 0.65806, 0.61833, 0.58986, 0.60369
0.63157, 0.63640, 0.66820, 0.61290, 0.63134
0.59848, 0.65091, 0.69011, 0.59677, 0.62673
0.57453, 0.66804, 0.69934, 0.61060, 0.61982
0.55547, 0.67510, 0.73306, 0.63364, 0.62212
0.53417, 0.66223, 0.75872, 0.63134, 0.62903
0.50255, 0.73827, 0.76103, 0.62212, 0.60829
0.48337, 0.72154, 0.79908, 0.61982, 0.62903
0.46897, 0.69694, 0.82560, 0.60829, 0.62903
0.43402, 0.75395, 0.83252, 0.61521, 0.65438
0.41720, 0.76363, 0.84751, 0.61290, 0.64516
0.39455, 0.78454, 0.85241, 0.61751, 0.64055
0.37537, 0.82884, 0.88123, 0.60369, 0.64055
0.33752, 0.90924, 0.88412, 0.61982, 0.64747
0.31207, 1.01024, 0.86134, 0.59447, 0.61060
0.30453, 0.96818, 0.90055, 0.60829, 0.63825
0.27098, 1.10125, 0.93168, 0.61521, 0.65207
0.24152, 1.13647, 0.93399, 0.60829, 0.62673
0.22719, 1.21105, 0.94696, 0.60829, 0.62212
0.21203, 1.17925, 0.94436, 0.61982, 0.63134
0.18947, 1.49581, 0.95849, 0.60599, 0.63825
0.14396, 1.91899, 0.90141, 0.63364, 0.63594
----------------------------------------------------------------------------------------------------------------------------
0.67722, 0.68095, 0.58662, 0.55991, 0.61290
0.67236, 0.67327, 0.59671, 0.55300, 0.60369
0.65654, 0.64934, 0.61805, 0.58065, 0.61521
0.63902, 0.64436, 0.63851, 0.63134, 0.62442
0.62847, 0.62935, 0.65667, 0.64747, 0.61290
0.61260, 0.61808, 0.67858, 0.64516, 0.62903
0.60052, 0.62262, 0.68665, 0.64977, 0.61982
0.59339, 0.63190, 0.69444, 0.64286, 0.63825
0.58321, 0.61913, 0.71058, 0.66590, 0.64977
0.57625, 0.61560, 0.70568, 0.64747, 0.63825
0.56143, 0.61606, 0.72470, 0.67512, 0.63134
0.56020, 0.61020, 0.72557, 0.68203, 0.66129
0.54666, 0.61824, 0.72961, 0.66590, 0.64516
0.53999, 0.63596, 0.73306, 0.65438, 0.63594
0.52905, 0.61596, 0.75670, 0.67512, 0.64747
0.52398, 0.62327, 0.76218, 0.67051, 0.64747
0.50583, 0.60760, 0.77457, 0.66129, 0.64977
0.49830, 0.62927, 0.78149, 0.67742, 0.66359
0.48415, 0.63405, 0.78380, 0.64977, 0.63134
0.47083, 0.62040, 0.78293, 0.67512, 0.65438
0.46773, 0.63228, 0.80110, 0.66359, 0.65899
0.44777, 0.64788, 0.81061, 0.68894, 0.67051
0.44006, 0.64186, 0.81637, 0.67281, 0.63825
0.41533, 0.72289, 0.81810, 0.67512, 0.64286
0.40118, 0.78710, 0.81234, 0.63364, 0.60829
0.39741, 0.75555, 0.85385, 0.64286, 0.64055
0.37680, 0.76870, 0.85673, 0.64977, 0.64977
0.36649, 0.78735, 0.87086, 0.62673, 0.64055
0.33645, 0.83654, 0.87864, 0.63364, 0.64747
0.33027, 0.94582, 0.87460, 0.61521, 0.63594
0.31666, 0.88766, 0.89334, 0.62673, 0.63594
0.29268, 0.96351, 0.90516, 0.62212, 0.64055
0.28369, 0.96650, 0.90170, 0.63825, 0.62442
0.25871, 1.02841, 0.90948, 0.60138, 0.63364
0.24384, 1.09960, 0.92217, 0.61060, 0.62673
0.24198, 1.27073, 0.91323, 0.62903, 0.61521
0.24610, 1.10923, 0.91352, 0.61060, 0.60138
----------------------------------------------------------------------------------------------------------------------------
0.68086, 0.66877, 0.55607, 0.56912, 0.53687
0.66835, 0.64780, 0.57481, 0.59447, 0.56682
0.64391, 0.62385, 0.67570, 0.68664, 0.65438
0.61810, 0.58860, 0.68579, 0.70046, 0.63364
0.60992, 0.58636, 0.68925, 0.69585, 0.61521
0.58330, 0.58425, 0.70078, 0.68433, 0.64055
0.56701, 0.56750, 0.72845, 0.71429, 0.65899
0.54184, 0.57028, 0.74517, 0.71889, 0.64055
0.53247, 0.57327, 0.75209, 0.70507, 0.63364
0.50450, 0.58427, 0.77083, 0.71659, 0.62903
0.47842, 0.68136, 0.73451, 0.68433, 0.61521
0.47233, 0.60067, 0.78265, 0.67742, 0.62673
0.45021, 0.58042, 0.83050, 0.73502, 0.63134
0.43067, 0.64285, 0.83252, 0.70046, 0.64055
0.42293, 0.62165, 0.84347, 0.70276, 0.64055
0.37392, 0.65368, 0.86509, 0.69585, 0.61982
0.36751, 0.69705, 0.84866, 0.71659, 0.64055
0.33727, 0.75562, 0.83713, 0.65668, 0.60599
0.31914, 0.72090, 0.90084, 0.71198, 0.62442
0.29319, 0.88676, 0.89507, 0.68203, 0.62212
0.27382, 0.83691, 0.92649, 0.70276, 0.64516
0.27769, 0.79163, 0.91525, 0.67512, 0.61521
0.22496, 1.05181, 0.90631, 0.70046, 0.60829
0.22389, 1.01963, 0.90084, 0.70046, 0.61290
0.21446, 0.94783, 0.95042, 0.68433, 0.60829
0.18672, 1.07940, 0.95301, 0.69816, 0.61982
0.15897, 1.29187, 0.94062, 0.69816, 0.61982
----------------------------------------------------------------------------------------------------------------------------
0.68400, 0.69519, 0.50908, 0.47465, 0.48618
0.67742, 0.66314, 0.59210, 0.61290, 0.58986
0.65696, 0.64690, 0.62583, 0.64055, 0.59447
0.63866, 0.63409, 0.67022, 0.67051, 0.62673
0.62505, 0.61613, 0.63707, 0.62673, 0.61521
0.61635, 0.62038, 0.63073, 0.61290, 0.62212
0.60167, 0.61905, 0.66907, 0.64516, 0.66129
0.59018, 0.61725, 0.68291, 0.64516, 0.63825
0.58455, 0.67315, 0.68262, 0.60138, 0.63134
0.57078, 0.65049, 0.67368, 0.63825, 0.64747
0.56880, 0.61382, 0.72730, 0.64977, 0.64516
0.55042, 0.65899, 0.72989, 0.59677, 0.63594
0.55097, 0.63035, 0.73710, 0.66129, 0.66820
0.53443, 0.62259, 0.75699, 0.67051, 0.66590
0.52515, 0.62537, 0.76737, 0.66129, 0.65668
0.50741, 0.65140, 0.74114, 0.65207, 0.65438
0.49878, 0.64921, 0.78149, 0.66359, 0.66359
0.48732, 0.65650, 0.78985, 0.64516, 0.67051
0.47798, 0.64718, 0.81493, 0.64977, 0.64977
0.47108, 0.70641, 0.79994, 0.61982, 0.64747
0.45329, 0.67161, 0.82790, 0.64286, 0.64747
0.43533, 0.66603, 0.82099, 0.68203, 0.65668
0.42175, 0.70708, 0.83396, 0.65899, 0.65207
0.41907, 0.75870, 0.83915, 0.66129, 0.66820
0.38583, 0.76668, 0.85817, 0.61521, 0.66129
0.38063, 0.85070, 0.84981, 0.61060, 0.64516
0.36951, 0.81201, 0.85500, 0.65668, 0.64286
0.36661, 0.86821, 0.86423, 0.61060, 0.64977
0.34438, 0.88664, 0.88931, 0.61290, 0.65668
0.31290, 0.94613, 0.89276, 0.62442, 0.66590
0.29853, 1.09094, 0.85615, 0.58756, 0.62212
----------------------------------------------------------------------------------------------------------------------------
0.68047, 0.68520, 0.55520, 0.54378, 0.56452
0.66326, 0.65892, 0.61978, 0.58986, 0.60369
0.63101, 0.63659, 0.66936, 0.60599, 0.62673
0.59969, 0.64844, 0.69213, 0.59908, 0.64055
0.57466, 0.67356, 0.69645, 0.59677, 0.62442
0.55623, 0.68299, 0.72643, 0.63134, 0.62903
0.53642, 0.65447, 0.76189, 0.64286, 0.64286
0.50289, 0.75251, 0.75786, 0.61751, 0.60369
0.48668, 0.71406, 0.79504, 0.61982, 0.63594
0.47296, 0.69917, 0.82675, 0.59908, 0.64286
0.43793, 0.74240, 0.83482, 0.61982, 0.65207
0.42403, 0.76500, 0.84837, 0.62212, 0.62673
0.39830, 0.80598, 0.84693, 0.61982, 0.63825
0.38226, 0.83060, 0.87662, 0.60599, 0.65207
0.34405, 0.89216, 0.89075, 0.61060, 0.65899
0.32404, 1.04886, 0.82733, 0.58295, 0.59677
0.30284, 0.98903, 0.88786, 0.60369, 0.64055
0.27946, 1.11016, 0.92188, 0.61521, 0.66820
0.24834, 1.12451, 0.92707, 0.61982, 0.62673
0.22995, 1.22920, 0.94523, 0.61521, 0.64055
0.21780, 1.21519, 0.94782, 0.60829, 0.64286
0.19545, 1.46972, 0.95820, 0.61751, 0.64977
0.14597, 1.57083, 0.94667, 0.61751, 0.66590
----------------------------------------------------------------------------------------------------------------------------
0.67666, 0.66790, 0.57538, 0.59217, 0.58756
0.67304, 0.65377, 0.58576, 0.60138, 0.62212
0.65002, 0.64524, 0.62756, 0.64055, 0.64516
0.62982, 0.65052, 0.64457, 0.61060, 0.63364
0.62387, 0.65076, 0.66590, 0.60138, 0.62212
0.60679, 0.62798, 0.67685, 0.67051, 0.66129
0.59973, 0.63965, 0.68665, 0.61982, 0.64977
0.58720, 0.64073, 0.69905, 0.62903, 0.63364
0.57442, 0.62320, 0.72961, 0.64516, 0.67281
0.56066, 0.62066, 0.73624, 0.65899, 0.67742
0.55082, 0.61769, 0.75584, 0.64977, 0.68664
0.52682, 0.62556, 0.76564, 0.63594, 0.67972
0.51169, 0.64220, 0.77775, 0.64286, 0.66359
0.50990, 0.66282, 0.72182, 0.64055, 0.64286
0.48291, 0.68705, 0.78063, 0.60829, 0.65668
0.46012, 0.71564, 0.81291, 0.63134, 0.64747
0.43875, 0.73535, 0.82070, 0.60829, 0.65438
0.41704, 0.77689, 0.82012, 0.64286, 0.66590
0.41214, 0.72723, 0.82762, 0.65668, 0.64747
0.38017, 0.78329, 0.86567, 0.62903, 0.65207
0.37746, 0.78945, 0.86307, 0.62442, 0.61060
0.34873, 0.79152, 0.87950, 0.63364, 0.66590
0.32720, 0.84630, 0.90055, 0.62903, 0.65207
0.30349, 0.85800, 0.90343, 0.63134, 0.64055
0.28764, 0.93363, 0.88959, 0.63134, 0.61060
0.25527, 0.94902, 0.91900, 0.62903, 0.60599
0.23226, 1.05894, 0.92620, 0.62442, 0.62442
0.23243, 1.21444, 0.92937, 0.61060, 0.62212
0.22546, 1.17213, 0.93831, 0.62903, 0.59447
0.18087, 1.26442, 0.95013, 0.63825, 0.62212
0.16414, 1.45719, 0.93629, 0.62442, 0.62673
============================================================================================================================
Namespace(pooling='lspool', batch_size=32, lr=0.0001, epochs=200, pool_ratio=0.5, dataset='PROTEINS', edges=False, runs=10, logging='logs/27_03_24/lspool3conv_1attn', config='config/config.json', patience=20, seeds='config/seeds'); _CudaDeviceProperties(name='NVIDIA GeForce RTX 4060 Ti', major=8, minor=9, total_memory=16379MB, multi_processor_count=34); {'hidden_features': 128, 'nonlinearity': 'elu', 'p_dropout': 0.0, 'conv_layer': 'GraphConv', 'pre_gnn': [64, 128], 'post_gnn': [128, 64], 'pre_pool_convs': 2, 'post_pool_convs': 1} 
----------------------------------------------------------------------------------------------------------------------------
0.67409, 0.64817, 0.62135, 0.63063, 0.64286
0.64895, 0.62464, 0.65169, 0.63964, 0.66071
0.63793, 0.73255, 0.60225, 0.48649, 0.65179
0.63151, 0.66317, 0.66517, 0.63063, 0.72321
0.62154, 0.63765, 0.65843, 0.63063, 0.67857
0.60955, 0.66826, 0.68989, 0.62162, 0.65179
0.61257, 0.62600, 0.67978, 0.66667, 0.68750
0.60836, 0.61243, 0.65955, 0.65766, 0.61607
0.61325, 0.63756, 0.66517, 0.60360, 0.71429
0.59600, 0.62223, 0.69213, 0.62162, 0.68750
0.59665, 0.59935, 0.71236, 0.68468, 0.65179
0.60101, 0.59410, 0.71685, 0.68468, 0.68750
0.58092, 0.59120, 0.70674, 0.67568, 0.66964
0.58209, 0.66011, 0.67640, 0.58559, 0.70536
0.58104, 0.58316, 0.70112, 0.65766, 0.69643
0.59019, 0.60016, 0.72022, 0.66667, 0.67857
0.57534, 0.63188, 0.68764, 0.61261, 0.67857
0.57715, 0.60528, 0.70337, 0.65766, 0.71429
0.57482, 0.61767, 0.70562, 0.63964, 0.68750
0.57033, 0.59366, 0.72360, 0.67568, 0.66964
0.56868, 0.65331, 0.70000, 0.62162, 0.71429
0.57709, 0.59352, 0.68764, 0.68468, 0.67857
0.57160, 0.57695, 0.72135, 0.72973, 0.65179
0.56053, 0.58513, 0.72360, 0.65766, 0.70536
0.56469, 0.57550, 0.70112, 0.68468, 0.64286
0.57415, 0.61479, 0.72022, 0.63964, 0.70536
0.55071, 0.59179, 0.72360, 0.67568, 0.69643
0.55108, 0.58242, 0.72584, 0.67568, 0.68750
0.55190, 0.57749, 0.72921, 0.70270, 0.60714
0.54516, 0.58842, 0.74382, 0.68468, 0.66964
0.54806, 0.57787, 0.72809, 0.69369, 0.64286
0.54812, 0.60709, 0.72809, 0.71171, 0.62500
0.53769, 0.58218, 0.73483, 0.68468, 0.66071
0.54962, 0.60382, 0.71573, 0.64865, 0.70536
0.54198, 0.57537, 0.74607, 0.69369, 0.63393
0.53031, 0.56946, 0.75056, 0.72072, 0.64286
0.52880, 0.60674, 0.74719, 0.72072, 0.62500
0.53701, 0.55831, 0.74607, 0.72072, 0.64286
0.52978, 0.57039, 0.75281, 0.69369, 0.65179
0.52774, 0.59693, 0.75056, 0.69369, 0.69643
0.53447, 0.58417, 0.74494, 0.72973, 0.64286
0.52684, 0.57202, 0.75393, 0.72973, 0.62500
0.52426, 0.59383, 0.72809, 0.68468, 0.65179
0.52464, 0.57195, 0.75281, 0.66667, 0.68750
0.51599, 0.57136, 0.76180, 0.69369, 0.69643
0.51358, 0.56848, 0.76292, 0.69369, 0.65179
0.51134, 0.56273, 0.75843, 0.72973, 0.65179
0.51606, 0.58121, 0.75955, 0.68468, 0.69643
0.51218, 0.58705, 0.75169, 0.75676, 0.64286
0.52496, 0.56043, 0.76292, 0.72072, 0.64286
0.51299, 0.55622, 0.75843, 0.70270, 0.69643
0.51968, 0.55080, 0.76404, 0.72072, 0.68750
0.50610, 0.56857, 0.75169, 0.67568, 0.67857
0.50980, 0.54660, 0.76517, 0.72072, 0.69643
0.49639, 0.59670, 0.75506, 0.71171, 0.66071
0.50009, 0.59584, 0.75281, 0.74775, 0.65179
0.49608, 0.56959, 0.78539, 0.69369, 0.70536
0.49527, 0.58200, 0.77978, 0.73874, 0.69643
0.50716, 0.56126, 0.77978, 0.70270, 0.72321
0.49817, 0.57337, 0.75843, 0.68468, 0.72321
0.52074, 0.62415, 0.73371, 0.68468, 0.68750
0.51580, 0.55275, 0.74831, 0.72973, 0.68750
0.51030, 0.58497, 0.75843, 0.71171, 0.67857
0.49570, 0.58302, 0.73708, 0.72072, 0.67857
0.49712, 0.54332, 0.77191, 0.71171, 0.69643
0.48525, 0.57598, 0.77978, 0.71171, 0.69643
0.48208, 0.54912, 0.75393, 0.73874, 0.69643
0.50620, 0.54992, 0.77640, 0.70270, 0.70536
0.49004, 0.56091, 0.78315, 0.72072, 0.67857
0.48650, 0.54417, 0.77303, 0.72072, 0.67857
0.49093, 0.57004, 0.77753, 0.73874, 0.68750
0.48655, 0.56523, 0.77640, 0.72072, 0.69643
0.49320, 0.55091, 0.78876, 0.71171, 0.71429
0.48476, 0.56802, 0.77865, 0.71171, 0.69643
0.48366, 0.56747, 0.75169, 0.69369, 0.66964
0.48429, 0.57126, 0.78989, 0.71171, 0.69643
0.47891, 0.59838, 0.73596, 0.67568, 0.60714
0.50037, 0.56917, 0.74494, 0.68468, 0.67857
0.50348, 0.53950, 0.77191, 0.71171, 0.69643
0.48788, 0.57058, 0.78989, 0.73874, 0.68750
0.47772, 0.54911, 0.75955, 0.71171, 0.67857
0.49157, 0.55208, 0.77978, 0.68468, 0.70536
0.47295, 0.54419, 0.76854, 0.70270, 0.67857
0.47123, 0.56874, 0.80337, 0.69369, 0.68750
0.47707, 0.56508, 0.79438, 0.69369, 0.68750
0.47547, 0.57999, 0.78202, 0.72072, 0.66071
0.45824, 0.56447, 0.79326, 0.71171, 0.70536
0.46693, 0.55533, 0.77191, 0.71171, 0.70536
0.46307, 0.57531, 0.77978, 0.70270, 0.75000
0.46869, 0.58791, 0.80674, 0.67568, 0.69643
0.46209, 0.56979, 0.79551, 0.69369, 0.69643
0.46549, 0.57416, 0.78202, 0.72072, 0.63393
0.45379, 0.58566, 0.79438, 0.69369, 0.67857
0.45906, 0.58910, 0.76742, 0.72973, 0.66071
0.46648, 0.58319, 0.80225, 0.66667, 0.70536
0.45002, 0.57766, 0.77753, 0.72072, 0.66964
0.46529, 0.57986, 0.77079, 0.72973, 0.65179
0.44744, 0.57892, 0.80337, 0.66667, 0.72321
0.44342, 0.57082, 0.80225, 0.72973, 0.68750
----------------------------------------------------------------------------------------------------------------------------
0.63810, 0.61415, 0.61573, 0.62162, 0.58036
0.61330, 0.56261, 0.68989, 0.69369, 0.67857
0.58307, 0.57509, 0.66067, 0.63063, 0.61607
0.59662, 0.54566, 0.72360, 0.72973, 0.66071
0.57341, 0.54592, 0.69888, 0.65766, 0.66964
0.56346, 0.51704, 0.72472, 0.74775, 0.68750
0.57029, 0.54943, 0.71798, 0.72072, 0.65179
0.57612, 0.52533, 0.73483, 0.77477, 0.65179
0.55449, 0.50944, 0.73708, 0.76577, 0.67857
0.55253, 0.52532, 0.73483, 0.76577, 0.68750
0.55495, 0.51117, 0.71685, 0.72072, 0.70536
0.54929, 0.51730, 0.72697, 0.76577, 0.67857
0.55534, 0.51528, 0.72247, 0.73874, 0.70536
0.55054, 0.52458, 0.71798, 0.73874, 0.67857
0.53948, 0.48756, 0.74045, 0.76577, 0.66964
0.54055, 0.50442, 0.74494, 0.75676, 0.66964
0.56048, 0.50384, 0.73483, 0.77477, 0.66071
0.54002, 0.49587, 0.75618, 0.77477, 0.71429
0.52976, 0.49064, 0.75955, 0.77477, 0.69643
0.52858, 0.48782, 0.75955, 0.76577, 0.71429
0.53450, 0.52646, 0.75618, 0.75676, 0.70536
0.55402, 0.52373, 0.73258, 0.73874, 0.71429
0.53758, 0.48581, 0.75506, 0.81081, 0.69643
0.52647, 0.49159, 0.76404, 0.77477, 0.66964
0.51522, 0.53352, 0.74270, 0.76577, 0.67857
0.54596, 0.48625, 0.75506, 0.78378, 0.67857
0.52866, 0.54028, 0.72360, 0.72973, 0.67857
0.52623, 0.49760, 0.76966, 0.78378, 0.70536
0.50679, 0.49551, 0.77865, 0.79279, 0.71429
0.51086, 0.51986, 0.77528, 0.78378, 0.70536
0.50830, 0.49892, 0.77528, 0.78378, 0.68750
0.50551, 0.49621, 0.78539, 0.77477, 0.72321
0.52285, 0.48405, 0.79888, 0.80180, 0.69643
0.49773, 0.57802, 0.74045, 0.72973, 0.67857
0.50643, 0.50908, 0.77978, 0.78378, 0.73214
0.50400, 0.52285, 0.75843, 0.74775, 0.67857
0.51029, 0.51633, 0.79551, 0.77477, 0.69643
0.48947, 0.51950, 0.78876, 0.76577, 0.71429
0.49061, 0.57733, 0.75955, 0.72072, 0.68750
0.50688, 0.49726, 0.78764, 0.80180, 0.71429
0.48614, 0.50314, 0.77865, 0.76577, 0.68750
0.48446, 0.55428, 0.78090, 0.75676, 0.69643
0.50215, 0.54718, 0.79438, 0.74775, 0.72321
0.48805, 0.57311, 0.77640, 0.75676, 0.73214
0.48232, 0.59120, 0.79663, 0.74775, 0.69643
0.48316, 0.52780, 0.79438, 0.75676, 0.70536
0.46375, 0.56115, 0.80000, 0.72973, 0.68750
0.46678, 0.55651, 0.80562, 0.76577, 0.73214
0.48071, 0.58993, 0.78989, 0.72973, 0.69643
0.47230, 0.66533, 0.76629, 0.70270, 0.64286
0.47139, 0.55952, 0.81348, 0.79279, 0.69643
0.45949, 0.59042, 0.80562, 0.79279, 0.67857
0.46793, 0.63809, 0.78989, 0.72973, 0.69643
----------------------------------------------------------------------------------------------------------------------------
0.65932, 0.64056, 0.61685, 0.63964, 0.64286
0.64339, 0.61556, 0.65955, 0.67568, 0.73214
0.64148, 0.59490, 0.67865, 0.70270, 0.75893
0.62941, 0.60550, 0.67865, 0.70270, 0.74107
0.62416, 0.58122, 0.66517, 0.72973, 0.72321
0.62615, 0.58296, 0.67640, 0.71171, 0.76786
0.61788, 0.57783, 0.66292, 0.68468, 0.73214
0.62384, 0.58173, 0.68427, 0.70270, 0.74107
0.60635, 0.56284, 0.67865, 0.70270, 0.72321
0.60432, 0.56085, 0.67753, 0.70270, 0.74107
0.60730, 0.57379, 0.64270, 0.67568, 0.66964
0.60947, 0.60588, 0.68876, 0.66667, 0.70536
0.60650, 0.59404, 0.67640, 0.71171, 0.66964
0.60205, 0.55673, 0.67191, 0.68468, 0.75000
0.59786, 0.56788, 0.69213, 0.75676, 0.70536
0.58885, 0.54492, 0.68652, 0.76577, 0.71429
0.59537, 0.54067, 0.70000, 0.75676, 0.70536
0.59038, 0.57813, 0.70225, 0.73874, 0.68750
0.60066, 0.54763, 0.69438, 0.72973, 0.72321
0.58359, 0.54343, 0.70225, 0.71171, 0.72321
0.58690, 0.57834, 0.69101, 0.71171, 0.72321
0.57716, 0.55399, 0.68876, 0.69369, 0.77679
0.58506, 0.52150, 0.70674, 0.73874, 0.71429
0.58436, 0.54876, 0.68202, 0.72973, 0.69643
0.58268, 0.52358, 0.70674, 0.73874, 0.71429
0.58098, 0.54061, 0.70562, 0.71171, 0.75000
0.57988, 0.53809, 0.69663, 0.68468, 0.73214
0.57628, 0.55086, 0.72360, 0.72072, 0.73214
0.57764, 0.52720, 0.71124, 0.72973, 0.70536
0.58241, 0.54912, 0.70787, 0.73874, 0.69643
0.57957, 0.51351, 0.69888, 0.71171, 0.72321
0.58469, 0.55855, 0.70000, 0.72072, 0.72321
0.58562, 0.56834, 0.68427, 0.71171, 0.66964
0.58409, 0.61821, 0.66742, 0.63964, 0.66964
0.56786, 0.57842, 0.71461, 0.66667, 0.70536
0.57110, 0.54056, 0.69663, 0.71171, 0.75893
0.58992, 0.53898, 0.69101, 0.68468, 0.75000
0.57118, 0.52944, 0.70899, 0.69369, 0.73214
0.56345, 0.52512, 0.71910, 0.69369, 0.75000
0.55645, 0.53066, 0.72360, 0.72072, 0.75893
0.55968, 0.53646, 0.73708, 0.70270, 0.74107
0.55977, 0.53998, 0.72921, 0.72072, 0.76786
0.55285, 0.55203, 0.71348, 0.69369, 0.71429
0.54753, 0.55128, 0.72697, 0.69369, 0.73214
0.55146, 0.59924, 0.70899, 0.63964, 0.72321
0.55636, 0.54473, 0.72022, 0.72072, 0.72321
0.55217, 0.52969, 0.71910, 0.70270, 0.74107
0.54537, 0.53507, 0.73258, 0.71171, 0.75000
0.55292, 0.56179, 0.73258, 0.69369, 0.75000
0.54563, 0.51671, 0.74944, 0.69369, 0.75893
0.55692, 0.51289, 0.72584, 0.71171, 0.73214
0.54074, 0.54108, 0.73146, 0.69369, 0.75000
0.55295, 0.50655, 0.72247, 0.73874, 0.74107
0.54751, 0.53049, 0.74607, 0.69369, 0.75893
0.54522, 0.56533, 0.73483, 0.69369, 0.74107
0.54728, 0.52983, 0.73933, 0.72973, 0.76786
0.54305, 0.52056, 0.74382, 0.70270, 0.75000
0.53933, 0.51244, 0.74382, 0.71171, 0.75893
0.53649, 0.55622, 0.74831, 0.70270, 0.75893
0.53926, 0.50905, 0.74270, 0.72072, 0.75893
0.54210, 0.56755, 0.74157, 0.66667, 0.73214
0.53884, 0.50111, 0.73258, 0.70270, 0.74107
0.53408, 0.53607, 0.75618, 0.68468, 0.75000
0.53623, 0.51527, 0.72584, 0.72973, 0.73214
0.53863, 0.55213, 0.73933, 0.72973, 0.74107
0.54401, 0.51834, 0.74719, 0.70270, 0.75000
0.53269, 0.52990, 0.75056, 0.70270, 0.75893
0.53396, 0.53326, 0.74382, 0.72072, 0.79464
0.52593, 0.50709, 0.74607, 0.73874, 0.74107
0.52371, 0.50942, 0.73146, 0.72973, 0.76786
0.53780, 0.51856, 0.74382, 0.71171, 0.76786
0.52762, 0.51346, 0.73708, 0.72973, 0.74107
0.52966, 0.51568, 0.73371, 0.71171, 0.75893
0.53189, 0.54699, 0.73708, 0.68468, 0.74107
0.52047, 0.50702, 0.74831, 0.73874, 0.77679
0.53802, 0.52558, 0.74270, 0.72973, 0.74107
0.54138, 0.49848, 0.74607, 0.73874, 0.77679
0.52554, 0.51812, 0.74944, 0.69369, 0.77679
0.51964, 0.50715, 0.74270, 0.73874, 0.75000
0.52525, 0.53104, 0.75393, 0.69369, 0.76786
0.52772, 0.54520, 0.74719, 0.67568, 0.77679
0.52283, 0.54855, 0.75281, 0.70270, 0.75893
0.52729, 0.54340, 0.74382, 0.68468, 0.75893
0.52253, 0.51718, 0.74270, 0.73874, 0.74107
0.51944, 0.51711, 0.74494, 0.72072, 0.77679
0.51522, 0.51246, 0.75506, 0.70270, 0.77679
0.51716, 0.51851, 0.76067, 0.70270, 0.76786
0.51873, 0.53360, 0.75618, 0.71171, 0.79464
0.51637, 0.53508, 0.75843, 0.68468, 0.78571
0.51094, 0.53390, 0.76180, 0.69369, 0.79464
0.50923, 0.52554, 0.74270, 0.73874, 0.77679
0.51391, 0.56240, 0.75730, 0.66667, 0.75893
0.50330, 0.50622, 0.74382, 0.72973, 0.75893
0.51358, 0.52655, 0.75955, 0.71171, 0.78571
0.51123, 0.51984, 0.75730, 0.76577, 0.78571
0.52547, 0.54967, 0.75169, 0.67568, 0.77679
0.51668, 0.54575, 0.74045, 0.72072, 0.74107
----------------------------------------------------------------------------------------------------------------------------
0.65930, 0.64032, 0.61685, 0.63964, 0.64286
0.64418, 0.61369, 0.65506, 0.69369, 0.74107
0.64229, 0.60722, 0.66404, 0.69369, 0.72321
0.63147, 0.60297, 0.67079, 0.67568, 0.73214
0.62723, 0.59333, 0.65843, 0.71171, 0.71429
0.62518, 0.59248, 0.67978, 0.66667, 0.74107
0.62082, 0.57535, 0.66517, 0.69369, 0.72321
0.62036, 0.58392, 0.67865, 0.70270, 0.72321
0.60792, 0.56301, 0.67978, 0.71171, 0.74107
0.60156, 0.54865, 0.67865, 0.68468, 0.75893
0.60549, 0.57896, 0.64270, 0.68468, 0.66964
0.61296, 0.59762, 0.68989, 0.70270, 0.68750
0.60684, 0.59757, 0.66966, 0.72072, 0.66071
0.60192, 0.55818, 0.66517, 0.67568, 0.71429
0.59730, 0.56681, 0.68202, 0.73874, 0.71429
0.58678, 0.54076, 0.69101, 0.71171, 0.73214
0.59344, 0.54011, 0.70000, 0.74775, 0.68750
0.58793, 0.56670, 0.71011, 0.75676, 0.71429
0.59810, 0.54831, 0.69888, 0.72973, 0.73214
0.58212, 0.54609, 0.69775, 0.69369, 0.73214
0.58896, 0.57677, 0.70225, 0.72072, 0.72321
0.57747, 0.55567, 0.68989, 0.71171, 0.76786
0.58518, 0.52696, 0.70787, 0.72973, 0.70536
0.58379, 0.56304, 0.68427, 0.72072, 0.68750
0.58130, 0.52379, 0.71124, 0.72973, 0.71429
0.58035, 0.54056, 0.70787, 0.71171, 0.76786
0.57843, 0.54022, 0.69775, 0.68468, 0.72321
0.57424, 0.55439, 0.72809, 0.70270, 0.75000
0.57548, 0.52725, 0.71011, 0.73874, 0.69643
0.58346, 0.55403, 0.70225, 0.72072, 0.70536
0.57844, 0.51259, 0.70674, 0.72973, 0.70536
0.58416, 0.55618, 0.70674, 0.72072, 0.72321
0.58433, 0.56967, 0.68539, 0.70270, 0.67857
0.58259, 0.61283, 0.67079, 0.65766, 0.67857
0.56767, 0.57755, 0.71685, 0.67568, 0.68750
0.57074, 0.54178, 0.69438, 0.68468, 0.75000
0.58598, 0.53944, 0.69213, 0.67568, 0.75893
0.57107, 0.53148, 0.71011, 0.70270, 0.72321
0.56229, 0.53005, 0.72247, 0.70270, 0.75893
0.55676, 0.53045, 0.72022, 0.73874, 0.75000
0.56085, 0.54798, 0.73596, 0.72072, 0.75893
0.55965, 0.54247, 0.73483, 0.72072, 0.76786
0.55307, 0.54761, 0.71685, 0.68468, 0.72321
0.54729, 0.54788, 0.71798, 0.69369, 0.72321
0.55238, 0.59723, 0.70787, 0.63063, 0.71429
0.55618, 0.53911, 0.71910, 0.70270, 0.71429
0.55229, 0.52216, 0.72360, 0.70270, 0.74107
0.54638, 0.52488, 0.72697, 0.72072, 0.74107
0.55256, 0.56272, 0.74045, 0.69369, 0.74107
0.54465, 0.51036, 0.74607, 0.71171, 0.74107
0.55756, 0.51644, 0.72472, 0.72072, 0.73214
0.54052, 0.53758, 0.72472, 0.72072, 0.73214
0.55380, 0.50174, 0.72135, 0.72973, 0.75000
0.54665, 0.53999, 0.74719, 0.67568, 0.73214
0.54372, 0.56190, 0.73258, 0.68468, 0.75000
0.54603, 0.53633, 0.73596, 0.71171, 0.78571
0.54186, 0.51954, 0.74157, 0.70270, 0.75893
0.54045, 0.51888, 0.74607, 0.70270, 0.75893
0.53609, 0.55023, 0.74157, 0.70270, 0.75893
0.54079, 0.50710, 0.74494, 0.70270, 0.78571
0.53971, 0.56197, 0.73820, 0.68468, 0.74107
0.53736, 0.50197, 0.74045, 0.71171, 0.75893
0.53330, 0.52691, 0.75281, 0.69369, 0.75000
0.53778, 0.50636, 0.72809, 0.74775, 0.72321
0.53602, 0.55681, 0.73820, 0.70270, 0.72321
0.54319, 0.51447, 0.74607, 0.71171, 0.74107
0.53433, 0.52424, 0.74944, 0.70270, 0.75893
0.53359, 0.53599, 0.74270, 0.72072, 0.78571
0.52598, 0.50085, 0.74607, 0.72072, 0.75000
0.52693, 0.50605, 0.73820, 0.72072, 0.75893
0.53810, 0.51862, 0.74045, 0.70270, 0.75893
0.52798, 0.50397, 0.74045, 0.73874, 0.73214
0.53061, 0.50978, 0.72921, 0.73874, 0.73214
0.53584, 0.53944, 0.74045, 0.67568, 0.75893
0.52109, 0.50370, 0.74494, 0.72072, 0.77679
0.53359, 0.51209, 0.74944, 0.74775, 0.75000
0.52674, 0.49895, 0.75169, 0.74775, 0.77679
0.52426, 0.51157, 0.75169, 0.71171, 0.76786
0.51790, 0.50078, 0.74382, 0.72072, 0.74107
0.52501, 0.51276, 0.75169, 0.72072, 0.77679
0.52974, 0.52660, 0.75056, 0.71171, 0.78571
0.52480, 0.53849, 0.75506, 0.72072, 0.75893
0.52512, 0.52612, 0.74045, 0.71171, 0.76786
0.52163, 0.50887, 0.74045, 0.75676, 0.73214
0.51589, 0.50891, 0.75618, 0.70270, 0.78571
0.51216, 0.51044, 0.74719, 0.68468, 0.77679
0.51616, 0.51072, 0.75506, 0.72072, 0.75893
0.51981, 0.53657, 0.75843, 0.71171, 0.80357
0.51736, 0.51971, 0.75506, 0.69369, 0.76786
0.51140, 0.52695, 0.75393, 0.71171, 0.81250
0.50812, 0.53369, 0.75281, 0.75676, 0.76786
0.51876, 0.55532, 0.75955, 0.69369, 0.79464
0.50709, 0.50730, 0.74607, 0.74775, 0.75000
0.51724, 0.51168, 0.76067, 0.73874, 0.75893
0.51564, 0.50242, 0.76067, 0.74775, 0.75893
0.52782, 0.55221, 0.74719, 0.67568, 0.77679
0.52575, 0.54511, 0.74607, 0.72973, 0.74107
0.51825, 0.49134, 0.76404, 0.74775, 0.76786
0.50999, 0.52539, 0.74607, 0.73874, 0.76786
0.50774, 0.50469, 0.75169, 0.74775, 0.76786
0.52181, 0.52759, 0.76292, 0.74775, 0.80357
0.50810, 0.50065, 0.76292, 0.75676, 0.75893
0.50162, 0.51870, 0.76067, 0.72072, 0.75000
0.50559, 0.53540, 0.74607, 0.71171, 0.73214
0.50726, 0.51272, 0.76854, 0.73874, 0.79464
0.50711, 0.52624, 0.75843, 0.69369, 0.77679
0.51025, 0.52919, 0.73933, 0.73874, 0.75893
0.52953, 0.54918, 0.75393, 0.72973, 0.73214
0.52543, 0.50557, 0.77079, 0.74775, 0.79464
0.50489, 0.49828, 0.77191, 0.74775, 0.76786
0.49854, 0.52036, 0.77865, 0.75676, 0.78571
0.49382, 0.50159, 0.76292, 0.72973, 0.77679
0.49633, 0.52081, 0.76517, 0.79279, 0.76786
0.49628, 0.50386, 0.77079, 0.75676, 0.77679
0.50594, 0.55485, 0.73933, 0.65766, 0.73214
0.50253, 0.52887, 0.77528, 0.76577, 0.79464
0.49202, 0.51439, 0.76292, 0.72973, 0.79464
0.50156, 0.51512, 0.77640, 0.75676, 0.77679
----------------------------------------------------------------------------------------------------------------------------
0.70374, 0.65758, 0.68764, 0.69369, 0.59821
0.62342, 0.64023, 0.69438, 0.65766, 0.63393
0.60619, 0.61086, 0.70337, 0.66667, 0.65179
0.58653, 0.59644, 0.71011, 0.68468, 0.65179
0.57411, 0.59830, 0.72472, 0.67568, 0.62500
0.56383, 0.59466, 0.72921, 0.67568, 0.63393
0.56107, 0.57663, 0.74157, 0.71171, 0.66071
0.55752, 0.59335, 0.73820, 0.67568, 0.65179
0.54926, 0.61112, 0.73034, 0.67568, 0.66964
0.54167, 0.58542, 0.75169, 0.72072, 0.68750
0.54536, 0.54398, 0.75618, 0.75676, 0.61607
0.53787, 0.54838, 0.74157, 0.72973, 0.59821
0.53334, 0.58053, 0.76854, 0.73874, 0.66071
0.53021, 0.57980, 0.75730, 0.72973, 0.66964
0.52383, 0.58435, 0.76742, 0.72973, 0.65179
0.52697, 0.63538, 0.74494, 0.67568, 0.69643
0.53831, 0.55177, 0.73933, 0.72973, 0.59821
0.53168, 0.57649, 0.77303, 0.73874, 0.66071
0.51885, 0.57443, 0.77416, 0.73874, 0.66964
0.51012, 0.55628, 0.77303, 0.75676, 0.66964
0.52058, 0.57981, 0.77978, 0.72973, 0.68750
0.51023, 0.55366, 0.78202, 0.76577, 0.67857
0.51204, 0.66116, 0.74831, 0.67568, 0.67857
0.51380, 0.65340, 0.73708, 0.67568, 0.65179
0.52076, 0.55764, 0.78202, 0.74775, 0.68750
0.51562, 0.59089, 0.77191, 0.73874, 0.66071
0.51843, 0.56491, 0.78539, 0.73874, 0.67857
0.51132, 0.63582, 0.75730, 0.69369, 0.70536
0.49436, 0.55632, 0.76292, 0.72973, 0.59821
0.51076, 0.54714, 0.78315, 0.72973, 0.63393
0.49992, 0.60309, 0.77753, 0.70270, 0.66071
----------------------------------------------------------------------------------------------------------------------------
0.66919, 0.62432, 0.60337, 0.61261, 0.58929
0.65536, 0.62010, 0.65056, 0.67568, 0.58929
0.63875, 0.59815, 0.64719, 0.66667, 0.60714
0.64334, 0.60495, 0.65843, 0.66667, 0.59821
0.62799, 0.58537, 0.63933, 0.64865, 0.60714
0.61613, 0.60036, 0.68427, 0.73874, 0.64286
0.63027, 0.58933, 0.67416, 0.71171, 0.62500
0.60497, 0.58446, 0.65955, 0.66667, 0.60714
0.62381, 0.57817, 0.68315, 0.68468, 0.62500
0.61311, 0.58468, 0.70225, 0.72072, 0.64286
0.60883, 0.57013, 0.67978, 0.70270, 0.64286
0.58868, 0.56085, 0.68764, 0.71171, 0.63393
0.58934, 0.57482, 0.68202, 0.67568, 0.63393
0.59636, 0.59812, 0.67416, 0.69369, 0.63393
0.60107, 0.55870, 0.69213, 0.69369, 0.66071
0.57415, 0.56692, 0.68876, 0.68468, 0.65179
0.58227, 0.52997, 0.70112, 0.75676, 0.68750
0.59540, 0.57768, 0.68876, 0.72072, 0.62500
0.58224, 0.56128, 0.70337, 0.72072, 0.69643
0.57944, 0.56001, 0.71798, 0.73874, 0.66071
0.57470, 0.53118, 0.71124, 0.73874, 0.66964
0.56437, 0.53947, 0.70449, 0.74775, 0.70536
0.57341, 0.57112, 0.67416, 0.72973, 0.66071
0.58681, 0.53908, 0.70787, 0.74775, 0.63393
0.57207, 0.55047, 0.69551, 0.72973, 0.67857
0.56758, 0.55227, 0.70899, 0.74775, 0.63393
0.57378, 0.53677, 0.72360, 0.73874, 0.66071
0.55797, 0.52696, 0.72247, 0.77477, 0.65179
0.55866, 0.55545, 0.69663, 0.71171, 0.66071
0.56268, 0.51225, 0.72135, 0.77477, 0.66964
0.54948, 0.53687, 0.69438, 0.73874, 0.64286
0.56273, 0.52060, 0.70674, 0.76577, 0.65179
0.56179, 0.49992, 0.71685, 0.78378, 0.68750
0.55994, 0.53451, 0.70000, 0.72973, 0.66964
0.55315, 0.50550, 0.72472, 0.77477, 0.67857
0.55452, 0.51131, 0.72584, 0.78378, 0.69643
0.55231, 0.50979, 0.72135, 0.77477, 0.65179
0.55291, 0.50929, 0.73034, 0.78378, 0.67857
0.54498, 0.51454, 0.73371, 0.77477, 0.69643
0.56582, 0.50946, 0.73146, 0.77477, 0.69643
0.55858, 0.50564, 0.73258, 0.78378, 0.67857
0.54353, 0.54004, 0.71685, 0.75676, 0.67857
0.56269, 0.49229, 0.74382, 0.77477, 0.70536
0.55419, 0.50608, 0.73371, 0.78378, 0.68750
0.54538, 0.49895, 0.74382, 0.75676, 0.68750
0.54130, 0.49631, 0.73596, 0.80180, 0.70536
0.54070, 0.49846, 0.74382, 0.75676, 0.66071
0.54830, 0.52001, 0.73820, 0.76577, 0.71429
0.55096, 0.52945, 0.69551, 0.76577, 0.71429
0.55578, 0.48792, 0.73820, 0.76577, 0.69643
0.53700, 0.50561, 0.74944, 0.76577, 0.70536
0.52693, 0.49202, 0.74270, 0.77477, 0.69643
0.52695, 0.49632, 0.73708, 0.75676, 0.70536
0.52882, 0.50449, 0.73933, 0.76577, 0.74107
0.52706, 0.49940, 0.74831, 0.75676, 0.71429
0.52232, 0.51490, 0.75618, 0.77477, 0.72321
0.52268, 0.50979, 0.72247, 0.74775, 0.67857
0.52310, 0.51998, 0.72809, 0.74775, 0.68750
0.51469, 0.51827, 0.75281, 0.77477, 0.68750
0.51745, 0.51162, 0.73708, 0.76577, 0.66964
0.52947, 0.53447, 0.74831, 0.73874, 0.69643
0.52662, 0.50422, 0.73034, 0.78378, 0.70536
0.52473, 0.51374, 0.74157, 0.75676, 0.64286
0.51974, 0.52089, 0.73596, 0.75676, 0.68750
0.53086, 0.53417, 0.73483, 0.74775, 0.67857
0.52094, 0.50911, 0.74719, 0.75676, 0.67857
0.51331, 0.48305, 0.76629, 0.74775, 0.67857
0.51204, 0.51809, 0.74719, 0.75676, 0.67857
0.51874, 0.51040, 0.75506, 0.75676, 0.67857
0.51272, 0.52234, 0.75843, 0.78378, 0.67857
0.50517, 0.51134, 0.76292, 0.76577, 0.66071
0.51045, 0.49661, 0.76966, 0.78378, 0.69643
0.50153, 0.48469, 0.76629, 0.77477, 0.66964
0.49122, 0.50083, 0.77303, 0.77477, 0.69643
0.49453, 0.51417, 0.75955, 0.77477, 0.66071
0.50139, 0.49802, 0.71910, 0.72973, 0.67857
0.48710, 0.49894, 0.76517, 0.75676, 0.70536
0.51361, 0.49019, 0.77865, 0.79279, 0.66964
0.51770, 0.51329, 0.77303, 0.75676, 0.69643
0.49629, 0.50248, 0.78202, 0.75676, 0.69643
0.49510, 0.52500, 0.76292, 0.77477, 0.72321
0.49608, 0.48559, 0.76517, 0.77477, 0.69643
0.49095, 0.52433, 0.77978, 0.76577, 0.68750
0.48520, 0.50459, 0.79101, 0.78378, 0.69643
0.51009, 0.52097, 0.75393, 0.72072, 0.65179
0.48901, 0.47877, 0.77191, 0.77477, 0.66964
0.49572, 0.50806, 0.77753, 0.78378, 0.71429
0.47713, 0.47127, 0.77528, 0.77477, 0.66071
0.49389, 0.51276, 0.78876, 0.78378, 0.67857
0.46815, 0.50255, 0.77640, 0.76577, 0.67857
0.46768, 0.48710, 0.78652, 0.76577, 0.68750
0.47258, 0.55357, 0.75618, 0.73874, 0.66964
0.47145, 0.48612, 0.79663, 0.77477, 0.69643
0.46794, 0.50085, 0.80225, 0.77477, 0.66071
0.46423, 0.52188, 0.78539, 0.77477, 0.66071
0.46842, 0.49489, 0.80787, 0.77477, 0.70536
0.47032, 0.51615, 0.77865, 0.76577, 0.63393
0.48032, 0.51541, 0.77640, 0.75676, 0.68750
0.47539, 0.47905, 0.77416, 0.79279, 0.68750
0.46958, 0.50729, 0.79888, 0.76577, 0.70536
0.48566, 0.50880, 0.78764, 0.81081, 0.67857
0.48145, 0.48230, 0.81011, 0.79279, 0.64286
0.46208, 0.48168, 0.80562, 0.77477, 0.67857
0.46628, 0.49116, 0.80449, 0.76577, 0.68750
0.45526, 0.46994, 0.81236, 0.79279, 0.66071
0.44987, 0.50701, 0.79888, 0.75676, 0.69643
0.46285, 0.49984, 0.77865, 0.76577, 0.69643
0.46409, 0.45708, 0.79663, 0.79279, 0.68750
0.46390, 0.49509, 0.78876, 0.78378, 0.71429
0.44816, 0.48116, 0.82022, 0.78378, 0.67857
0.44667, 0.46409, 0.81011, 0.81081, 0.66964
0.44924, 0.46593, 0.81236, 0.81081, 0.68750
0.44768, 0.48750, 0.80562, 0.77477, 0.69643
0.45462, 0.49984, 0.77978, 0.79279, 0.69643
0.43974, 0.47377, 0.80225, 0.80180, 0.71429
0.44359, 0.49383, 0.80449, 0.76577, 0.63393
0.47239, 0.47886, 0.78764, 0.78378, 0.66071
0.46721, 0.50932, 0.79663, 0.75676, 0.69643
0.44014, 0.50251, 0.80674, 0.81081, 0.69643
0.43541, 0.49835, 0.79213, 0.80180, 0.69643
0.43247, 0.47021, 0.81798, 0.79279, 0.67857
0.43848, 0.50665, 0.81798, 0.76577, 0.68750
0.43531, 0.46354, 0.81685, 0.80180, 0.71429
0.42593, 0.49367, 0.82584, 0.78378, 0.65179
0.46213, 0.49611, 0.79551, 0.77477, 0.67857
0.47276, 0.47673, 0.79438, 0.78378, 0.66071
0.43823, 0.48853, 0.81910, 0.77477, 0.68750
0.43945, 0.50824, 0.78989, 0.77477, 0.65179
----------------------------------------------------------------------------------------------------------------------------
0.66528, 0.58715, 0.62472, 0.67568, 0.59821
0.61750, 0.56464, 0.66067, 0.75676, 0.65179
0.61329, 0.57927, 0.69438, 0.73874, 0.69643
0.59316, 0.55229, 0.72584, 0.72072, 0.72321
0.58732, 0.55242, 0.72360, 0.72973, 0.68750
0.58284, 0.56283, 0.73258, 0.74775, 0.71429
0.58599, 0.55361, 0.69663, 0.75676, 0.67857
0.56376, 0.54842, 0.73820, 0.73874, 0.70536
0.56159, 0.60042, 0.72809, 0.69369, 0.67857
0.54970, 0.56503, 0.74494, 0.68468, 0.71429
0.54601, 0.53358, 0.71461, 0.74775, 0.69643
0.56200, 0.56520, 0.75955, 0.70270, 0.72321
0.53524, 0.61152, 0.73371, 0.68468, 0.67857
0.54868, 0.55226, 0.74831, 0.70270, 0.67857
0.52572, 0.54155, 0.76629, 0.73874, 0.68750
0.53280, 0.54094, 0.76854, 0.74775, 0.68750
0.57365, 0.53628, 0.69775, 0.75676, 0.66964
0.54499, 0.61385, 0.75506, 0.68468, 0.69643
0.52486, 0.53154, 0.74607, 0.72072, 0.67857
0.53475, 0.56332, 0.76404, 0.72973, 0.70536
0.53600, 0.62419, 0.74607, 0.65766, 0.68750
0.52508, 0.52102, 0.73820, 0.72973, 0.68750
0.52223, 0.60199, 0.76517, 0.70270, 0.69643
0.52694, 0.53807, 0.76517, 0.74775, 0.65179
0.51370, 0.58500, 0.76742, 0.69369, 0.69643
0.51894, 0.54610, 0.78090, 0.75676, 0.67857
0.51405, 0.65516, 0.71910, 0.66667, 0.62500
0.50710, 0.54896, 0.77978, 0.76577, 0.68750
0.50134, 0.57019, 0.77978, 0.71171, 0.69643
0.51441, 0.60085, 0.76966, 0.69369, 0.71429
0.50654, 0.55602, 0.78764, 0.75676, 0.66964
0.51530, 0.54914, 0.76966, 0.72973, 0.69643
0.51634, 0.53646, 0.78202, 0.74775, 0.66071
0.49638, 0.53286, 0.76742, 0.76577, 0.65179
0.50201, 0.54882, 0.76742, 0.72973, 0.67857
0.49607, 0.52808, 0.75955, 0.74775, 0.67857
0.52704, 0.52980, 0.72022, 0.77477, 0.68750
0.50712, 0.60085, 0.78539, 0.72072, 0.69643
0.49546, 0.53955, 0.77978, 0.75676, 0.64286
0.49561, 0.56949, 0.79326, 0.73874, 0.67857
0.49976, 0.53869, 0.77303, 0.74775, 0.66071
0.49728, 0.59926, 0.78876, 0.69369, 0.68750
----------------------------------------------------------------------------------------------------------------------------
0.67700, 0.69419, 0.61348, 0.58559, 0.62500
0.63273, 0.61999, 0.67640, 0.68468, 0.66071
0.61673, 0.62720, 0.69663, 0.68468, 0.71429
0.61142, 0.62550, 0.65169, 0.66667, 0.61607
0.60624, 0.61002, 0.70337, 0.71171, 0.73214
0.59155, 0.66949, 0.68202, 0.65766, 0.66964
0.60006, 0.62873, 0.69663, 0.67568, 0.66071
0.60107, 0.63040, 0.69101, 0.64865, 0.66071
0.60403, 0.63191, 0.66292, 0.69369, 0.64286
0.60665, 0.65555, 0.70000, 0.69369, 0.69643
0.59948, 0.70255, 0.68876, 0.63964, 0.69643
0.60526, 0.64908, 0.70337, 0.70270, 0.67857
0.58470, 0.64822, 0.71124, 0.67568, 0.68750
0.58179, 0.62251, 0.68764, 0.69369, 0.66071
0.58353, 0.65878, 0.70000, 0.70270, 0.71429
0.58585, 0.64368, 0.71461, 0.71171, 0.71429
0.57549, 0.70273, 0.68652, 0.63964, 0.64286
0.60160, 0.66241, 0.71573, 0.65766, 0.66964
0.59809, 0.68240, 0.70000, 0.63063, 0.65179
0.58327, 0.66674, 0.70674, 0.65766, 0.67857
0.58232, 0.66755, 0.71573, 0.69369, 0.62500
0.57440, 0.67886, 0.69551, 0.65766, 0.68750
0.57146, 0.65305, 0.71236, 0.68468, 0.67857
0.56695, 0.67163, 0.69663, 0.64865, 0.68750
0.59054, 0.65658, 0.69888, 0.64865, 0.67857
----------------------------------------------------------------------------------------------------------------------------
0.70374, 0.65758, 0.68764, 0.69369, 0.59821
0.62340, 0.63983, 0.69551, 0.65766, 0.63393
0.60614, 0.61066, 0.70562, 0.67568, 0.66071
0.58598, 0.59656, 0.71011, 0.68468, 0.65179
0.57383, 0.59622, 0.72584, 0.67568, 0.63393
0.56418, 0.59614, 0.73258, 0.66667, 0.64286
0.56111, 0.59152, 0.73820, 0.67568, 0.65179
0.55634, 0.59656, 0.74270, 0.68468, 0.66071
0.54647, 0.59868, 0.73708, 0.69369, 0.68750
0.54221, 0.56594, 0.75730, 0.74775, 0.66964
0.54767, 0.54332, 0.75618, 0.74775, 0.61607
0.53440, 0.54680, 0.75056, 0.73874, 0.60714
0.52926, 0.57131, 0.75843, 0.74775, 0.67857
0.52907, 0.58237, 0.76180, 0.72973, 0.68750
0.52238, 0.59630, 0.76292, 0.72072, 0.66964
0.53219, 0.63084, 0.74270, 0.67568, 0.68750
0.54167, 0.56016, 0.70449, 0.71171, 0.57143
0.53443, 0.56369, 0.76629, 0.75676, 0.66964
0.51548, 0.58494, 0.77191, 0.73874, 0.67857
0.51218, 0.54836, 0.76742, 0.74775, 0.61607
0.52058, 0.57626, 0.77865, 0.72072, 0.70536
0.50800, 0.56043, 0.78764, 0.76577, 0.66071
0.51426, 0.65170, 0.75281, 0.70270, 0.66964
0.51318, 0.64927, 0.74607, 0.68468, 0.67857
0.51453, 0.54316, 0.77303, 0.75676, 0.65179
0.51352, 0.60577, 0.76742, 0.71171, 0.66964
0.52384, 0.55535, 0.77753, 0.76577, 0.66964
0.51326, 0.65031, 0.74944, 0.68468, 0.68750
0.49904, 0.55414, 0.75393, 0.72072, 0.58929
0.51065, 0.55674, 0.78315, 0.75676, 0.63393
0.49921, 0.60753, 0.77640, 0.71171, 0.68750
0.49201, 0.56272, 0.79438, 0.75676, 0.66964
0.49827, 0.56741, 0.78539, 0.73874, 0.66071
0.49550, 0.61457, 0.77865, 0.68468, 0.68750
0.49699, 0.58336, 0.78539, 0.74775, 0.66964
0.49093, 0.59349, 0.78876, 0.72973, 0.66964
0.48652, 0.55312, 0.79101, 0.75676, 0.66071
0.48828, 0.58736, 0.78764, 0.74775, 0.67857
0.48275, 0.57318, 0.76854, 0.72072, 0.59821
0.50081, 0.57612, 0.78764, 0.73874, 0.66071
0.48379, 0.71490, 0.74607, 0.64865, 0.66964
0.49655, 0.56425, 0.79551, 0.75676, 0.68750
0.47905, 0.61240, 0.78427, 0.72072, 0.65179
0.48578, 0.55042, 0.80000, 0.73874, 0.66964
0.49375, 0.57086, 0.80449, 0.73874, 0.66964
----------------------------------------------------------------------------------------------------------------------------
0.66209, 0.66116, 0.61236, 0.56757, 0.59821
0.63846, 0.64747, 0.64382, 0.60360, 0.65179
0.61480, 0.62990, 0.66517, 0.63063, 0.70536
0.60587, 0.64523, 0.66854, 0.62162, 0.68750
0.60182, 0.60387, 0.68202, 0.63964, 0.69643
0.59063, 0.60389, 0.68876, 0.63964, 0.68750
0.58084, 0.59880, 0.69551, 0.66667, 0.73214
0.59022, 0.61051, 0.69775, 0.65766, 0.72321
0.57729, 0.59041, 0.69326, 0.66667, 0.69643
0.57569, 0.58897, 0.70112, 0.66667, 0.68750
0.57268, 0.59644, 0.70000, 0.63964, 0.69643
0.57283, 0.61233, 0.70787, 0.68468, 0.68750
0.57786, 0.61318, 0.69775, 0.67568, 0.71429
0.56022, 0.64785, 0.69551, 0.66667, 0.70536
0.58629, 0.57828, 0.71348, 0.68468, 0.71429
0.55956, 0.61006, 0.71685, 0.65766, 0.69643
0.56398, 0.63044, 0.71573, 0.66667, 0.66964
0.55593, 0.57815, 0.72360, 0.68468, 0.70536
0.54709, 0.57863, 0.73371, 0.68468, 0.71429
0.54795, 0.58333, 0.73820, 0.71171, 0.70536
0.54487, 0.59600, 0.72584, 0.69369, 0.75000
0.53957, 0.57104, 0.75056, 0.71171, 0.71429
0.54268, 0.57861, 0.74944, 0.72072, 0.73214
0.53229, 0.57040, 0.75281, 0.72072, 0.69643
0.52856, 0.58473, 0.74944, 0.69369, 0.70536
0.53771, 0.56843, 0.75169, 0.70270, 0.71429
0.54612, 0.56290, 0.75169, 0.72973, 0.72321
0.52918, 0.56987, 0.74607, 0.72973, 0.74107
0.53072, 0.57340, 0.74045, 0.72072, 0.74107
0.53666, 0.56015, 0.75730, 0.72973, 0.72321
0.51907, 0.56982, 0.76517, 0.73874, 0.71429
0.52391, 0.56114, 0.76067, 0.72973, 0.74107
0.53209, 0.54541, 0.76292, 0.70270, 0.74107
0.51182, 0.55690, 0.74719, 0.71171, 0.69643
0.53275, 0.57436, 0.73034, 0.70270, 0.73214
0.51229, 0.57185, 0.76742, 0.70270, 0.74107
0.51485, 0.55076, 0.77303, 0.71171, 0.74107
0.51030, 0.54563, 0.76742, 0.70270, 0.73214
0.51192, 0.56270, 0.76404, 0.72072, 0.74107
0.50389, 0.56504, 0.77191, 0.72072, 0.75000
0.51622, 0.57973, 0.76854, 0.70270, 0.74107
0.50839, 0.57024, 0.76742, 0.72072, 0.75000
0.50628, 0.57182, 0.76966, 0.70270, 0.75893
0.49575, 0.54755, 0.77303, 0.72973, 0.70536
0.49708, 0.59152, 0.76966, 0.72072, 0.71429
0.49182, 0.55776, 0.77865, 0.70270, 0.75000
0.49820, 0.57797, 0.77416, 0.72072, 0.71429
0.48140, 0.56952, 0.77753, 0.72973, 0.70536
0.48979, 0.52921, 0.77978, 0.74775, 0.71429
0.49401, 0.56128, 0.78315, 0.73874, 0.73214
0.48676, 0.55659, 0.77640, 0.74775, 0.72321
0.48421, 0.56157, 0.76854, 0.75676, 0.74107
0.49387, 0.59877, 0.73483, 0.70270, 0.75893
0.50934, 0.53706, 0.79326, 0.74775, 0.72321
0.48169, 0.54355, 0.79438, 0.74775, 0.72321
0.48205, 0.57318, 0.75506, 0.72973, 0.73214
0.47913, 0.52686, 0.79551, 0.78378, 0.71429
0.47680, 0.54783, 0.78652, 0.74775, 0.74107
0.45996, 0.54020, 0.79663, 0.75676, 0.71429
0.45506, 0.56250, 0.79326, 0.74775, 0.73214
0.46504, 0.56171, 0.80000, 0.73874, 0.72321
0.47072, 0.54316, 0.79326, 0.76577, 0.73214
0.46637, 0.55896, 0.80899, 0.74775, 0.70536
0.45825, 0.52211, 0.81124, 0.72973, 0.73214
0.45961, 0.65000, 0.77191, 0.67568, 0.75893
0.47273, 0.62286, 0.78315, 0.73874, 0.73214
0.48972, 0.61441, 0.78315, 0.72973, 0.73214
0.46213, 0.57956, 0.79663, 0.74775, 0.72321
0.44681, 0.57597, 0.81236, 0.76577, 0.73214
0.42986, 0.55870, 0.81011, 0.75676, 0.73214
0.43252, 0.61998, 0.80449, 0.74775, 0.71429
0.43462, 0.56670, 0.80449, 0.73874, 0.72321
0.45104, 0.59377, 0.80225, 0.72973, 0.73214
0.44419, 0.61009, 0.78315, 0.73874, 0.73214
0.48910, 0.62189, 0.78090, 0.72973, 0.73214
0.48266, 0.55266, 0.80449, 0.73874, 0.70536
0.44074, 0.52806, 0.82584, 0.78378, 0.70536
0.42172, 0.55682, 0.82472, 0.78378, 0.74107
0.42213, 0.55078, 0.83034, 0.72973, 0.72321
0.41272, 0.61132, 0.82247, 0.72973, 0.73214
0.42441, 0.61408, 0.83146, 0.73874, 0.72321
0.41862, 0.59109, 0.83034, 0.77477, 0.70536
0.42376, 0.67329, 0.77978, 0.67568, 0.76786
0.44515, 0.56917, 0.82697, 0.73874, 0.74107
============================================================================================================================
Namespace(pooling='lspool', batch_size=32, lr=0.0001, epochs=200, pool_ratio=0.5, dataset='Mutagenicity', edges=False, runs=10, logging='logs/27_03_24/lspool3conv_1attn', config='config/config.json', patience=20, seeds='config/seeds'); _CudaDeviceProperties(name='NVIDIA GeForce RTX 4060 Ti', major=8, minor=9, total_memory=16379MB, multi_processor_count=34); {'hidden_features': 128, 'nonlinearity': 'elu', 'p_dropout': 0.0, 'conv_layer': 'GraphConv', 'pre_gnn': [64, 128], 'post_gnn': [128, 64], 'pre_pool_convs': 2, 'post_pool_convs': 1} 
----------------------------------------------------------------------------------------------------------------------------
0.68533, 0.67775, 0.55693, 0.55991, 0.52074
0.66724, 0.63088, 0.64370, 0.66820, 0.62442
0.62276, 0.64352, 0.65927, 0.61751, 0.67972
0.59686, 0.60170, 0.69530, 0.65438, 0.69585
0.57949, 0.61668, 0.70251, 0.64977, 0.71659
0.56374, 0.57891, 0.72182, 0.65899, 0.72350
0.55198, 0.56029, 0.73537, 0.67512, 0.73733
0.53452, 0.54597, 0.73681, 0.70968, 0.72811
0.52873, 0.54762, 0.73998, 0.69124, 0.73502
0.52908, 0.57638, 0.72096, 0.69585, 0.71889
0.53399, 0.54373, 0.74834, 0.71889, 0.73733
0.51095, 0.53686, 0.74892, 0.71429, 0.74424
0.51974, 0.52729, 0.75670, 0.71659, 0.74194
0.50794, 0.51622, 0.75584, 0.73502, 0.75346
0.50581, 0.51684, 0.76247, 0.72120, 0.73963
0.51566, 0.55045, 0.73912, 0.71429, 0.73272
0.50193, 0.53227, 0.75699, 0.72811, 0.75806
0.49638, 0.51898, 0.76189, 0.73502, 0.74654
0.49139, 0.51233, 0.77025, 0.73272, 0.76037
0.49277, 0.56237, 0.74085, 0.71889, 0.72120
0.49609, 0.52606, 0.75786, 0.73502, 0.74885
0.48466, 0.52366, 0.76593, 0.73041, 0.74194
0.48876, 0.50883, 0.76910, 0.75346, 0.76498
0.48308, 0.49813, 0.77976, 0.76498, 0.76267
0.48360, 0.51428, 0.77429, 0.74885, 0.74654
0.48405, 0.53747, 0.74402, 0.73963, 0.75115
0.48209, 0.50297, 0.78553, 0.75115, 0.75346
0.47165, 0.49888, 0.77688, 0.77419, 0.76498
0.47010, 0.49169, 0.78438, 0.77419, 0.76037
0.47474, 0.50827, 0.77688, 0.76037, 0.77419
0.46529, 0.48337, 0.79129, 0.76959, 0.76728
0.47255, 0.50823, 0.78120, 0.76728, 0.77189
0.47186, 0.49069, 0.78726, 0.77650, 0.77189
0.46593, 0.51226, 0.78639, 0.74885, 0.74885
0.45853, 0.48661, 0.79504, 0.79032, 0.77880
0.46321, 0.51554, 0.78582, 0.74654, 0.74424
0.45212, 0.48460, 0.80110, 0.78571, 0.77650
0.45278, 0.47581, 0.79648, 0.78571, 0.76498
0.46127, 0.51067, 0.78120, 0.75115, 0.74194
0.45730, 0.49276, 0.79475, 0.77880, 0.78571
0.45666, 0.48231, 0.79648, 0.79493, 0.77880
0.44707, 0.48266, 0.80225, 0.78111, 0.78802
0.45242, 0.48492, 0.80254, 0.77880, 0.77880
0.44754, 0.50156, 0.80196, 0.76728, 0.75115
0.44078, 0.52290, 0.78639, 0.75806, 0.75115
0.44203, 0.48064, 0.81118, 0.77880, 0.76267
0.44645, 0.48953, 0.80398, 0.76267, 0.77650
0.45004, 0.46998, 0.80542, 0.78111, 0.78341
0.44201, 0.48735, 0.80571, 0.77189, 0.78111
0.44513, 0.47096, 0.81003, 0.79263, 0.78341
0.43419, 0.48072, 0.80600, 0.79263, 0.78341
0.43064, 0.49691, 0.79447, 0.78341, 0.78341
0.43350, 0.47246, 0.81753, 0.78571, 0.76959
0.43816, 0.49201, 0.81522, 0.76728, 0.75115
0.43464, 0.48755, 0.81436, 0.77880, 0.75346
0.43481, 0.48218, 0.81839, 0.77650, 0.76959
0.42479, 0.47299, 0.81926, 0.79724, 0.76728
0.42789, 0.53303, 0.78812, 0.73733, 0.73733
0.42273, 0.48293, 0.81954, 0.76959, 0.76037
0.41413, 0.46557, 0.82704, 0.79263, 0.76498
0.41673, 0.47789, 0.81205, 0.79032, 0.77650
0.41854, 0.48432, 0.81320, 0.77880, 0.78802
0.41839, 0.51242, 0.80773, 0.76498, 0.74194
0.42308, 0.47400, 0.81522, 0.78571, 0.77419
0.41428, 0.46538, 0.82243, 0.78802, 0.78341
0.41478, 0.45857, 0.83309, 0.79954, 0.77880
0.41296, 0.47014, 0.82704, 0.78802, 0.77419
0.41291, 0.45974, 0.82560, 0.79954, 0.78341
0.40788, 0.46719, 0.83280, 0.78111, 0.78571
0.40864, 0.46736, 0.83338, 0.78571, 0.78341
0.40863, 0.46550, 0.82675, 0.78571, 0.77650
0.40966, 0.49288, 0.81522, 0.77189, 0.76037
0.41823, 0.47140, 0.83367, 0.77650, 0.78571
0.41403, 0.52361, 0.80513, 0.76037, 0.76728
0.40581, 0.46076, 0.83857, 0.79263, 0.78571
0.40306, 0.50525, 0.81032, 0.77650, 0.76498
0.40371, 0.48043, 0.82646, 0.77650, 0.78341
0.39898, 0.46419, 0.83136, 0.79954, 0.77650
0.40637, 0.49290, 0.80657, 0.78571, 0.77189
0.41059, 0.48482, 0.82070, 0.77419, 0.77880
0.40226, 0.45907, 0.83799, 0.79724, 0.80184
0.39865, 0.51675, 0.80628, 0.75806, 0.75806
0.40372, 0.54117, 0.79158, 0.74885, 0.75576
0.40330, 0.48336, 0.82272, 0.78341, 0.77650
0.40314, 0.44717, 0.84145, 0.80645, 0.78111
0.38920, 0.45477, 0.84376, 0.79493, 0.78341
0.39629, 0.45260, 0.84088, 0.81336, 0.79032
0.38847, 0.49990, 0.82127, 0.76728, 0.76959
0.39997, 0.48133, 0.84145, 0.77880, 0.77880
0.38981, 0.46288, 0.84289, 0.79493, 0.78571
0.39816, 0.46804, 0.84751, 0.79263, 0.78111
0.38720, 0.47318, 0.83598, 0.77419, 0.77419
0.38933, 0.47691, 0.82877, 0.79263, 0.79493
0.38438, 0.46495, 0.84491, 0.79724, 0.78571
0.38831, 0.46003, 0.84174, 0.79493, 0.78341
0.39812, 0.46824, 0.84318, 0.78341, 0.79032
0.38668, 0.51465, 0.82473, 0.77189, 0.76959
0.38007, 0.46514, 0.84779, 0.78571, 0.77650
0.38384, 0.47520, 0.83684, 0.77419, 0.78802
0.38141, 0.46116, 0.84376, 0.78571, 0.78111
0.38104, 0.47009, 0.84347, 0.79724, 0.77650
0.38392, 0.46064, 0.85500, 0.79263, 0.76728
0.38712, 0.49131, 0.83252, 0.77650, 0.76498
0.37332, 0.47622, 0.84952, 0.78341, 0.77880
0.36851, 0.46508, 0.85298, 0.78111, 0.79032
----------------------------------------------------------------------------------------------------------------------------
0.67385, 0.60434, 0.67512, 0.66129, 0.67742
0.59490, 0.59397, 0.70395, 0.68433, 0.71889
0.57669, 0.58097, 0.69818, 0.68433, 0.69124
0.56485, 0.56928, 0.71692, 0.71889, 0.70276
0.54936, 0.56918, 0.71029, 0.70968, 0.69816
0.54389, 0.56226, 0.73537, 0.73041, 0.72350
0.53344, 0.54392, 0.74258, 0.74194, 0.71889
0.53552, 0.53687, 0.74114, 0.73733, 0.73502
0.52186, 0.54306, 0.73249, 0.73733, 0.73041
0.51561, 0.53085, 0.74056, 0.73272, 0.73502
0.50972, 0.52527, 0.76160, 0.73041, 0.73502
0.50721, 0.51877, 0.75958, 0.75346, 0.76498
0.50632, 0.52543, 0.75209, 0.74194, 0.75806
0.50351, 0.51138, 0.75699, 0.77189, 0.76267
0.50127, 0.54051, 0.73912, 0.72581, 0.73963
0.48802, 0.55050, 0.74921, 0.74194, 0.73963
0.49799, 0.50216, 0.77457, 0.76959, 0.77419
0.48406, 0.50116, 0.77400, 0.76498, 0.76498
0.49315, 0.51155, 0.76679, 0.75346, 0.76037
0.48106, 0.50367, 0.77775, 0.77650, 0.77189
0.47567, 0.50687, 0.76535, 0.76037, 0.76037
0.47230, 0.48780, 0.78611, 0.78111, 0.77650
0.46903, 0.49295, 0.77054, 0.76037, 0.75806
0.46645, 0.48428, 0.79129, 0.78341, 0.74885
0.46369, 0.49101, 0.78380, 0.76728, 0.77189
0.46852, 0.49079, 0.78755, 0.77419, 0.75806
0.45659, 0.47383, 0.80283, 0.77650, 0.76959
0.45098, 0.47609, 0.79677, 0.78571, 0.77189
0.46257, 0.47060, 0.79821, 0.78802, 0.78341
0.46377, 0.49713, 0.79101, 0.76037, 0.76728
0.44880, 0.48732, 0.79850, 0.76267, 0.76728
0.44345, 0.47393, 0.79389, 0.77650, 0.78111
0.44448, 0.45095, 0.80600, 0.79263, 0.77650
0.44194, 0.47961, 0.80715, 0.78802, 0.78802
0.43663, 0.46036, 0.81695, 0.79032, 0.78341
0.43709, 0.47129, 0.80311, 0.77880, 0.78341
0.43311, 0.46919, 0.80340, 0.78341, 0.77880
0.43872, 0.45896, 0.80888, 0.77880, 0.77419
0.42947, 0.45260, 0.82445, 0.79724, 0.78802
0.42735, 0.45606, 0.81320, 0.78111, 0.77650
0.42943, 0.44514, 0.82358, 0.79954, 0.79724
0.42877, 0.44638, 0.82416, 0.79954, 0.79032
0.41788, 0.45685, 0.81436, 0.79724, 0.77419
0.42153, 0.48474, 0.79331, 0.77419, 0.76728
0.43325, 0.45616, 0.82329, 0.78341, 0.78341
0.42478, 0.47876, 0.80369, 0.76728, 0.76498
0.42810, 0.45605, 0.81810, 0.79032, 0.78111
0.41711, 0.45632, 0.81147, 0.79263, 0.78571
0.41667, 0.45138, 0.82416, 0.78571, 0.78341
0.40479, 0.44830, 0.82906, 0.78571, 0.78802
0.41262, 0.44752, 0.83799, 0.80415, 0.79954
0.40798, 0.45709, 0.82646, 0.78571, 0.79724
0.42411, 0.44790, 0.82762, 0.80184, 0.78111
0.40850, 0.46893, 0.83079, 0.79724, 0.79263
0.42403, 0.45526, 0.83050, 0.79724, 0.79493
0.40473, 0.46058, 0.82848, 0.78802, 0.78802
0.40573, 0.44191, 0.83453, 0.80645, 0.79032
0.41254, 0.46540, 0.83136, 0.78341, 0.77189
0.40428, 0.44409, 0.83569, 0.80876, 0.79032
0.39750, 0.43860, 0.83425, 0.79954, 0.79263
0.39702, 0.45043, 0.82589, 0.79032, 0.78802
0.40102, 0.51900, 0.80023, 0.75346, 0.74654
0.40031, 0.44699, 0.84059, 0.78802, 0.79493
0.39539, 0.43935, 0.84232, 0.78802, 0.79954
0.38961, 0.46059, 0.82387, 0.77419, 0.77650
0.40155, 0.47119, 0.83425, 0.80645, 0.80184
0.39866, 0.43775, 0.84030, 0.79724, 0.79724
0.38470, 0.44764, 0.83742, 0.80184, 0.78802
0.40135, 0.46484, 0.82733, 0.77189, 0.77650
0.40265, 0.44671, 0.84434, 0.79493, 0.80184
0.38786, 0.45528, 0.83482, 0.79954, 0.78802
0.38508, 0.48159, 0.82243, 0.77880, 0.79493
0.39141, 0.44475, 0.84491, 0.79263, 0.79954
0.38610, 0.48384, 0.82848, 0.79493, 0.80184
0.38526, 0.52920, 0.80715, 0.76267, 0.76498
0.39412, 0.43667, 0.84203, 0.81567, 0.79724
0.39469, 0.44268, 0.84116, 0.79032, 0.77650
0.37804, 0.44561, 0.84462, 0.81797, 0.78571
0.38298, 0.46746, 0.82963, 0.80184, 0.77650
0.37657, 0.44575, 0.85212, 0.81567, 0.77419
0.37747, 0.45638, 0.84203, 0.79263, 0.78111
0.38289, 0.46479, 0.84405, 0.80184, 0.79263
0.38424, 0.45805, 0.83598, 0.79493, 0.78802
0.38041, 0.43350, 0.85587, 0.82258, 0.80415
0.36749, 0.45482, 0.84001, 0.78571, 0.78341
0.38227, 0.53213, 0.80686, 0.74885, 0.76728
0.37902, 0.50351, 0.81291, 0.76037, 0.75346
0.37725, 0.45163, 0.84232, 0.79493, 0.79954
0.38196, 0.45988, 0.82387, 0.78571, 0.77880
0.37551, 0.44485, 0.85327, 0.79263, 0.80184
0.37218, 0.44039, 0.85615, 0.81106, 0.80876
0.37290, 0.43959, 0.84491, 0.80876, 0.81106
0.36399, 0.44426, 0.85097, 0.79493, 0.79263
0.37786, 0.45491, 0.84174, 0.79032, 0.77419
0.37294, 0.44214, 0.85414, 0.80415, 0.79954
0.36964, 0.45551, 0.85039, 0.79493, 0.80415
0.37003, 0.44656, 0.85587, 0.79954, 0.78571
0.36244, 0.46678, 0.84491, 0.79724, 0.78111
0.37206, 0.45469, 0.84981, 0.79493, 0.79032
0.38397, 0.54656, 0.78726, 0.73502, 0.71429
0.37689, 0.44523, 0.85298, 0.80415, 0.81567
0.35923, 0.44842, 0.85385, 0.80415, 0.80184
0.36133, 0.43434, 0.85760, 0.79954, 0.81336
0.35891, 0.45940, 0.84664, 0.79724, 0.80184
----------------------------------------------------------------------------------------------------------------------------
0.68351, 0.67794, 0.56241, 0.55760, 0.51382
0.66876, 0.65555, 0.62323, 0.60138, 0.61290
0.63804, 0.63498, 0.64543, 0.61060, 0.61060
0.60014, 0.63012, 0.68348, 0.63825, 0.65668
0.58355, 0.62448, 0.69472, 0.64516, 0.66590
0.56444, 0.62240, 0.71346, 0.64286, 0.66129
0.56111, 0.62723, 0.70395, 0.66359, 0.68203
0.55096, 0.64535, 0.69732, 0.62673, 0.64055
0.56329, 0.60173, 0.73018, 0.67051, 0.69124
0.53195, 0.61106, 0.73796, 0.65668, 0.69816
0.52500, 0.60297, 0.74229, 0.66820, 0.67742
0.52270, 0.61624, 0.74950, 0.67742, 0.69124
0.51224, 0.58117, 0.75786, 0.67742, 0.67512
0.50855, 0.59999, 0.74287, 0.68664, 0.69585
0.51113, 0.58433, 0.75728, 0.69355, 0.70046
0.50082, 0.59592, 0.74661, 0.70507, 0.70507
0.49850, 0.57660, 0.76967, 0.71889, 0.70046
0.49118, 0.57106, 0.77256, 0.70968, 0.67051
0.49187, 0.57647, 0.77342, 0.69816, 0.69585
0.48591, 0.57238, 0.78063, 0.70507, 0.68203
0.48128, 0.57402, 0.77861, 0.72811, 0.69816
0.48434, 0.58198, 0.77515, 0.72811, 0.71429
0.48169, 0.57365, 0.77919, 0.71889, 0.69585
0.47401, 0.55989, 0.78063, 0.73963, 0.71889
0.47704, 0.57825, 0.76045, 0.70276, 0.71889
0.46893, 0.57264, 0.77054, 0.73041, 0.72350
0.47516, 0.55053, 0.78582, 0.75115, 0.72350
0.46593, 0.58312, 0.77688, 0.73502, 0.71889
0.46555, 0.58161, 0.78063, 0.72350, 0.70968
0.46433, 0.55484, 0.78611, 0.74194, 0.73041
0.46066, 0.56490, 0.78985, 0.73041, 0.73502
0.45872, 0.56850, 0.78438, 0.72581, 0.70737
0.45679, 0.58021, 0.77948, 0.73272, 0.71198
0.45937, 0.56520, 0.78899, 0.73041, 0.71198
0.45314, 0.55295, 0.79735, 0.75346, 0.72350
0.45812, 0.56389, 0.79043, 0.73733, 0.73041
0.44736, 0.55990, 0.79706, 0.74654, 0.72350
0.44253, 0.55221, 0.79937, 0.74885, 0.74424
0.44041, 0.56525, 0.80484, 0.75576, 0.74194
0.44748, 0.57570, 0.78611, 0.73272, 0.71429
0.45727, 0.56870, 0.80340, 0.74194, 0.73272
0.43510, 0.56528, 0.80657, 0.75115, 0.75115
0.44346, 0.55623, 0.80715, 0.75346, 0.73502
0.44471, 0.60379, 0.77832, 0.71429, 0.71429
0.44933, 0.55354, 0.80946, 0.76498, 0.74424
0.43103, 0.55496, 0.80888, 0.75346, 0.75115
0.42626, 0.55923, 0.81061, 0.74194, 0.75346
----------------------------------------------------------------------------------------------------------------------------
0.68318, 0.67790, 0.56299, 0.55991, 0.51613
0.66926, 0.65774, 0.61891, 0.59908, 0.59908
0.63964, 0.63589, 0.64341, 0.61060, 0.60369
0.59958, 0.63104, 0.68146, 0.63825, 0.65438
0.58434, 0.62423, 0.69242, 0.65207, 0.65207
0.56452, 0.62342, 0.71058, 0.65668, 0.65668
0.56041, 0.62644, 0.70683, 0.66590, 0.68203
0.54972, 0.64217, 0.69732, 0.62673, 0.64055
0.56335, 0.60296, 0.72672, 0.66820, 0.68894
0.53371, 0.61505, 0.73681, 0.64977, 0.70276
0.52605, 0.60618, 0.73941, 0.67051, 0.69124
0.52411, 0.61734, 0.74863, 0.67281, 0.70737
0.51448, 0.58552, 0.75930, 0.68203, 0.69124
0.51076, 0.60683, 0.73652, 0.67972, 0.69124
0.51378, 0.58664, 0.75180, 0.68433, 0.69355
0.50232, 0.59789, 0.74315, 0.68894, 0.70507
0.50104, 0.57963, 0.77054, 0.71659, 0.70276
0.49245, 0.58068, 0.77285, 0.70968, 0.67972
0.49078, 0.57413, 0.77630, 0.72120, 0.69585
0.48767, 0.57638, 0.78063, 0.70276, 0.69585
0.48405, 0.57402, 0.78034, 0.71429, 0.69816
0.48476, 0.57810, 0.78351, 0.72120, 0.71659
0.48069, 0.57718, 0.78495, 0.71889, 0.68433
0.47456, 0.56010, 0.78582, 0.72811, 0.71659
0.47724, 0.58650, 0.75814, 0.69816, 0.71889
0.46845, 0.59079, 0.76218, 0.70737, 0.70276
0.47527, 0.55791, 0.78466, 0.73502, 0.71198
0.46509, 0.59022, 0.77083, 0.70737, 0.69585
0.46393, 0.58332, 0.78495, 0.71198, 0.70046
0.46453, 0.55673, 0.78697, 0.74194, 0.72811
0.46065, 0.56592, 0.79072, 0.73041, 0.72581
0.45968, 0.56500, 0.78899, 0.73963, 0.70737
0.45867, 0.57860, 0.78409, 0.71889, 0.71659
0.45855, 0.55812, 0.79216, 0.73963, 0.71889
0.45335, 0.55225, 0.79764, 0.74885, 0.73272
0.45866, 0.56194, 0.78466, 0.73041, 0.73272
0.44879, 0.55414, 0.79908, 0.74885, 0.72581
0.44344, 0.54898, 0.79821, 0.75346, 0.74654
0.44162, 0.56428, 0.79994, 0.75576, 0.72350
0.44830, 0.58468, 0.77688, 0.70968, 0.68894
0.45965, 0.56921, 0.80081, 0.74424, 0.71429
0.43720, 0.56257, 0.80081, 0.75115, 0.74194
0.44664, 0.55109, 0.80427, 0.75115, 0.73963
0.44809, 0.60195, 0.77025, 0.70968, 0.71889
0.45082, 0.55215, 0.80715, 0.76267, 0.73272
0.43182, 0.55317, 0.80917, 0.76267, 0.74424
0.42841, 0.55836, 0.80859, 0.75115, 0.73733
0.42292, 0.58448, 0.79821, 0.73963, 0.73041
0.43872, 0.55792, 0.80888, 0.75115, 0.73963
0.42502, 0.55511, 0.81464, 0.77189, 0.76037
0.42285, 0.55916, 0.81551, 0.76267, 0.75346
0.43236, 0.55196, 0.80484, 0.74194, 0.73502
0.42722, 0.54896, 0.81637, 0.75115, 0.76267
0.42084, 0.56649, 0.80254, 0.73963, 0.73041
0.43523, 0.54893, 0.80657, 0.76037, 0.74424
0.42356, 0.55562, 0.81810, 0.76037, 0.76037
0.41514, 0.58526, 0.80686, 0.75576, 0.73041
0.41814, 0.63495, 0.76160, 0.71659, 0.70968
0.42625, 0.56035, 0.81839, 0.74885, 0.74194
0.42494, 0.63901, 0.75987, 0.70968, 0.69124
0.41254, 0.56951, 0.81609, 0.75806, 0.74194
0.40847, 0.53675, 0.82012, 0.77880, 0.75806
0.41274, 0.55142, 0.82012, 0.77650, 0.77419
0.41388, 0.56328, 0.82675, 0.76959, 0.76959
0.41568, 0.53779, 0.82762, 0.76037, 0.76037
0.39796, 0.56115, 0.82502, 0.76037, 0.76498
0.40385, 0.56867, 0.82156, 0.75806, 0.74424
0.41593, 0.59677, 0.80340, 0.74424, 0.71889
0.40625, 0.55552, 0.83165, 0.77189, 0.77189
0.40745, 0.56444, 0.82127, 0.76267, 0.76037
0.40907, 0.55261, 0.80859, 0.74194, 0.72581
0.39361, 0.53317, 0.82560, 0.76037, 0.76037
0.39538, 0.56273, 0.81724, 0.74654, 0.74654
0.39975, 0.55225, 0.83136, 0.76728, 0.76498
0.39643, 0.55771, 0.83223, 0.76728, 0.76037
0.39924, 0.56956, 0.78985, 0.73733, 0.70737
0.39965, 0.59960, 0.79994, 0.75115, 0.72581
0.39210, 0.53780, 0.83713, 0.79493, 0.75806
0.39685, 0.54080, 0.82589, 0.76267, 0.76037
0.40445, 0.54486, 0.82589, 0.77189, 0.75576
0.39006, 0.54658, 0.83713, 0.77650, 0.76498
0.40521, 0.54272, 0.82358, 0.76267, 0.75806
0.39234, 0.54495, 0.84088, 0.77880, 0.76267
0.38632, 0.54329, 0.83799, 0.78341, 0.77880
0.38574, 0.55456, 0.83540, 0.78341, 0.76037
0.39529, 0.55770, 0.83453, 0.78111, 0.76728
0.38676, 0.59467, 0.81320, 0.76267, 0.73963
0.38568, 0.58283, 0.82272, 0.77189, 0.75115
0.39149, 0.56000, 0.83857, 0.77650, 0.76498
0.38497, 0.57240, 0.82992, 0.76037, 0.75806
0.38757, 0.53326, 0.84001, 0.80415, 0.79032
0.37889, 0.54622, 0.83626, 0.77650, 0.76959
----------------------------------------------------------------------------------------------------------------------------
0.67012, 0.61597, 0.66993, 0.64516, 0.64747
0.58684, 0.59947, 0.69184, 0.67512, 0.67512
0.56672, 0.60931, 0.71807, 0.67281, 0.70737
0.55747, 0.57621, 0.74027, 0.70968, 0.71659
0.54368, 0.57332, 0.74085, 0.70968, 0.71659
0.53461, 0.55886, 0.75065, 0.71659, 0.71659
0.52947, 0.55305, 0.76131, 0.72581, 0.73963
0.51862, 0.56714, 0.71952, 0.70737, 0.71659
0.51193, 0.57128, 0.70078, 0.69355, 0.68664
0.50772, 0.57925, 0.75267, 0.70737, 0.73272
0.49772, 0.53617, 0.77227, 0.73502, 0.75115
0.49672, 0.54189, 0.76391, 0.71198, 0.74194
0.49793, 0.58236, 0.76131, 0.71198, 0.71889
0.48384, 0.52763, 0.78553, 0.72811, 0.76267
0.48837, 0.53204, 0.77285, 0.73272, 0.76037
0.47604, 0.53589, 0.78034, 0.72120, 0.75576
0.46949, 0.55858, 0.78120, 0.72120, 0.73733
0.47326, 0.52332, 0.78207, 0.73963, 0.76959
0.46351, 0.52225, 0.79648, 0.75346, 0.75576
0.46839, 0.51509, 0.79591, 0.74885, 0.77650
0.46630, 0.54727, 0.79302, 0.72581, 0.76037
0.46237, 0.51768, 0.78063, 0.72581, 0.75346
0.45070, 0.52234, 0.79619, 0.75115, 0.76037
0.44460, 0.53421, 0.79908, 0.73733, 0.77419
0.45126, 0.51411, 0.80513, 0.74885, 0.76037
0.44423, 0.52306, 0.80196, 0.74424, 0.76037
0.44601, 0.50981, 0.81263, 0.74654, 0.77880
0.43932, 0.52187, 0.80974, 0.74654, 0.77650
0.43833, 0.51354, 0.81551, 0.74194, 0.78341
0.43426, 0.52301, 0.80657, 0.73733, 0.76037
0.43767, 0.51398, 0.81983, 0.74424, 0.78111
0.43018, 0.50239, 0.81781, 0.75346, 0.76959
0.44204, 0.51492, 0.81378, 0.73963, 0.79032
0.42669, 0.52591, 0.81263, 0.73041, 0.77189
0.42735, 0.50560, 0.81954, 0.76037, 0.77189
0.42003, 0.55554, 0.79764, 0.72811, 0.76728
0.43095, 0.50713, 0.81609, 0.75806, 0.76267
0.42442, 0.67029, 0.76218, 0.69124, 0.73041
0.43103, 0.52123, 0.79389, 0.73963, 0.76037
0.42412, 0.51532, 0.79014, 0.73272, 0.76037
0.42729, 0.53093, 0.81580, 0.73733, 0.77880
0.41456, 0.50162, 0.82992, 0.75115, 0.78802
0.41423, 0.49876, 0.82790, 0.75346, 0.79493
0.42214, 0.50107, 0.81954, 0.76267, 0.77880
0.41468, 0.49436, 0.83309, 0.75576, 0.77419
0.41459, 0.49360, 0.82099, 0.74654, 0.76267
0.41478, 0.51521, 0.83108, 0.73963, 0.80184
0.40564, 0.49341, 0.83771, 0.77189, 0.79724
0.40426, 0.50866, 0.83194, 0.74194, 0.79724
0.40037, 0.49173, 0.81897, 0.76267, 0.76267
0.40806, 0.49778, 0.82935, 0.76728, 0.79263
0.39848, 0.50727, 0.83598, 0.75576, 0.79032
0.41048, 0.50265, 0.81291, 0.73272, 0.76728
0.40903, 0.53603, 0.81522, 0.73272, 0.76959
0.40421, 0.50293, 0.83396, 0.77189, 0.79493
0.39942, 0.51181, 0.83136, 0.75806, 0.79032
0.39105, 0.56429, 0.81032, 0.72581, 0.78341
0.39229, 0.49224, 0.82300, 0.75346, 0.77189
0.39627, 0.48940, 0.84405, 0.76728, 0.79263
0.40062, 0.49283, 0.84261, 0.76498, 0.79724
0.40652, 0.49250, 0.83771, 0.75346, 0.78341
0.40058, 0.49021, 0.84232, 0.76728, 0.79954
0.39462, 0.49863, 0.83309, 0.76498, 0.76498
0.39264, 0.52612, 0.83482, 0.76267, 0.79263
0.38800, 0.50823, 0.83857, 0.76959, 0.79954
0.38718, 0.48855, 0.84088, 0.75115, 0.78802
0.38246, 0.51267, 0.83943, 0.76728, 0.79724
0.39734, 0.49698, 0.83453, 0.76498, 0.77419
0.38509, 0.50543, 0.84318, 0.74654, 0.78802
0.38326, 0.51932, 0.84635, 0.74885, 0.79724
0.38261, 0.52653, 0.83425, 0.76498, 0.78111
0.38219, 0.49955, 0.84607, 0.75115, 0.78111
0.38091, 0.49579, 0.84145, 0.76959, 0.78111
0.38097, 0.52944, 0.82848, 0.74654, 0.77419
0.37888, 0.47984, 0.84549, 0.76037, 0.76728
0.38574, 0.49796, 0.83857, 0.76959, 0.78802
0.38519, 0.50242, 0.84808, 0.75806, 0.80876
0.38679, 0.56938, 0.82531, 0.72811, 0.77880
0.37519, 0.48461, 0.84779, 0.76267, 0.78111
0.37276, 0.48283, 0.85068, 0.77189, 0.79493
0.37238, 0.50693, 0.84289, 0.76728, 0.76267
0.37162, 0.49074, 0.84693, 0.75346, 0.78571
0.36975, 0.49244, 0.85327, 0.77650, 0.79032
0.37255, 0.48806, 0.85068, 0.76498, 0.76959
0.38077, 0.51034, 0.85154, 0.75346, 0.78802
0.36743, 0.50627, 0.85068, 0.75346, 0.80415
0.36931, 0.50991, 0.82560, 0.76498, 0.76267
0.36747, 0.54763, 0.84116, 0.74885, 0.79263
0.36458, 0.50151, 0.84779, 0.75346, 0.79954
0.36957, 0.51421, 0.85442, 0.76037, 0.78571
0.36070, 0.51134, 0.84751, 0.76267, 0.78111
0.36641, 0.47692, 0.83540, 0.76498, 0.76267
0.37294, 0.49845, 0.85673, 0.77419, 0.79724
0.36107, 0.50109, 0.85298, 0.75806, 0.78802
0.35425, 0.48625, 0.86336, 0.76498, 0.78111
0.36303, 0.49840, 0.85731, 0.76728, 0.78571
0.35837, 0.51366, 0.85212, 0.74194, 0.80415
0.35341, 0.49961, 0.85961, 0.75806, 0.78341
0.35307, 0.50394, 0.84635, 0.76728, 0.76959
0.36487, 0.49947, 0.84116, 0.78341, 0.77650
0.36439, 0.49095, 0.85817, 0.76037, 0.79263
0.36984, 0.52326, 0.84981, 0.76267, 0.77419
0.35837, 0.48543, 0.85788, 0.76037, 0.77650
0.35836, 0.50740, 0.85846, 0.76498, 0.79263
0.35214, 0.52177, 0.86106, 0.76037, 0.79263
0.35987, 0.49249, 0.86769, 0.76728, 0.78802
0.35880, 0.49417, 0.86192, 0.76267, 0.80415
0.35082, 0.48244, 0.86019, 0.75576, 0.78571
0.34749, 0.48496, 0.86653, 0.77189, 0.77419
0.35110, 0.52316, 0.86192, 0.76267, 0.78571
0.34690, 0.49558, 0.86423, 0.76959, 0.82028
0.34917, 0.56095, 0.83828, 0.74424, 0.78802
----------------------------------------------------------------------------------------------------------------------------
0.68428, 0.68715, 0.55780, 0.52074, 0.59677
0.64442, 0.66383, 0.61978, 0.60599, 0.63364
0.61737, 0.61922, 0.65120, 0.64747, 0.64747
0.62289, 0.61247, 0.65321, 0.64747, 0.62442
0.62674, 0.65373, 0.64630, 0.60829, 0.58525
0.61742, 0.65875, 0.64658, 0.62212, 0.59217
0.62345, 0.64801, 0.64947, 0.63364, 0.63134
0.61100, 0.63362, 0.65639, 0.64055, 0.64516
0.60436, 0.61632, 0.66936, 0.65438, 0.63134
0.59515, 0.61232, 0.66474, 0.64516, 0.65438
0.57922, 0.59207, 0.68031, 0.67051, 0.64747
0.57218, 0.59063, 0.69444, 0.67512, 0.66129
0.56670, 0.59558, 0.70914, 0.67972, 0.67742
0.56550, 0.62404, 0.70770, 0.66590, 0.69355
0.55411, 0.60383, 0.72297, 0.67512, 0.70276
0.55819, 0.59596, 0.72470, 0.66590, 0.70737
0.55035, 0.60112, 0.72759, 0.68894, 0.72120
0.54975, 0.59153, 0.72557, 0.66820, 0.70276
0.54314, 0.57788, 0.74344, 0.68894, 0.69816
0.54189, 0.57876, 0.74056, 0.69585, 0.70737
0.54008, 0.59445, 0.74373, 0.67742, 0.72120
0.54098, 0.58455, 0.74229, 0.67972, 0.73272
0.53228, 0.59707, 0.73768, 0.68203, 0.70046
0.52989, 0.57106, 0.74805, 0.69585, 0.71429
0.53253, 0.59177, 0.75468, 0.69124, 0.73041
0.52340, 0.56960, 0.75526, 0.72120, 0.72811
0.52096, 0.56091, 0.76420, 0.71889, 0.74424
0.51632, 0.57460, 0.74950, 0.70046, 0.70968
0.52229, 0.56379, 0.75497, 0.71429, 0.72120
0.51678, 0.56254, 0.75411, 0.72350, 0.72120
0.51214, 0.55423, 0.76304, 0.73272, 0.72120
0.51974, 0.56058, 0.76189, 0.70968, 0.73963
0.50899, 0.56140, 0.75497, 0.72350, 0.73733
0.51169, 0.58084, 0.74431, 0.70276, 0.72350
0.50709, 0.54238, 0.76103, 0.73733, 0.73041
0.50378, 0.55452, 0.76737, 0.71889, 0.72811
0.50536, 0.54162, 0.77198, 0.72581, 0.73733
0.50558, 0.58734, 0.74978, 0.69124, 0.72120
0.50409, 0.53733, 0.78092, 0.73733, 0.72811
0.50781, 0.54436, 0.77573, 0.72350, 0.74194
0.50634, 0.54707, 0.76996, 0.73963, 0.73272
0.49552, 0.53714, 0.77688, 0.73272, 0.74654
0.49743, 0.53162, 0.77457, 0.72811, 0.74424
0.49741, 0.53601, 0.77486, 0.72581, 0.73272
0.49613, 0.54033, 0.77515, 0.73963, 0.75115
0.49121, 0.53754, 0.77803, 0.72350, 0.74194
0.49545, 0.53697, 0.76506, 0.75576, 0.71889
0.49016, 0.54817, 0.77371, 0.74424, 0.73272
0.48763, 0.52902, 0.77976, 0.73963, 0.74424
0.48334, 0.53007, 0.78178, 0.73733, 0.73733
0.48731, 0.54789, 0.77025, 0.73272, 0.73272
0.47693, 0.55650, 0.75411, 0.72581, 0.72581
0.48489, 0.52598, 0.78265, 0.73272, 0.74885
0.48388, 0.54368, 0.77659, 0.71659, 0.76728
0.48366, 0.52848, 0.78841, 0.73963, 0.75346
0.48100, 0.53662, 0.78322, 0.73963, 0.74885
0.47776, 0.52020, 0.78524, 0.75576, 0.75346
0.47334, 0.52614, 0.78755, 0.73733, 0.74654
0.47156, 0.51899, 0.78668, 0.74194, 0.75346
0.48155, 0.52158, 0.78351, 0.72811, 0.76728
0.48085, 0.51243, 0.78899, 0.76728, 0.73502
0.48069, 0.52550, 0.79129, 0.73963, 0.76037
0.47431, 0.52829, 0.78438, 0.73963, 0.76037
0.47199, 0.53980, 0.77919, 0.73963, 0.74194
0.47155, 0.51328, 0.78178, 0.74654, 0.75806
0.47438, 0.51198, 0.79591, 0.78111, 0.75115
0.47265, 0.51228, 0.79302, 0.74194, 0.74885
0.46996, 0.51902, 0.78553, 0.73733, 0.73963
0.46672, 0.53610, 0.78899, 0.72581, 0.78111
0.47142, 0.53024, 0.79014, 0.74654, 0.73963
0.47466, 0.51442, 0.79619, 0.74424, 0.76267
0.46415, 0.55077, 0.78380, 0.71429, 0.75115
0.46815, 0.50847, 0.79072, 0.75346, 0.75576
0.46562, 0.51970, 0.79879, 0.73041, 0.77880
0.46165, 0.50629, 0.80110, 0.74424, 0.75576
0.45720, 0.53480, 0.79043, 0.74885, 0.75576
0.46315, 0.51857, 0.78351, 0.75576, 0.74654
0.46247, 0.53361, 0.77775, 0.73733, 0.74654
0.46187, 0.50974, 0.79101, 0.74654, 0.75576
0.46137, 0.50764, 0.79706, 0.74885, 0.78111
0.46124, 0.53015, 0.78236, 0.72120, 0.77650
0.45862, 0.50352, 0.79591, 0.75115, 0.78341
0.45858, 0.50665, 0.79706, 0.75806, 0.78341
0.45380, 0.55966, 0.79101, 0.71659, 0.76498
0.45584, 0.51516, 0.79216, 0.76498, 0.77189
0.45278, 0.52421, 0.79937, 0.72811, 0.78341
0.45822, 0.50782, 0.80283, 0.76728, 0.73502
0.44924, 0.51149, 0.79937, 0.75576, 0.76498
0.45078, 0.52250, 0.79994, 0.73963, 0.77419
0.44380, 0.50768, 0.81147, 0.76959, 0.76267
0.44614, 0.51600, 0.80657, 0.74424, 0.77189
0.45173, 0.50783, 0.81263, 0.74885, 0.76728
0.44716, 0.49996, 0.81205, 0.76037, 0.75576
0.44514, 0.49541, 0.81349, 0.76728, 0.77650
0.43964, 0.51700, 0.80917, 0.76498, 0.77880
0.44185, 0.50997, 0.80571, 0.75806, 0.77189
0.43912, 0.50348, 0.81090, 0.75346, 0.78111
0.43804, 0.52531, 0.79677, 0.74654, 0.77189
0.44303, 0.50868, 0.80398, 0.76037, 0.77880
0.43934, 0.50740, 0.80254, 0.76037, 0.73502
0.43638, 0.51545, 0.81003, 0.73502, 0.78341
0.43365, 0.52157, 0.80657, 0.74654, 0.78341
0.43591, 0.50039, 0.81234, 0.77650, 0.76037
0.43424, 0.52127, 0.81464, 0.75115, 0.77650
0.43789, 0.49890, 0.81291, 0.77650, 0.74885
0.43601, 0.49763, 0.81637, 0.75806, 0.76959
0.43004, 0.49925, 0.81176, 0.74424, 0.76498
0.42807, 0.50858, 0.81205, 0.76498, 0.77419
0.42824, 0.49508, 0.82502, 0.77650, 0.77650
0.42844, 0.48396, 0.82185, 0.76959, 0.78341
0.42237, 0.49125, 0.81580, 0.77650, 0.75806
0.42264, 0.48551, 0.81810, 0.78802, 0.76728
0.43063, 0.49343, 0.82646, 0.79032, 0.76498
0.42046, 0.49091, 0.82185, 0.78571, 0.76959
0.42492, 0.51268, 0.82070, 0.75115, 0.76959
0.41568, 0.50723, 0.82127, 0.74885, 0.76959
0.42353, 0.51688, 0.81464, 0.76037, 0.78111
0.43457, 0.49689, 0.82502, 0.75806, 0.77880
0.41552, 0.52523, 0.81464, 0.78111, 0.75346
0.41952, 0.52471, 0.81551, 0.76728, 0.75576
0.42821, 0.52064, 0.81724, 0.75806, 0.77650
0.43059, 0.51147, 0.81724, 0.76498, 0.80415
0.41310, 0.52156, 0.81551, 0.76498, 0.77419
0.41951, 0.54321, 0.80946, 0.73963, 0.78571
0.41666, 0.55169, 0.80138, 0.73733, 0.75115
0.41554, 0.51233, 0.82502, 0.75806, 0.79263
0.41332, 0.53711, 0.82329, 0.75806, 0.77880
0.42262, 0.51751, 0.81839, 0.76728, 0.77419
0.41381, 0.52868, 0.81493, 0.75576, 0.77650
0.41764, 0.52150, 0.81954, 0.76728, 0.75115
----------------------------------------------------------------------------------------------------------------------------
0.67728, 0.68574, 0.59181, 0.58065, 0.56682
0.63715, 0.64959, 0.65754, 0.60369, 0.62212
0.62437, 0.64310, 0.66878, 0.61751, 0.65668
0.61803, 0.63391, 0.67310, 0.63364, 0.64977
0.61166, 0.62077, 0.68319, 0.66820, 0.69585
0.59574, 0.61891, 0.68435, 0.65668, 0.67972
0.58577, 0.60167, 0.70885, 0.67742, 0.71429
0.57248, 0.59766, 0.70510, 0.67512, 0.72350
0.56417, 0.58711, 0.73969, 0.70737, 0.75115
0.55838, 0.58100, 0.73479, 0.71429, 0.73041
0.55653, 0.58526, 0.74027, 0.67742, 0.75576
0.54412, 0.57698, 0.74085, 0.70507, 0.74885
0.53927, 0.56359, 0.74892, 0.69585, 0.74194
0.53598, 0.55907, 0.74546, 0.70968, 0.74885
0.52847, 0.58812, 0.73768, 0.69355, 0.76037
0.52367, 0.55040, 0.75209, 0.71198, 0.73963
0.52610, 0.54774, 0.75814, 0.71429, 0.76267
0.51473, 0.54591, 0.75872, 0.71889, 0.76037
0.51489, 0.53919, 0.76391, 0.70968, 0.75806
0.50687, 0.52741, 0.76391, 0.73272, 0.76728
0.50716, 0.54912, 0.76131, 0.69816, 0.76037
0.49820, 0.51745, 0.77169, 0.73502, 0.76959
0.49368, 0.51764, 0.77429, 0.73502, 0.76498
0.48550, 0.50774, 0.77861, 0.73502, 0.77419
0.48269, 0.50751, 0.77717, 0.74194, 0.78341
0.49152, 0.51494, 0.76910, 0.74885, 0.76037
0.48125, 0.52291, 0.77659, 0.69124, 0.76037
0.47755, 0.50238, 0.78149, 0.75115, 0.75806
0.47533, 0.52206, 0.76794, 0.72811, 0.76959
0.47229, 0.52911, 0.76679, 0.70968, 0.75115
0.47109, 0.51269, 0.78409, 0.74424, 0.77880
0.46351, 0.48821, 0.79129, 0.74424, 0.77419
0.46069, 0.51872, 0.78870, 0.73041, 0.77419
0.46382, 0.49042, 0.79331, 0.75346, 0.78341
0.45773, 0.50444, 0.79274, 0.74654, 0.77419
0.45293, 0.50060, 0.78726, 0.73963, 0.78111
0.45062, 0.52508, 0.78553, 0.74194, 0.76959
0.45922, 0.51762, 0.79418, 0.73272, 0.77419
0.45223, 0.48915, 0.79994, 0.77419, 0.77189
0.45423, 0.51661, 0.79360, 0.72581, 0.78802
0.44365, 0.49280, 0.79850, 0.76037, 0.77189
0.44589, 0.49402, 0.79129, 0.74654, 0.75115
0.44577, 0.50220, 0.79994, 0.76959, 0.75576
0.44538, 0.53148, 0.78495, 0.74194, 0.76728
0.44501, 0.51097, 0.78985, 0.74194, 0.75806
0.43931, 0.49362, 0.80773, 0.76498, 0.76498
0.43235, 0.48574, 0.81205, 0.76037, 0.78341
0.44094, 0.48600, 0.80974, 0.76959, 0.76728
0.43691, 0.47938, 0.81407, 0.76037, 0.77650
0.43136, 0.48030, 0.81580, 0.78111, 0.76267
0.43193, 0.49511, 0.80657, 0.74654, 0.75806
0.42605, 0.49140, 0.80484, 0.76498, 0.76267
0.42858, 0.48074, 0.81926, 0.78111, 0.76728
0.43250, 0.47502, 0.81753, 0.77189, 0.79032
0.42548, 0.48479, 0.81781, 0.76498, 0.79263
0.42757, 0.47751, 0.81493, 0.77880, 0.79954
0.42268, 0.49991, 0.81926, 0.76037, 0.77880
0.41887, 0.50125, 0.81810, 0.75346, 0.79032
0.42209, 0.47763, 0.82127, 0.77880, 0.78802
0.42362, 0.52518, 0.77775, 0.74194, 0.73733
0.42240, 0.49059, 0.82416, 0.77419, 0.78571
0.41929, 0.50155, 0.82387, 0.76267, 0.78341
0.41738, 0.50242, 0.81464, 0.75576, 0.77189
0.41737, 0.48204, 0.82099, 0.77650, 0.78571
0.42231, 0.46913, 0.82675, 0.79263, 0.79032
0.41114, 0.49611, 0.82185, 0.76959, 0.79263
0.41361, 0.49280, 0.82012, 0.76037, 0.79493
0.41289, 0.47673, 0.82387, 0.77880, 0.79493
0.40675, 0.49405, 0.82329, 0.76959, 0.79263
0.40917, 0.47106, 0.82531, 0.78111, 0.78341
0.40743, 0.48626, 0.82502, 0.77189, 0.79954
0.40515, 0.47886, 0.81897, 0.77189, 0.76728
0.40828, 0.50045, 0.82214, 0.76959, 0.78802
0.40121, 0.50287, 0.83079, 0.76267, 0.78341
0.42293, 0.48260, 0.82300, 0.78571, 0.78111
0.39991, 0.47798, 0.82646, 0.77650, 0.79032
0.40433, 0.50215, 0.82156, 0.76037, 0.78571
0.39345, 0.48181, 0.82416, 0.78802, 0.78802
0.39540, 0.48758, 0.83136, 0.76959, 0.79493
0.39244, 0.49250, 0.83367, 0.76959, 0.81106
0.39264, 0.48640, 0.83425, 0.78111, 0.80415
0.39434, 0.47879, 0.83886, 0.79263, 0.79493
0.39623, 0.47863, 0.83828, 0.79724, 0.79493
0.39105, 0.47120, 0.82963, 0.76498, 0.80184
0.38829, 0.48292, 0.82762, 0.78111, 0.79032
----------------------------------------------------------------------------------------------------------------------------
0.66938, 0.65000, 0.58374, 0.60829, 0.57834
0.65720, 0.68256, 0.56443, 0.54378, 0.55300
0.66305, 0.63692, 0.64370, 0.64977, 0.62903
0.63527, 0.61462, 0.67282, 0.65438, 0.65438
0.61759, 0.61013, 0.66388, 0.66820, 0.65438
0.60571, 0.58678, 0.69011, 0.66820, 0.67972
0.59114, 0.57894, 0.69357, 0.67512, 0.69124
0.58471, 0.57533, 0.68781, 0.67742, 0.69585
0.57584, 0.56269, 0.70597, 0.70276, 0.70046
0.56967, 0.55952, 0.70770, 0.70507, 0.70737
0.56350, 0.55891, 0.70654, 0.72120, 0.70737
0.55338, 0.55851, 0.72384, 0.70046, 0.72581
0.55810, 0.55210, 0.72759, 0.71889, 0.73733
0.54918, 0.55495, 0.71807, 0.71429, 0.72120
0.55085, 0.55141, 0.72297, 0.72581, 0.72581
0.54517, 0.55310, 0.72730, 0.71429, 0.73733
0.54392, 0.55406, 0.73162, 0.70968, 0.73272
0.53783, 0.55019, 0.73076, 0.73502, 0.73272
0.54082, 0.55481, 0.72845, 0.72581, 0.71889
0.54343, 0.55918, 0.72211, 0.71429, 0.72120
0.53340, 0.55776, 0.71433, 0.70507, 0.71659
0.53437, 0.57170, 0.72730, 0.72350, 0.70968
0.53073, 0.57615, 0.72615, 0.71198, 0.70276
0.52512, 0.54332, 0.74056, 0.72581, 0.74424
0.52481, 0.54497, 0.73796, 0.73041, 0.72811
0.53059, 0.57068, 0.73451, 0.71889, 0.69816
0.52640, 0.55290, 0.74315, 0.72350, 0.73272
0.52302, 0.55490, 0.73854, 0.73502, 0.71429
0.52138, 0.54123, 0.74921, 0.73272, 0.74424
0.51478, 0.53945, 0.75324, 0.74424, 0.75115
0.52181, 0.57085, 0.72730, 0.72350, 0.68203
0.51544, 0.54040, 0.74373, 0.73272, 0.72811
0.51477, 0.54966, 0.73306, 0.72120, 0.72581
0.51604, 0.54123, 0.75007, 0.73733, 0.72581
0.50427, 0.54187, 0.73393, 0.72811, 0.73502
0.51591, 0.54671, 0.73883, 0.73502, 0.73963
0.51160, 0.57568, 0.72903, 0.72350, 0.69816
0.50007, 0.55520, 0.75295, 0.75576, 0.73041
0.50487, 0.53096, 0.75987, 0.75576, 0.74194
0.50238, 0.53830, 0.76420, 0.75115, 0.74654
0.49533, 0.53295, 0.75382, 0.74654, 0.73733
0.50617, 0.52227, 0.75987, 0.76037, 0.74654
0.49358, 0.53335, 0.76939, 0.75806, 0.72581
0.49478, 0.52728, 0.76103, 0.75346, 0.73963
0.49394, 0.54861, 0.76247, 0.75576, 0.72350
0.48832, 0.53216, 0.77371, 0.76037, 0.73502
0.49308, 0.52772, 0.77573, 0.75806, 0.74654
0.49214, 0.53118, 0.77285, 0.76728, 0.74194
0.48777, 0.51871, 0.77227, 0.76498, 0.73963
0.48566, 0.54095, 0.76506, 0.75806, 0.72120
0.49013, 0.52909, 0.77285, 0.76498, 0.73733
0.49422, 0.52005, 0.77659, 0.75806, 0.75346
0.47955, 0.52507, 0.77371, 0.75115, 0.76037
0.48658, 0.52175, 0.76622, 0.74885, 0.74424
0.48613, 0.53673, 0.76939, 0.75115, 0.72811
0.48420, 0.51622, 0.77717, 0.76498, 0.73963
0.47902, 0.51937, 0.77919, 0.75576, 0.75346
0.47709, 0.52206, 0.78149, 0.76498, 0.73963
0.47760, 0.52634, 0.78928, 0.77189, 0.74885
0.48226, 0.52003, 0.77775, 0.76728, 0.74424
0.48959, 0.52302, 0.78092, 0.76959, 0.73963
0.47111, 0.52258, 0.79129, 0.76498, 0.74424
0.47272, 0.50838, 0.78899, 0.76267, 0.74194
0.46910, 0.51865, 0.78639, 0.76728, 0.74194
0.47359, 0.50751, 0.79014, 0.76728, 0.75576
0.46909, 0.52957, 0.78005, 0.76728, 0.74424
0.46675, 0.51645, 0.79418, 0.77189, 0.73963
0.47064, 0.53079, 0.79129, 0.77419, 0.74885
0.46802, 0.52209, 0.79418, 0.76959, 0.73963
0.46383, 0.51089, 0.79360, 0.76959, 0.75806
0.46444, 0.53672, 0.74748, 0.75346, 0.73963
0.46624, 0.51815, 0.79677, 0.77650, 0.74424
0.46101, 0.52781, 0.78985, 0.76498, 0.74424
0.46134, 0.53056, 0.79591, 0.77880, 0.75806
0.46169, 0.54198, 0.78697, 0.78111, 0.73963
0.45917, 0.51183, 0.79677, 0.78802, 0.75346
0.45786, 0.54600, 0.78985, 0.75115, 0.75576
0.46679, 0.50732, 0.79879, 0.78802, 0.75806
0.45786, 0.52059, 0.79216, 0.77880, 0.73963
0.46423, 0.52637, 0.79504, 0.77189, 0.74424
0.45639, 0.51224, 0.79908, 0.78111, 0.75806
0.46444, 0.51829, 0.80052, 0.78571, 0.74654
0.45145, 0.52623, 0.79735, 0.77880, 0.75576
0.46230, 0.52075, 0.79735, 0.77650, 0.75115
0.45100, 0.50500, 0.80052, 0.79032, 0.75115
0.45361, 0.53841, 0.78466, 0.76267, 0.75806
0.46244, 0.54304, 0.76506, 0.73963, 0.73502
0.45738, 0.50619, 0.79764, 0.79493, 0.74194
0.44983, 0.51554, 0.77486, 0.77189, 0.73502
0.45045, 0.51089, 0.79937, 0.79954, 0.74885
0.44821, 0.50872, 0.80340, 0.79954, 0.74194
0.45228, 0.57276, 0.76535, 0.73733, 0.71659
0.44803, 0.55612, 0.77948, 0.76267, 0.75115
0.45370, 0.50875, 0.79072, 0.77880, 0.73963
0.44923, 0.50261, 0.80657, 0.78571, 0.76267
0.44431, 0.50235, 0.80715, 0.79493, 0.75806
0.43410, 0.50437, 0.80801, 0.79032, 0.76728
0.44238, 0.51968, 0.80628, 0.78111, 0.76728
0.44352, 0.51229, 0.80801, 0.79493, 0.76267
0.44981, 0.50254, 0.80801, 0.79263, 0.75806
0.44367, 0.50740, 0.81032, 0.79493, 0.75806
0.43725, 0.52493, 0.80513, 0.78571, 0.75115
0.44092, 0.51950, 0.80801, 0.79263, 0.74885
0.43660, 0.50420, 0.80686, 0.77880, 0.75806
0.43156, 0.50329, 0.81263, 0.79263, 0.75806
0.42955, 0.51779, 0.78928, 0.78111, 0.74654
0.43489, 0.49750, 0.82012, 0.78802, 0.77419
0.42960, 0.50933, 0.80571, 0.78111, 0.75346
0.42932, 0.49695, 0.81205, 0.78341, 0.75346
0.42855, 0.50676, 0.81349, 0.80415, 0.77189
0.42890, 0.51185, 0.80715, 0.79032, 0.77189
0.43047, 0.49508, 0.81291, 0.79032, 0.76728
0.42835, 0.49947, 0.81118, 0.78802, 0.75806
0.42728, 0.50081, 0.81810, 0.79032, 0.76267
0.42677, 0.54002, 0.78812, 0.75346, 0.74194
0.42847, 0.51439, 0.79648, 0.76728, 0.74424
0.42705, 0.49423, 0.81320, 0.81106, 0.76037
0.42714, 0.50621, 0.80600, 0.79032, 0.75576
0.42868, 0.48661, 0.82099, 0.80415, 0.77880
0.41602, 0.49714, 0.82387, 0.80184, 0.78802
0.41522, 0.49892, 0.81522, 0.80184, 0.76959
0.42589, 0.48948, 0.81032, 0.79032, 0.75576
0.41731, 0.48832, 0.81781, 0.80876, 0.76498
0.41548, 0.52352, 0.80686, 0.79954, 0.76037
0.41921, 0.50036, 0.81609, 0.79263, 0.76037
0.41987, 0.49954, 0.81983, 0.80645, 0.77189
0.41986, 0.51786, 0.80484, 0.77189, 0.74424
0.40911, 0.53085, 0.80686, 0.78111, 0.74654
0.40896, 0.49408, 0.82272, 0.79493, 0.75806
0.41095, 0.50760, 0.82300, 0.79493, 0.77189
0.42316, 0.49457, 0.81695, 0.79954, 0.76728
0.41517, 0.49718, 0.81983, 0.78571, 0.76498
0.40980, 0.51011, 0.82127, 0.79954, 0.78341
0.40801, 0.50967, 0.82473, 0.79954, 0.76267
0.40699, 0.49240, 0.81810, 0.80184, 0.75576
0.41716, 0.49671, 0.82445, 0.79263, 0.76267
0.40559, 0.50808, 0.80974, 0.78341, 0.74885
0.41663, 0.53773, 0.80600, 0.77650, 0.73733
0.42139, 0.49821, 0.81522, 0.78571, 0.76498
----------------------------------------------------------------------------------------------------------------------------
0.67010, 0.61588, 0.66965, 0.64516, 0.64747
0.58669, 0.59920, 0.69184, 0.67512, 0.67281
0.56651, 0.61215, 0.71404, 0.67512, 0.69816
0.55774, 0.57488, 0.73739, 0.70968, 0.70968
0.54298, 0.57201, 0.74142, 0.70737, 0.72120
0.53456, 0.55770, 0.74892, 0.71198, 0.71429
0.52968, 0.55316, 0.76362, 0.73733, 0.73502
0.51794, 0.56906, 0.72038, 0.70737, 0.71889
0.51120, 0.56703, 0.70626, 0.70507, 0.68664
0.50687, 0.58066, 0.75065, 0.70968, 0.73272
0.49638, 0.53541, 0.77313, 0.73272, 0.74885
0.49530, 0.54121, 0.76333, 0.71889, 0.73502
0.49809, 0.58332, 0.75930, 0.70276, 0.71198
0.48249, 0.52702, 0.78351, 0.73733, 0.76498
0.48601, 0.53315, 0.77285, 0.74194, 0.76728
0.47428, 0.53265, 0.77803, 0.72350, 0.75576
0.46832, 0.55461, 0.78149, 0.72581, 0.73963
0.47010, 0.52461, 0.78063, 0.74424, 0.75806
0.46222, 0.52223, 0.79648, 0.74885, 0.76267
0.46625, 0.51815, 0.79706, 0.73963, 0.77419
0.46545, 0.54800, 0.79274, 0.72581, 0.76728
0.46042, 0.52033, 0.77976, 0.72350, 0.74885
0.44840, 0.52612, 0.79706, 0.73733, 0.75806
0.44202, 0.53326, 0.79850, 0.74424, 0.77419
0.44802, 0.51348, 0.80311, 0.75115, 0.76267
0.44242, 0.51451, 0.80628, 0.75115, 0.76267
0.44439, 0.50580, 0.81464, 0.75806, 0.77650
0.43724, 0.51765, 0.81291, 0.74194, 0.76728
0.43829, 0.51113, 0.81637, 0.74424, 0.77419
0.43415, 0.52717, 0.80196, 0.73041, 0.76728
0.43748, 0.51202, 0.81695, 0.74654, 0.77419
0.42978, 0.50144, 0.81522, 0.77419, 0.77880
0.44010, 0.50631, 0.81637, 0.73733, 0.77419
0.42697, 0.52069, 0.81090, 0.73963, 0.77419
0.42739, 0.49819, 0.81724, 0.76267, 0.78341
0.42024, 0.54674, 0.79965, 0.73041, 0.77419
0.43015, 0.51091, 0.81378, 0.75806, 0.75576
0.42423, 0.66245, 0.76391, 0.69124, 0.73963
0.43096, 0.51810, 0.79245, 0.73963, 0.75576
0.42405, 0.51627, 0.78409, 0.75346, 0.75115
0.42736, 0.52132, 0.81781, 0.75115, 0.76959
0.41601, 0.49440, 0.82704, 0.76728, 0.78571
0.41498, 0.49146, 0.82762, 0.76267, 0.78571
0.42364, 0.49832, 0.81753, 0.76728, 0.77650
0.41681, 0.49200, 0.82963, 0.76959, 0.78341
0.41363, 0.48806, 0.82387, 0.76728, 0.75806
0.41426, 0.51420, 0.82906, 0.74424, 0.79263
0.40417, 0.48941, 0.83280, 0.78341, 0.79263
0.40542, 0.50168, 0.83136, 0.76267, 0.78111
0.39913, 0.48956, 0.81551, 0.76267, 0.77650
0.40867, 0.49951, 0.83194, 0.76498, 0.76959
0.39874, 0.50029, 0.83569, 0.76267, 0.78341
0.40854, 0.49854, 0.82012, 0.74654, 0.75806
0.40840, 0.55176, 0.81090, 0.72811, 0.77650
0.40460, 0.50113, 0.83425, 0.76959, 0.77650
0.39783, 0.51809, 0.82329, 0.74654, 0.79032
0.39085, 0.57459, 0.80628, 0.71889, 0.76728
0.39356, 0.49022, 0.82848, 0.76728, 0.76959
0.39714, 0.48962, 0.83915, 0.76959, 0.78802
0.39792, 0.49150, 0.84347, 0.76037, 0.78802
0.40740, 0.48605, 0.83771, 0.76498, 0.77650
0.40288, 0.49031, 0.84145, 0.77880, 0.79724
0.39347, 0.49344, 0.83194, 0.76267, 0.77189
0.39065, 0.53060, 0.83713, 0.75806, 0.79032
0.38931, 0.49918, 0.84232, 0.77189, 0.77419
0.38663, 0.48893, 0.83915, 0.74424, 0.77189
0.38117, 0.50180, 0.84261, 0.77880, 0.77880
0.39506, 0.49540, 0.82617, 0.77189, 0.76959
0.38463, 0.50236, 0.84520, 0.75576, 0.78802
0.38327, 0.51379, 0.84664, 0.75115, 0.78111
0.38219, 0.51493, 0.84030, 0.76267, 0.78571
0.38151, 0.50303, 0.84607, 0.76267, 0.78571
0.38126, 0.48933, 0.83598, 0.76267, 0.77189
0.37905, 0.53035, 0.82646, 0.74654, 0.77650
0.37971, 0.47891, 0.84232, 0.75576, 0.77419
0.38610, 0.50151, 0.84030, 0.77419, 0.78111
0.38475, 0.49954, 0.84779, 0.74885, 0.79954
0.38415, 0.56344, 0.82762, 0.72350, 0.77189
0.37779, 0.48540, 0.84434, 0.77189, 0.78111
0.37489, 0.48043, 0.84722, 0.79032, 0.79032
0.36857, 0.49834, 0.84347, 0.76267, 0.76959
0.37239, 0.48887, 0.84837, 0.77189, 0.78341
0.37155, 0.50098, 0.85298, 0.77650, 0.79032
0.37160, 0.49046, 0.84924, 0.77419, 0.77189
0.38484, 0.50741, 0.85385, 0.76267, 0.79493
0.36875, 0.51027, 0.84405, 0.75576, 0.79032
0.36928, 0.51660, 0.82156, 0.75806, 0.76498
0.36809, 0.54827, 0.83482, 0.73272, 0.78571
0.36767, 0.49950, 0.84866, 0.76959, 0.79724
0.37233, 0.50769, 0.85529, 0.77189, 0.79032
0.36424, 0.50334, 0.84866, 0.77189, 0.78802
0.36517, 0.47605, 0.82906, 0.77650, 0.75806
0.37650, 0.49239, 0.85731, 0.78111, 0.79263
0.36356, 0.49978, 0.85385, 0.77419, 0.79032
0.35651, 0.48196, 0.85817, 0.76267, 0.79263
0.36215, 0.49234, 0.85846, 0.77880, 0.79954
0.36119, 0.52176, 0.84434, 0.74424, 0.79493
0.35473, 0.49035, 0.85702, 0.77880, 0.77189
0.35372, 0.50250, 0.83742, 0.75806, 0.76959
0.36298, 0.51700, 0.83050, 0.76728, 0.76728
0.37047, 0.49069, 0.85817, 0.77419, 0.78571
0.36517, 0.50819, 0.85500, 0.76037, 0.79032
0.36329, 0.49583, 0.85846, 0.76498, 0.79032
0.36202, 0.50768, 0.85529, 0.76267, 0.79263
0.35498, 0.51159, 0.86451, 0.76959, 0.80876
0.35956, 0.49384, 0.86538, 0.77880, 0.79954
0.36170, 0.48764, 0.86336, 0.76498, 0.79493
0.35360, 0.48493, 0.86307, 0.77189, 0.79954
0.35118, 0.48049, 0.86682, 0.78341, 0.78802
0.35547, 0.51883, 0.85673, 0.76037, 0.79263
0.34720, 0.48437, 0.86855, 0.77419, 0.82028
0.35599, 0.55623, 0.84376, 0.74194, 0.79724
----------------------------------------------------------------------------------------------------------------------------
0.67485, 0.64913, 0.62064, 0.64286, 0.63825
0.65859, 0.63008, 0.59527, 0.60599, 0.58525
0.64122, 0.63943, 0.63909, 0.63825, 0.61290
0.64342, 0.62710, 0.64226, 0.65438, 0.61751
0.62760, 0.60044, 0.64976, 0.67281, 0.63825
0.61641, 0.60426, 0.63102, 0.65207, 0.60829
0.60429, 0.57303, 0.67224, 0.69355, 0.65438
0.59142, 0.56425, 0.69472, 0.71659, 0.68433
0.57643, 0.57027, 0.69818, 0.70737, 0.70737
0.57134, 0.55428, 0.70424, 0.71198, 0.70737
0.56620, 0.56034, 0.70568, 0.73502, 0.69585
0.55836, 0.59333, 0.70078, 0.68664, 0.71198
0.55565, 0.55694, 0.71231, 0.71659, 0.71198
0.55714, 0.56854, 0.71058, 0.72581, 0.73733
0.55416, 0.54251, 0.72240, 0.73272, 0.70737
0.54934, 0.53531, 0.72384, 0.73502, 0.71889
0.54015, 0.54618, 0.72701, 0.72350, 0.72120
0.54353, 0.53661, 0.72788, 0.72350, 0.72120
0.53415, 0.52358, 0.72528, 0.75115, 0.73041
0.53749, 0.54139, 0.70712, 0.72581, 0.71429
0.53355, 0.53434, 0.73364, 0.73502, 0.72120
0.52557, 0.53639, 0.73191, 0.72120, 0.69124
0.52947, 0.53219, 0.72932, 0.71198, 0.71659
0.52785, 0.51661, 0.72442, 0.73733, 0.72350
0.53132, 0.53837, 0.72874, 0.72120, 0.69585
0.52498, 0.53526, 0.73912, 0.73272, 0.71198
0.52225, 0.50913, 0.73854, 0.74654, 0.73963
0.51777, 0.52619, 0.74978, 0.74194, 0.72811
0.52466, 0.51541, 0.73739, 0.73963, 0.73502
0.52346, 0.54840, 0.73537, 0.72811, 0.73041
0.51567, 0.55527, 0.73018, 0.70737, 0.71889
0.51965, 0.51857, 0.74431, 0.73272, 0.73041
0.51593, 0.53173, 0.74719, 0.73041, 0.74424
0.51143, 0.50398, 0.75180, 0.74424, 0.73963
0.51533, 0.50361, 0.75209, 0.74654, 0.76037
0.51532, 0.50335, 0.76189, 0.75346, 0.73963
0.51604, 0.51049, 0.76160, 0.73733, 0.73272
0.51755, 0.50724, 0.75440, 0.74654, 0.73272
0.51575, 0.52233, 0.75411, 0.74654, 0.75346
0.50913, 0.56635, 0.73162, 0.70507, 0.71429
0.50655, 0.50626, 0.76276, 0.75346, 0.73272
0.49904, 0.52093, 0.75411, 0.74194, 0.73272
0.51581, 0.49588, 0.76449, 0.77650, 0.73963
0.50040, 0.52396, 0.76016, 0.73272, 0.71659
0.50503, 0.49230, 0.76247, 0.77419, 0.72581
0.49316, 0.50310, 0.76679, 0.77419, 0.73272
0.49456, 0.49589, 0.76045, 0.78802, 0.72811
0.48960, 0.51386, 0.76218, 0.76037, 0.72811
0.48940, 0.48507, 0.78034, 0.77419, 0.73963
0.49655, 0.49104, 0.78409, 0.77189, 0.75115
0.49062, 0.48081, 0.78409, 0.76498, 0.74424
0.48050, 0.49268, 0.77688, 0.78571, 0.76267
0.48052, 0.52123, 0.76535, 0.75115, 0.70968
0.47823, 0.49646, 0.78899, 0.77189, 0.75576
0.48220, 0.48035, 0.77746, 0.78111, 0.74654
0.47318, 0.47755, 0.78582, 0.79032, 0.75115
0.46621, 0.53940, 0.76391, 0.74424, 0.70968
0.47345, 0.50489, 0.78149, 0.75115, 0.75576
0.47597, 0.48760, 0.79360, 0.76728, 0.73963
0.46467, 0.49028, 0.78293, 0.78111, 0.74194
0.46998, 0.49843, 0.78322, 0.75806, 0.75115
0.46477, 0.48859, 0.79129, 0.76728, 0.73272
0.47095, 0.48952, 0.78438, 0.78802, 0.75115
0.47158, 0.48439, 0.78120, 0.77650, 0.73502
0.46620, 0.47670, 0.79129, 0.76959, 0.74885
0.46576, 0.49705, 0.79072, 0.76728, 0.74654
0.46496, 0.47283, 0.79850, 0.77650, 0.74654
0.45981, 0.51915, 0.78438, 0.76728, 0.76728
0.46136, 0.49764, 0.78697, 0.77880, 0.73733
0.46571, 0.49105, 0.78265, 0.79954, 0.74424
0.45988, 0.50864, 0.80110, 0.75806, 0.75115
0.45234, 0.49893, 0.78956, 0.76728, 0.76037
0.45225, 0.49671, 0.78899, 0.76267, 0.76037
0.45281, 0.50429, 0.79072, 0.77419, 0.75576
0.46385, 0.49519, 0.79302, 0.77880, 0.74424
0.46010, 0.48515, 0.79994, 0.76959, 0.73733
0.45819, 0.49484, 0.79562, 0.75806, 0.76037
0.44931, 0.50539, 0.80398, 0.77650, 0.73963
0.45783, 0.49582, 0.79908, 0.77189, 0.76037
0.45019, 0.48269, 0.80628, 0.76728, 0.76037
0.44747, 0.48760, 0.80715, 0.77189, 0.74885
0.44263, 0.48263, 0.80484, 0.78802, 0.75346
0.44734, 0.48723, 0.80052, 0.77650, 0.76498
0.45323, 0.47555, 0.80196, 0.79263, 0.77189
0.43932, 0.47660, 0.81407, 0.78571, 0.76498
0.43690, 0.46689, 0.82070, 0.79724, 0.78111
0.44236, 0.48528, 0.81897, 0.77189, 0.77189
0.43398, 0.48356, 0.81695, 0.79263, 0.79724
0.43635, 0.47059, 0.82156, 0.79954, 0.75806
0.44116, 0.47609, 0.80859, 0.78341, 0.78111
0.42993, 0.48409, 0.81061, 0.79724, 0.74885
0.44111, 0.47370, 0.82185, 0.77880, 0.78571
0.43092, 0.47506, 0.80974, 0.79032, 0.78341
0.41952, 0.48337, 0.81926, 0.77419, 0.77189
0.43096, 0.46418, 0.81868, 0.79263, 0.78341
0.42322, 0.53342, 0.79937, 0.74885, 0.75115
0.41917, 0.47050, 0.81868, 0.78571, 0.76037
0.42934, 0.47217, 0.82156, 0.78571, 0.76728
0.41432, 0.47109, 0.82127, 0.79954, 0.76267
0.41640, 0.46383, 0.82963, 0.78802, 0.77189
0.40866, 0.47536, 0.83367, 0.78802, 0.76959
0.42680, 0.46525, 0.82156, 0.78802, 0.76037
0.42570, 0.46240, 0.81868, 0.79954, 0.76498
0.40447, 0.51013, 0.79908, 0.76267, 0.75346
0.41612, 0.45595, 0.80340, 0.78341, 0.76728
0.41131, 0.44874, 0.83165, 0.80184, 0.78571
0.40898, 0.44708, 0.83165, 0.81797, 0.78571
0.41482, 0.47036, 0.83165, 0.79263, 0.77880
0.40402, 0.47655, 0.82531, 0.78571, 0.74194
0.40438, 0.46921, 0.83425, 0.79724, 0.78111
0.40753, 0.46280, 0.83713, 0.79493, 0.76959
0.39672, 0.50224, 0.81436, 0.78111, 0.75806
0.42462, 0.44492, 0.83280, 0.81106, 0.78341
0.41766, 0.46358, 0.83943, 0.79724, 0.77419
0.40815, 0.46395, 0.82963, 0.79263, 0.77189
0.40850, 0.47813, 0.82214, 0.77880, 0.76498
0.40713, 0.48394, 0.81868, 0.77650, 0.75576
0.40662, 0.47484, 0.83021, 0.80184, 0.76037
0.39998, 0.46491, 0.83713, 0.78341, 0.79493
0.40251, 0.48540, 0.81522, 0.79493, 0.74654
0.40002, 0.45580, 0.82646, 0.81106, 0.78341
0.40058, 0.50578, 0.81407, 0.76267, 0.76267
0.40040, 0.46119, 0.82358, 0.79954, 0.76498
0.39852, 0.44321, 0.83771, 0.79032, 0.76728
0.41103, 0.46467, 0.83223, 0.78341, 0.75576
0.40994, 0.46475, 0.81464, 0.80645, 0.75346
0.39577, 0.44760, 0.83828, 0.81336, 0.77650
0.39542, 0.46046, 0.82675, 0.80876, 0.74424
0.39292, 0.47559, 0.83482, 0.80876, 0.75806
0.39439, 0.45314, 0.83453, 0.80876, 0.76959
0.39616, 0.47377, 0.84289, 0.78111, 0.76959
0.38525, 0.44557, 0.84693, 0.80876, 0.78111
0.39740, 0.49135, 0.81897, 0.77880, 0.76267
0.39831, 0.46241, 0.83915, 0.80645, 0.77189
0.39787, 0.45634, 0.83886, 0.79493, 0.77189
0.39270, 0.44981, 0.83886, 0.80876, 0.76498
0.39670, 0.45118, 0.83569, 0.80645, 0.75346
0.38608, 0.44135, 0.85270, 0.80415, 0.77419
0.39873, 0.44272, 0.84116, 0.81567, 0.77189
0.38944, 0.46269, 0.81522, 0.80415, 0.76959
0.39260, 0.45053, 0.84837, 0.81106, 0.76728
0.38640, 0.44722, 0.84895, 0.82028, 0.77419
0.38356, 0.46092, 0.83655, 0.79493, 0.77880
0.39044, 0.45721, 0.83280, 0.80645, 0.76267
0.38091, 0.48243, 0.83309, 0.79724, 0.76498
0.38262, 0.46125, 0.82675, 0.81106, 0.76037
0.39098, 0.49862, 0.83626, 0.77650, 0.77419
0.38311, 0.45622, 0.84635, 0.79493, 0.76959
0.39014, 0.45296, 0.85731, 0.80415, 0.79724
0.38059, 0.43813, 0.85644, 0.81106, 0.74654
0.37967, 0.47762, 0.83684, 0.78571, 0.79032
0.38056, 0.46655, 0.83742, 0.80415, 0.76037
0.38017, 0.50599, 0.82185, 0.77880, 0.76728
0.39508, 0.48080, 0.82156, 0.78802, 0.76728
0.38036, 0.46786, 0.83943, 0.79954, 0.77650
0.37087, 0.48618, 0.84981, 0.77880, 0.77419
0.37888, 0.45764, 0.84145, 0.81797, 0.76728
0.36952, 0.46190, 0.85154, 0.81106, 0.77189
0.37450, 0.44938, 0.85154, 0.80415, 0.78341
0.36951, 0.44594, 0.85471, 0.80645, 0.76959
0.36603, 0.46513, 0.84779, 0.80876, 0.76959
0.37120, 0.44709, 0.85241, 0.80415, 0.80415
0.37089, 0.43279, 0.84203, 0.81106, 0.79032
0.37738, 0.48619, 0.84607, 0.79263, 0.78571
0.37622, 0.45502, 0.84145, 0.80184, 0.79493
0.36941, 0.44013, 0.85731, 0.80876, 0.76498
0.36607, 0.49368, 0.82127, 0.79032, 0.74654
0.36562, 0.44160, 0.85154, 0.81797, 0.76959
0.37097, 0.44988, 0.85875, 0.80415, 0.78341
0.36736, 0.43962, 0.85154, 0.81106, 0.78341
0.36791, 0.44270, 0.85529, 0.80184, 0.77419
0.37007, 0.43930, 0.85990, 0.80645, 0.78111
0.36356, 0.42183, 0.84174, 0.81567, 0.78802
0.36325, 0.46969, 0.84261, 0.80645, 0.76498
0.36367, 0.44904, 0.86192, 0.80415, 0.78571
0.36852, 0.46826, 0.84491, 0.80184, 0.77650
0.36190, 0.44696, 0.85442, 0.79954, 0.78111
0.35219, 0.45217, 0.85442, 0.81797, 0.77650
0.36855, 0.44684, 0.84607, 0.82028, 0.76267
0.36914, 0.46651, 0.84722, 0.80645, 0.78571
0.36428, 0.44164, 0.85933, 0.80415, 0.77189
0.36392, 0.50569, 0.83453, 0.75115, 0.76498
0.35477, 0.46134, 0.86019, 0.79263, 0.76728
0.34853, 0.46176, 0.84088, 0.80184, 0.76728
0.35920, 0.43894, 0.87230, 0.81336, 0.79724
0.34709, 0.44838, 0.85961, 0.80876, 0.77189
0.35630, 0.42151, 0.85183, 0.82258, 0.76267
0.34832, 0.42986, 0.86221, 0.81106, 0.77880
0.35870, 0.45080, 0.86336, 0.81106, 0.77419
0.34485, 0.46538, 0.85731, 0.81797, 0.77189
0.36481, 0.47188, 0.84347, 0.79493, 0.78341
0.34438, 0.45729, 0.86826, 0.80645, 0.76498
0.35146, 0.49718, 0.84232, 0.79724, 0.75346
0.34928, 0.42455, 0.86797, 0.82028, 0.77419
0.35665, 0.44269, 0.86653, 0.81567, 0.76959
0.34952, 0.45149, 0.86797, 0.80184, 0.77419
0.35108, 0.42614, 0.86509, 0.79954, 0.77650
0.36342, 0.44302, 0.87028, 0.81567, 0.79032
0.35509, 0.48035, 0.85961, 0.79263, 0.78111
0.35017, 0.49415, 0.84981, 0.78571, 0.76498
