============================================================================================================================
Namespace(pooling='slspool', batch_size=32, lr=0.0001, epochs=200, pool_ratio=0.5, dataset='FRANKENSTEIN', edges=False, runs=10, logging='logs/27_03_24/lspool3conv_franken', config='config/config.json', patience=20, seeds='config/seeds'); _CudaDeviceProperties(name='NVIDIA GeForce RTX 4060 Ti', major=8, minor=9, total_memory=16379MB, multi_processor_count=34); {'hidden_features': 128, 'nonlinearity': 'elu', 'p_dropout': 0.0, 'conv_layer': 'GraphConv', 'pre_gnn': [64, 128], 'post_gnn': [128, 64], 'pre_pool_convs': 2, 'post_pool_convs': 1} 
----------------------------------------------------------------------------------------------------------------------------
0.67733, 0.66798, 0.57942, 0.57373, 0.60599
0.66998, 0.67499, 0.57481, 0.56452, 0.58756
0.65291, 0.61830, 0.63131, 0.66129, 0.59677
0.63193, 0.59905, 0.66503, 0.67281, 0.64286
0.60996, 0.57563, 0.68665, 0.70968, 0.64977
0.58920, 0.59568, 0.66302, 0.66359, 0.65899
0.57590, 0.54193, 0.72326, 0.70968, 0.66820
0.56480, 0.54134, 0.73451, 0.74885, 0.66590
0.54891, 0.52606, 0.73998, 0.75576, 0.67972
0.54330, 0.52471, 0.73393, 0.72120, 0.66820
0.53761, 0.52623, 0.75987, 0.74194, 0.68664
0.52339, 0.52696, 0.76910, 0.73272, 0.69355
0.50243, 0.54480, 0.77256, 0.70276, 0.69585
0.49576, 0.53465, 0.78438, 0.71659, 0.67742
0.48250, 0.53167, 0.79937, 0.72811, 0.72350
0.46131, 0.57006, 0.80542, 0.71889, 0.70046
0.46289, 0.55938, 0.80600, 0.73272, 0.71889
0.44222, 0.55874, 0.81839, 0.72350, 0.70507
0.42510, 0.55356, 0.82992, 0.72350, 0.69355
0.41280, 0.57926, 0.83771, 0.70046, 0.68203
0.39220, 0.64596, 0.83367, 0.70737, 0.70737
0.39663, 0.58485, 0.85010, 0.72120, 0.66820
0.36649, 0.61807, 0.85731, 0.70507, 0.66359
0.35287, 0.64379, 0.87835, 0.69355, 0.67972
0.33528, 0.65497, 0.87979, 0.71429, 0.64055
0.31448, 0.69603, 0.88613, 0.71889, 0.65668
0.28925, 0.79944, 0.88296, 0.67742, 0.68894
0.28958, 0.88137, 0.88037, 0.67512, 0.70276
0.28012, 0.77259, 0.90718, 0.69585, 0.66590
0.24590, 0.78015, 0.92620, 0.70737, 0.65899
----------------------------------------------------------------------------------------------------------------------------
0.68307, 0.67173, 0.56818, 0.58986, 0.50922
0.66290, 0.63563, 0.63621, 0.65668, 0.58986
0.63126, 0.62705, 0.64168, 0.66129, 0.59447
0.61894, 0.61949, 0.66647, 0.68203, 0.62903
0.61028, 0.62908, 0.70020, 0.67742, 0.64516
0.59245, 0.62740, 0.69415, 0.67512, 0.63364
0.58756, 0.63972, 0.66792, 0.68203, 0.62442
0.57289, 0.63081, 0.72643, 0.67281, 0.66129
0.56503, 0.62169, 0.73335, 0.69585, 0.67512
0.54776, 0.64141, 0.74950, 0.68894, 0.66359
0.54308, 0.62975, 0.75584, 0.68664, 0.67742
0.53036, 0.64429, 0.75238, 0.69585, 0.66129
0.51915, 0.63452, 0.76737, 0.67512, 0.66820
0.50744, 0.63986, 0.77227, 0.68203, 0.67512
0.50582, 0.65297, 0.76247, 0.69124, 0.65668
0.49530, 0.65632, 0.77457, 0.65668, 0.67972
0.47835, 0.65572, 0.79764, 0.68894, 0.67742
0.46271, 0.69587, 0.77544, 0.63594, 0.65207
0.46019, 0.67829, 0.81003, 0.66129, 0.66129
0.43982, 0.74794, 0.79216, 0.67512, 0.67051
0.43199, 0.74673, 0.79677, 0.64747, 0.64286
0.41946, 0.70744, 0.82300, 0.67972, 0.64286
0.40292, 0.73683, 0.83136, 0.68203, 0.65899
0.38597, 0.81375, 0.81781, 0.65438, 0.64516
----------------------------------------------------------------------------------------------------------------------------
0.68249, 0.67629, 0.55953, 0.54608, 0.52995
0.67099, 0.65590, 0.60277, 0.59677, 0.53687
0.66372, 0.63992, 0.62122, 0.63594, 0.57834
0.64816, 0.61381, 0.62150, 0.63364, 0.58525
0.62147, 0.57226, 0.69069, 0.70737, 0.64055
0.61257, 0.60449, 0.65581, 0.64286, 0.60138
0.60499, 0.59786, 0.64370, 0.66590, 0.59908
0.60020, 0.56667, 0.69011, 0.68894, 0.64286
0.58987, 0.56862, 0.69271, 0.68894, 0.63134
0.58446, 0.57125, 0.69242, 0.69355, 0.61982
0.57653, 0.55884, 0.71375, 0.70276, 0.65899
0.57004, 0.55872, 0.71923, 0.68894, 0.63364
0.56338, 0.58004, 0.69213, 0.68894, 0.63594
0.56522, 0.58169, 0.70654, 0.68894, 0.64516
0.55963, 0.54842, 0.72442, 0.70046, 0.64977
0.55045, 0.55741, 0.71692, 0.70276, 0.64977
0.55230, 0.55903, 0.72845, 0.69355, 0.66820
0.54003, 0.56105, 0.73624, 0.69585, 0.68203
0.53942, 0.55940, 0.74114, 0.71429, 0.66820
0.53472, 0.55785, 0.75295, 0.71198, 0.69355
0.52532, 0.55061, 0.74748, 0.68433, 0.68203
0.52384, 0.58706, 0.73422, 0.66129, 0.65899
0.51510, 0.57136, 0.75613, 0.73272, 0.69355
0.50424, 0.56616, 0.75151, 0.68203, 0.67051
0.49224, 0.55567, 0.77486, 0.70276, 0.71198
0.48812, 0.55749, 0.78265, 0.72120, 0.71889
0.48026, 0.57589, 0.77083, 0.68664, 0.67742
0.48287, 0.56914, 0.78351, 0.71889, 0.69355
0.46560, 0.53383, 0.79331, 0.72120, 0.70507
0.45919, 0.53955, 0.80715, 0.73041, 0.72811
0.45010, 0.56127, 0.79418, 0.72811, 0.71429
0.43768, 0.55488, 0.82300, 0.71659, 0.72350
0.42835, 0.57847, 0.82646, 0.73272, 0.71198
0.42505, 0.58089, 0.79821, 0.69355, 0.70507
0.40305, 0.58386, 0.83050, 0.73502, 0.69816
0.39483, 0.61011, 0.82617, 0.71889, 0.69816
0.38509, 0.62827, 0.83252, 0.70507, 0.69124
0.37926, 0.66496, 0.81378, 0.69816, 0.67742
0.36054, 0.61206, 0.86855, 0.71429, 0.70046
0.35788, 0.65357, 0.86624, 0.73272, 0.68433
0.34619, 0.62574, 0.86192, 0.71198, 0.69816
0.34410, 0.68614, 0.85846, 0.69124, 0.69124
0.31644, 0.68816, 0.87777, 0.71429, 0.67742
0.30358, 0.67312, 0.87403, 0.71198, 0.68894
0.30243, 0.72506, 0.89334, 0.71429, 0.67972
0.30324, 0.73412, 0.88931, 0.70968, 0.68433
0.29357, 0.74840, 0.88786, 0.70737, 0.68664
0.26343, 0.83425, 0.89219, 0.69816, 0.69355
0.27551, 0.75668, 0.91323, 0.70507, 0.69816
----------------------------------------------------------------------------------------------------------------------------
0.68249, 0.67629, 0.55953, 0.54608, 0.52995
0.67099, 0.65590, 0.60277, 0.59677, 0.53687
0.66372, 0.63992, 0.62093, 0.63594, 0.57834
0.64816, 0.61438, 0.62179, 0.63825, 0.58525
0.62141, 0.57218, 0.68867, 0.70737, 0.64747
0.61254, 0.60454, 0.65581, 0.64516, 0.60138
0.60516, 0.59883, 0.64370, 0.66590, 0.59677
0.60016, 0.56667, 0.68982, 0.69124, 0.64516
0.58965, 0.56826, 0.69357, 0.68664, 0.62903
0.58455, 0.56971, 0.69328, 0.69355, 0.62442
0.57647, 0.55825, 0.71577, 0.70276, 0.66129
0.56965, 0.55933, 0.72125, 0.68894, 0.63825
0.56319, 0.57943, 0.69271, 0.68894, 0.64055
0.56508, 0.57692, 0.70885, 0.68894, 0.64516
0.55907, 0.54779, 0.72586, 0.69585, 0.65207
0.54969, 0.55677, 0.71807, 0.70276, 0.65668
0.55175, 0.55954, 0.73047, 0.69585, 0.66129
0.53989, 0.55974, 0.73566, 0.70046, 0.68203
0.53889, 0.56038, 0.74142, 0.71659, 0.66359
0.53455, 0.55634, 0.75267, 0.70737, 0.69355
0.52416, 0.55151, 0.74719, 0.67051, 0.68433
0.52192, 0.58236, 0.73595, 0.67051, 0.64977
0.51343, 0.57452, 0.75613, 0.72811, 0.69585
0.50232, 0.56895, 0.75324, 0.67972, 0.66820
0.49002, 0.55379, 0.77919, 0.70507, 0.72120
0.48705, 0.55794, 0.78207, 0.71889, 0.71429
0.47964, 0.57815, 0.76650, 0.67512, 0.67051
0.48036, 0.56926, 0.78697, 0.72350, 0.70046
0.46609, 0.53386, 0.79591, 0.72120, 0.70968
0.45805, 0.53931, 0.80888, 0.72811, 0.71889
0.44982, 0.56199, 0.79504, 0.72581, 0.70968
0.43821, 0.55080, 0.81897, 0.72120, 0.71659
0.42691, 0.57852, 0.82704, 0.72581, 0.71198
0.42361, 0.58234, 0.80052, 0.69355, 0.68894
0.40407, 0.58086, 0.82906, 0.73733, 0.70737
0.39403, 0.60200, 0.82704, 0.71659, 0.70737
0.38629, 0.62548, 0.83108, 0.70737, 0.69355
0.38202, 0.67884, 0.80427, 0.69585, 0.66590
0.36218, 0.61239, 0.86538, 0.72120, 0.67742
0.36169, 0.65587, 0.86192, 0.73272, 0.69355
0.34629, 0.63488, 0.86596, 0.70046, 0.68894
0.34610, 0.68854, 0.86451, 0.70046, 0.69585
0.31665, 0.68919, 0.88181, 0.70507, 0.68203
0.30742, 0.68124, 0.86711, 0.71659, 0.69124
0.30694, 0.72172, 0.88815, 0.72120, 0.68664
0.29975, 0.74334, 0.88642, 0.70507, 0.68664
0.30049, 0.72684, 0.89478, 0.71889, 0.69585
0.26712, 0.80968, 0.89161, 0.70507, 0.70737
0.28067, 0.76319, 0.90458, 0.70968, 0.70276
----------------------------------------------------------------------------------------------------------------------------
0.68047, 0.68340, 0.57596, 0.55069, 0.54839
0.66884, 0.67170, 0.59037, 0.55530, 0.56452
0.63781, 0.64353, 0.63246, 0.60369, 0.58525
0.61543, 0.64597, 0.65177, 0.61751, 0.60138
0.59319, 0.60267, 0.70308, 0.67281, 0.63825
0.57638, 0.60490, 0.71058, 0.66590, 0.64286
0.56654, 0.58493, 0.74344, 0.68203, 0.61982
0.54695, 0.62886, 0.71807, 0.65899, 0.65899
0.53969, 0.57315, 0.74517, 0.70046, 0.66359
0.53715, 0.58345, 0.75901, 0.70737, 0.64055
0.51991, 0.58461, 0.76247, 0.69124, 0.63364
0.50332, 0.61058, 0.75151, 0.69816, 0.63825
0.48907, 0.61498, 0.76650, 0.67051, 0.61982
0.48790, 0.59173, 0.80513, 0.69816, 0.64286
0.46536, 0.60148, 0.80715, 0.67742, 0.63594
0.45061, 0.59555, 0.80311, 0.69355, 0.63594
0.44371, 0.60082, 0.82675, 0.68433, 0.61521
0.43870, 0.63820, 0.82877, 0.68203, 0.63134
0.41120, 0.62403, 0.84664, 0.68433, 0.63364
0.40023, 0.67073, 0.85298, 0.65668, 0.61982
0.38755, 0.70652, 0.81897, 0.66359, 0.61982
0.36836, 0.74857, 0.86538, 0.66129, 0.62212
0.34943, 0.80150, 0.83771, 0.66359, 0.63134
0.35002, 0.80045, 0.87806, 0.66359, 0.60369
0.31755, 0.79270, 0.88296, 0.65899, 0.65207
0.30431, 0.79752, 0.90602, 0.67281, 0.63594
0.27143, 0.86266, 0.91323, 0.65899, 0.61982
0.27042, 0.88964, 0.91583, 0.64516, 0.63364
0.24627, 0.92769, 0.89767, 0.64286, 0.63594
----------------------------------------------------------------------------------------------------------------------------
0.68080, 0.68172, 0.55809, 0.53456, 0.59217
0.66485, 0.65315, 0.63967, 0.63594, 0.65438
0.64902, 0.64127, 0.64514, 0.61751, 0.63134
0.62616, 0.64420, 0.63851, 0.63825, 0.60138
0.61251, 0.62598, 0.65725, 0.61290, 0.63594
0.59984, 0.61318, 0.69127, 0.64055, 0.63825
0.58446, 0.60924, 0.69357, 0.65207, 0.62903
0.58336, 0.61506, 0.69963, 0.64516, 0.63364
0.57940, 0.59689, 0.70712, 0.68664, 0.62212
0.56932, 0.58485, 0.71548, 0.68664, 0.66359
0.55506, 0.58279, 0.72672, 0.66820, 0.65207
0.54940, 0.59046, 0.72096, 0.67512, 0.65207
0.53563, 0.58838, 0.72730, 0.66359, 0.64055
0.53324, 0.57976, 0.75584, 0.69355, 0.68664
0.52164, 0.57915, 0.75440, 0.69355, 0.67742
0.52107, 0.57732, 0.76420, 0.72581, 0.70737
0.51007, 0.57784, 0.77083, 0.69355, 0.69585
0.50358, 0.58782, 0.77371, 0.70737, 0.68203
0.49471, 0.58845, 0.77486, 0.67281, 0.67281
0.49145, 0.59110, 0.77025, 0.69585, 0.68894
0.48220, 0.58924, 0.78466, 0.69355, 0.69816
0.46771, 0.58999, 0.79245, 0.68433, 0.70737
0.46420, 0.60094, 0.79158, 0.68894, 0.70046
0.45137, 0.61598, 0.80657, 0.70737, 0.68433
0.43897, 0.62566, 0.81464, 0.67742, 0.65438
0.43450, 0.62172, 0.81753, 0.70046, 0.69355
0.42119, 0.63811, 0.82445, 0.70507, 0.70968
0.41205, 0.62625, 0.83396, 0.70507, 0.67281
0.39556, 0.64857, 0.83799, 0.70507, 0.67512
0.38209, 0.67879, 0.84116, 0.67281, 0.65899
0.38267, 0.65477, 0.85788, 0.70737, 0.66590
0.36101, 0.64552, 0.86192, 0.69585, 0.66129
0.35952, 0.69730, 0.84837, 0.66820, 0.65899
0.34609, 0.68123, 0.87633, 0.68433, 0.64055
0.34076, 0.77165, 0.86019, 0.64747, 0.64286
0.32310, 0.68563, 0.88325, 0.67742, 0.64747
----------------------------------------------------------------------------------------------------------------------------
0.68036, 0.66499, 0.56299, 0.58065, 0.53917
0.66523, 0.66296, 0.56933, 0.58525, 0.54839
0.64585, 0.60557, 0.68204, 0.70276, 0.63594
0.62094, 0.58489, 0.69357, 0.70507, 0.65668
0.61329, 0.57571, 0.70885, 0.73041, 0.66359
0.59676, 0.56939, 0.70424, 0.70046, 0.64286
0.58223, 0.57019, 0.71606, 0.70507, 0.64747
0.56058, 0.56808, 0.73249, 0.72350, 0.65438
0.55312, 0.55830, 0.75584, 0.72581, 0.63825
0.53215, 0.55310, 0.76131, 0.72120, 0.63364
0.51467, 0.57434, 0.76276, 0.73733, 0.65438
0.50239, 0.58818, 0.74892, 0.67972, 0.61982
0.47916, 0.57515, 0.79533, 0.73502, 0.65207
0.46588, 0.59651, 0.80081, 0.70737, 0.63364
0.46457, 0.58929, 0.81983, 0.71429, 0.65438
0.41897, 0.60138, 0.84001, 0.70507, 0.65668
0.41089, 0.62906, 0.84376, 0.72350, 0.65668
0.37712, 0.65362, 0.85212, 0.70507, 0.62903
0.37267, 0.63876, 0.87489, 0.71429, 0.64286
0.33900, 0.75523, 0.87201, 0.68433, 0.62673
0.32546, 0.72091, 0.89536, 0.70737, 0.65668
0.30796, 0.74417, 0.88613, 0.66820, 0.64977
0.28236, 0.83997, 0.91064, 0.71889, 0.64977
0.27260, 0.85404, 0.90602, 0.69355, 0.66129
0.27674, 0.83555, 0.90775, 0.70046, 0.64747
0.22745, 0.99032, 0.90977, 0.69585, 0.63364
0.24123, 0.91037, 0.94177, 0.68203, 0.63134
0.19029, 1.07181, 0.94523, 0.68433, 0.64747
0.16968, 1.12838, 0.95272, 0.69124, 0.65438
0.17188, 1.13081, 0.96368, 0.67972, 0.64516
----------------------------------------------------------------------------------------------------------------------------
0.68545, 0.68462, 0.56529, 0.57604, 0.53226
0.67562, 0.66518, 0.60882, 0.61060, 0.58986
0.64578, 0.63032, 0.65956, 0.66820, 0.62442
0.62234, 0.62613, 0.67166, 0.68203, 0.64516
0.61818, 0.60809, 0.66359, 0.65207, 0.64516
0.60842, 0.60909, 0.67368, 0.65899, 0.63134
0.59428, 0.59790, 0.68435, 0.67972, 0.66359
0.58971, 0.60740, 0.66705, 0.66820, 0.64286
0.58345, 0.64162, 0.68809, 0.63364, 0.64286
0.56824, 0.61204, 0.67945, 0.67051, 0.64977
0.56197, 0.59592, 0.71663, 0.67512, 0.67051
0.55249, 0.62654, 0.72499, 0.66590, 0.66359
0.54639, 0.60381, 0.74978, 0.67512, 0.66820
0.53737, 0.60078, 0.75353, 0.66820, 0.67972
0.52074, 0.60986, 0.73883, 0.65899, 0.67972
0.51135, 0.62062, 0.74459, 0.66129, 0.66590
0.51386, 0.61326, 0.77832, 0.65207, 0.68203
0.50297, 0.67988, 0.76766, 0.61751, 0.65899
0.48612, 0.63081, 0.79360, 0.64977, 0.67051
0.48204, 0.68164, 0.77803, 0.64516, 0.65438
0.46728, 0.64535, 0.80859, 0.64516, 0.68894
0.45617, 0.63614, 0.81291, 0.65899, 0.67742
0.44844, 0.66448, 0.82127, 0.65438, 0.68664
0.44386, 0.68931, 0.81205, 0.65668, 0.68664
0.41830, 0.67525, 0.83252, 0.64747, 0.68894
0.40920, 0.76628, 0.82300, 0.62673, 0.65899
0.41611, 0.69271, 0.84059, 0.65899, 0.68664
0.39444, 0.79274, 0.84030, 0.62673, 0.64747
0.37921, 0.80108, 0.84578, 0.63825, 0.68433
0.36138, 0.80073, 0.84145, 0.64055, 0.66359
0.35361, 0.95466, 0.81926, 0.60829, 0.60829
----------------------------------------------------------------------------------------------------------------------------
0.68047, 0.68340, 0.57596, 0.55069, 0.54839
0.66884, 0.67170, 0.59037, 0.55530, 0.56452
0.63763, 0.64385, 0.62929, 0.60369, 0.58525
0.61519, 0.64757, 0.64918, 0.61751, 0.60138
0.59308, 0.60025, 0.70366, 0.67742, 0.64516
0.57664, 0.60390, 0.70741, 0.65899, 0.64286
0.56709, 0.58423, 0.74315, 0.68664, 0.62903
0.54727, 0.62814, 0.71980, 0.66359, 0.64055
0.53924, 0.57455, 0.74950, 0.70276, 0.65899
0.53676, 0.58075, 0.75901, 0.70968, 0.64286
0.51938, 0.58107, 0.76622, 0.68433, 0.62673
0.50399, 0.61079, 0.75324, 0.70276, 0.63825
0.48981, 0.61055, 0.76794, 0.69124, 0.62212
0.48573, 0.59393, 0.79648, 0.70276, 0.65899
0.46620, 0.60369, 0.80974, 0.67512, 0.64286
0.45117, 0.60877, 0.80657, 0.68203, 0.64516
0.44180, 0.59156, 0.82675, 0.69124, 0.63134
0.43192, 0.63032, 0.83482, 0.67742, 0.63825
0.40857, 0.61481, 0.84635, 0.67281, 0.63825
0.39558, 0.65744, 0.85529, 0.66590, 0.63364
0.38293, 0.71780, 0.80484, 0.65207, 0.59908
0.36394, 0.74238, 0.85990, 0.67051, 0.63594
0.34290, 0.80255, 0.84376, 0.67281, 0.64516
0.33515, 0.80329, 0.88671, 0.64055, 0.61751
0.31123, 0.79226, 0.89853, 0.67281, 0.64747
0.29211, 0.83228, 0.90055, 0.66359, 0.62673
0.26209, 0.88583, 0.91813, 0.64977, 0.63825
0.26936, 0.87171, 0.91554, 0.65668, 0.64516
0.23965, 0.94036, 0.91265, 0.64286, 0.63825
----------------------------------------------------------------------------------------------------------------------------
0.68154, 0.67126, 0.57798, 0.59447, 0.58756
0.66766, 0.65137, 0.58057, 0.62212, 0.60829
0.64791, 0.63131, 0.65494, 0.63134, 0.64055
0.62080, 0.62125, 0.68550, 0.66590, 0.65899
0.61205, 0.61024, 0.69184, 0.67512, 0.69816
0.58708, 0.59036, 0.69300, 0.70737, 0.66359
0.58339, 0.59605, 0.71260, 0.68203, 0.69585
0.57038, 0.59119, 0.71721, 0.65899, 0.69124
0.55628, 0.57749, 0.74027, 0.68894, 0.68894
0.54823, 0.57301, 0.75151, 0.70968, 0.67512
0.53936, 0.57098, 0.76189, 0.70737, 0.70737
0.52412, 0.57160, 0.76650, 0.72581, 0.68433
0.51311, 0.57297, 0.77227, 0.72350, 0.70737
0.49757, 0.58884, 0.74488, 0.70507, 0.67281
0.48326, 0.62225, 0.78553, 0.66129, 0.68894
0.47320, 0.64926, 0.79475, 0.67281, 0.68203
0.45738, 0.63950, 0.81378, 0.68203, 0.67512
0.43166, 0.65526, 0.81147, 0.68894, 0.68664
0.43084, 0.67446, 0.78755, 0.69585, 0.65668
0.40454, 0.72595, 0.83252, 0.64747, 0.66359
0.41280, 0.67110, 0.85500, 0.67051, 0.67512
0.37791, 0.72905, 0.85356, 0.65899, 0.68433
0.35735, 0.76199, 0.86596, 0.65899, 0.66820
0.34991, 0.76015, 0.88123, 0.65668, 0.68894
0.33262, 0.77755, 0.87806, 0.67742, 0.66129
0.29981, 0.84099, 0.89334, 0.64977, 0.66820
0.29429, 0.84326, 0.88585, 0.67281, 0.66359
0.28552, 0.90436, 0.91265, 0.64747, 0.65668
0.25882, 0.95149, 0.91669, 0.64747, 0.65207
0.23788, 0.98263, 0.92419, 0.65668, 0.67281
0.21874, 1.08510, 0.93543, 0.63594, 0.68203
============================================================================================================================
Namespace(pooling='lspool', batch_size=32, lr=0.0001, epochs=200, pool_ratio=0.5, dataset='FRANKENSTEIN', edges=False, runs=10, logging='logs/27_03_24/lspool3conv_franken', config='config/config.json', patience=20, seeds='config/seeds'); _CudaDeviceProperties(name='NVIDIA GeForce RTX 4060 Ti', major=8, minor=9, total_memory=16379MB, multi_processor_count=34); {'hidden_features': 128, 'nonlinearity': 'elu', 'p_dropout': 0.0, 'conv_layer': 'GraphConv', 'pre_gnn': [64, 128], 'post_gnn': [128, 64], 'pre_pool_convs': 2, 'post_pool_convs': 1} 
----------------------------------------------------------------------------------------------------------------------------
0.67662, 0.66824, 0.58259, 0.59447, 0.60599
0.66710, 0.67955, 0.58144, 0.55530, 0.59217
0.65411, 0.61519, 0.62929, 0.63594, 0.58756
0.63063, 0.60573, 0.66763, 0.67742, 0.65899
0.61473, 0.58721, 0.66792, 0.69124, 0.63134
0.60275, 0.60423, 0.65811, 0.64747, 0.64516
0.58608, 0.55609, 0.72125, 0.70507, 0.69124
0.57104, 0.55484, 0.72297, 0.71198, 0.68433
0.55573, 0.54365, 0.72038, 0.72120, 0.68203
0.54589, 0.51949, 0.73941, 0.72350, 0.68433
0.54195, 0.52629, 0.75123, 0.73733, 0.70507
0.52721, 0.51533, 0.76593, 0.74194, 0.68664
0.51176, 0.53385, 0.75786, 0.70968, 0.70046
0.50562, 0.51509, 0.76622, 0.72350, 0.68894
0.49020, 0.50887, 0.79072, 0.72811, 0.70046
0.46964, 0.51906, 0.79706, 0.73041, 0.72581
0.46969, 0.53066, 0.79216, 0.71659, 0.71889
0.44778, 0.52993, 0.81464, 0.72350, 0.71429
0.43320, 0.52104, 0.81868, 0.73733, 0.69816
0.42163, 0.54461, 0.83252, 0.71198, 0.70968
0.40193, 0.60102, 0.83425, 0.71198, 0.71889
0.39802, 0.55710, 0.85702, 0.72350, 0.72120
0.37442, 0.58321, 0.86019, 0.70968, 0.70737
0.35728, 0.64445, 0.84952, 0.71429, 0.70507
0.34605, 0.62886, 0.86624, 0.71198, 0.67512
0.31965, 0.65677, 0.86682, 0.71659, 0.66820
0.31548, 0.74102, 0.87749, 0.67972, 0.69355
0.29568, 0.74290, 0.89190, 0.68433, 0.68894
0.28445, 0.71322, 0.90545, 0.68664, 0.69124
0.26360, 0.76284, 0.87691, 0.67051, 0.62903
0.25101, 0.76261, 0.92563, 0.70507, 0.68433
0.22737, 0.78587, 0.92620, 0.68894, 0.66820
0.20947, 0.85094, 0.92592, 0.69816, 0.68894
0.20095, 0.89458, 0.93514, 0.68664, 0.65438
0.17864, 0.93281, 0.94638, 0.68433, 0.67051
----------------------------------------------------------------------------------------------------------------------------
0.68295, 0.67211, 0.57509, 0.59677, 0.52304
0.66563, 0.64245, 0.63188, 0.65899, 0.58065
0.63054, 0.62608, 0.66474, 0.68664, 0.56221
0.60598, 0.62916, 0.68435, 0.67051, 0.60138
0.58947, 0.62550, 0.70741, 0.66359, 0.67051
0.56801, 0.61055, 0.73566, 0.65207, 0.66359
0.56384, 0.60242, 0.72989, 0.67972, 0.66590
0.53914, 0.61682, 0.74863, 0.65438, 0.67742
0.53658, 0.61058, 0.75324, 0.66590, 0.68203
0.51546, 0.60154, 0.77227, 0.67972, 0.68203
0.50757, 0.66291, 0.73422, 0.61751, 0.66590
0.50197, 0.61991, 0.78438, 0.67051, 0.66590
0.47982, 0.63047, 0.79591, 0.66359, 0.67742
0.46419, 0.64113, 0.79879, 0.67051, 0.67972
0.45942, 0.65352, 0.81118, 0.67742, 0.63134
0.45365, 0.69396, 0.80254, 0.63364, 0.66820
0.42298, 0.66424, 0.83943, 0.64747, 0.68433
0.40654, 0.72589, 0.83079, 0.66129, 0.64286
0.39912, 0.71213, 0.84635, 0.67512, 0.64055
0.37292, 0.74277, 0.83280, 0.67742, 0.66359
0.38998, 0.72284, 0.87432, 0.67512, 0.65438
0.33932, 0.78245, 0.86019, 0.67051, 0.67742
0.32154, 0.87240, 0.86077, 0.63134, 0.64977
0.30855, 0.86536, 0.90285, 0.65438, 0.64055
0.29298, 0.86546, 0.90689, 0.67742, 0.62442
0.26180, 0.90907, 0.90920, 0.67512, 0.65668
0.26212, 0.96366, 0.92073, 0.65438, 0.63134
0.22656, 1.05802, 0.92620, 0.63364, 0.62212
0.21741, 1.10946, 0.91237, 0.67512, 0.63364
0.19740, 1.10728, 0.93543, 0.68433, 0.64747
----------------------------------------------------------------------------------------------------------------------------
0.68077, 0.67491, 0.56183, 0.55530, 0.53917
0.66901, 0.65464, 0.60623, 0.60138, 0.54608
0.65706, 0.62701, 0.63938, 0.62673, 0.59677
0.62993, 0.59392, 0.64428, 0.64286, 0.58756
0.61495, 0.56821, 0.68781, 0.73963, 0.62903
0.60661, 0.59543, 0.66244, 0.65899, 0.61521
0.60029, 0.59065, 0.65437, 0.65899, 0.60599
0.59743, 0.56463, 0.68867, 0.70507, 0.65438
0.58904, 0.56297, 0.68781, 0.70046, 0.64055
0.58612, 0.57125, 0.68665, 0.68894, 0.63134
0.57782, 0.56143, 0.70626, 0.72581, 0.67051
0.57315, 0.55250, 0.71346, 0.71659, 0.66129
0.56740, 0.58691, 0.68262, 0.67512, 0.61982
0.57225, 0.57585, 0.69761, 0.69124, 0.63825
0.56313, 0.55688, 0.71750, 0.72811, 0.64747
0.55818, 0.56231, 0.71173, 0.70046, 0.65668
0.56011, 0.55484, 0.72442, 0.71889, 0.65899
0.54814, 0.55350, 0.72586, 0.72120, 0.67281
0.54778, 0.55040, 0.72816, 0.72811, 0.67742
0.54574, 0.55830, 0.73162, 0.71659, 0.66129
0.54208, 0.56302, 0.72701, 0.70276, 0.67281
0.54115, 0.56847, 0.72326, 0.71198, 0.66359
0.53475, 0.55305, 0.74604, 0.72811, 0.68203
0.52872, 0.55810, 0.73941, 0.70737, 0.66359
0.52487, 0.54635, 0.75180, 0.74654, 0.68203
0.51910, 0.54479, 0.75180, 0.73272, 0.69124
0.51545, 0.57429, 0.73883, 0.70046, 0.65438
0.52479, 0.58159, 0.74027, 0.70737, 0.65668
0.50914, 0.55822, 0.75613, 0.71429, 0.69124
0.50711, 0.54411, 0.77371, 0.73733, 0.69816
0.51171, 0.54433, 0.76910, 0.72120, 0.69585
0.50299, 0.56827, 0.75786, 0.70968, 0.67512
0.50532, 0.55499, 0.77054, 0.72581, 0.67512
0.49472, 0.56398, 0.76477, 0.72120, 0.70046
0.49947, 0.56910, 0.77313, 0.71659, 0.68894
0.48339, 0.55067, 0.78812, 0.73963, 0.70737
0.48942, 0.60062, 0.74921, 0.68664, 0.64747
0.48270, 0.57047, 0.77169, 0.72120, 0.69585
0.47129, 0.57346, 0.78178, 0.71198, 0.69355
0.46858, 0.57645, 0.78322, 0.72350, 0.69585
0.47048, 0.54778, 0.79504, 0.70276, 0.70507
0.45986, 0.57639, 0.78928, 0.69816, 0.69585
0.46038, 0.54951, 0.80542, 0.73041, 0.70968
0.46074, 0.56762, 0.78956, 0.71429, 0.69124
0.45227, 0.55058, 0.80974, 0.71429, 0.72120
0.44734, 0.59821, 0.79101, 0.70276, 0.67972
0.43933, 0.55610, 0.81407, 0.72811, 0.70968
0.43582, 0.60184, 0.79389, 0.72581, 0.67742
0.44643, 0.57862, 0.81061, 0.70276, 0.70968
0.43006, 0.57123, 0.82099, 0.72350, 0.70968
----------------------------------------------------------------------------------------------------------------------------
0.68077, 0.67491, 0.56183, 0.55530, 0.53917
0.66901, 0.65464, 0.60680, 0.60138, 0.54608
0.65699, 0.62691, 0.64053, 0.62442, 0.60138
0.63009, 0.59004, 0.64918, 0.65899, 0.59677
0.61451, 0.56858, 0.68809, 0.72581, 0.62903
0.60671, 0.59589, 0.66215, 0.65899, 0.61290
0.60033, 0.58957, 0.65264, 0.65668, 0.60138
0.59779, 0.56306, 0.69040, 0.71659, 0.65438
0.58923, 0.56590, 0.68867, 0.70276, 0.63825
0.58746, 0.57128, 0.68896, 0.69585, 0.64055
0.57819, 0.56099, 0.70770, 0.72581, 0.67512
0.57338, 0.55330, 0.71087, 0.70968, 0.66129
0.56780, 0.58663, 0.68146, 0.67512, 0.62673
0.57298, 0.57539, 0.69847, 0.68664, 0.63825
0.56386, 0.55577, 0.71634, 0.73272, 0.64516
0.55884, 0.56121, 0.71202, 0.69585, 0.65899
0.56147, 0.55446, 0.72182, 0.71198, 0.66129
0.54827, 0.55316, 0.72932, 0.72350, 0.67742
0.54737, 0.55362, 0.72845, 0.72581, 0.67051
0.54539, 0.55852, 0.73047, 0.71659, 0.67281
0.54272, 0.56262, 0.72701, 0.70046, 0.66590
0.54123, 0.57216, 0.72096, 0.71198, 0.66590
0.53571, 0.55389, 0.74575, 0.73041, 0.67512
0.52891, 0.55909, 0.73796, 0.70737, 0.66590
0.52583, 0.54513, 0.75180, 0.74194, 0.68664
0.51869, 0.54390, 0.75324, 0.73041, 0.69124
0.51477, 0.57441, 0.73393, 0.70507, 0.65438
0.52491, 0.58174, 0.74171, 0.71198, 0.65899
0.50928, 0.55914, 0.75728, 0.72350, 0.69124
0.50785, 0.53772, 0.77313, 0.73733, 0.70046
0.51059, 0.54378, 0.76823, 0.72581, 0.70046
0.50188, 0.56828, 0.75872, 0.71198, 0.66590
0.50475, 0.54949, 0.77429, 0.74194, 0.68894
0.49402, 0.56343, 0.76304, 0.71889, 0.69585
0.49946, 0.57106, 0.76794, 0.70968, 0.69124
0.48388, 0.54928, 0.78524, 0.73272, 0.70507
0.49044, 0.60001, 0.74950, 0.69355, 0.64977
0.48370, 0.56546, 0.77198, 0.72120, 0.69355
0.47158, 0.57125, 0.77775, 0.71429, 0.67972
0.46850, 0.57182, 0.78207, 0.72581, 0.69585
0.47110, 0.54730, 0.79447, 0.70276, 0.69816
0.46039, 0.56958, 0.78985, 0.69124, 0.68433
0.45791, 0.54306, 0.80600, 0.71429, 0.72350
0.46064, 0.56083, 0.79014, 0.72120, 0.69355
0.45043, 0.54848, 0.81263, 0.70968, 0.72120
0.44679, 0.58623, 0.79216, 0.71659, 0.68894
0.44161, 0.55451, 0.81147, 0.72581, 0.70507
0.43802, 0.59648, 0.79101, 0.73041, 0.67972
0.44566, 0.57238, 0.81724, 0.71889, 0.71429
0.43117, 0.57090, 0.81954, 0.72811, 0.72811
----------------------------------------------------------------------------------------------------------------------------
0.67914, 0.68564, 0.58115, 0.54147, 0.55530
0.66573, 0.67626, 0.60421, 0.57834, 0.58295
0.63839, 0.64172, 0.67512, 0.62212, 0.63134
0.60672, 0.65750, 0.66590, 0.59908, 0.59908
0.58616, 0.64585, 0.70280, 0.62212, 0.61521
0.55901, 0.64960, 0.71317, 0.64516, 0.61290
0.54811, 0.62587, 0.75468, 0.63594, 0.62673
0.51501, 0.69213, 0.74719, 0.65207, 0.61060
0.50537, 0.65162, 0.78726, 0.65207, 0.63134
0.49067, 0.64889, 0.80715, 0.64977, 0.61982
0.46166, 0.65843, 0.81522, 0.64977, 0.62212
0.44859, 0.68616, 0.80773, 0.67051, 0.62442
0.42640, 0.68359, 0.83684, 0.65668, 0.63825
0.41935, 0.70324, 0.84751, 0.65668, 0.63364
0.38683, 0.78931, 0.85615, 0.64055, 0.65668
0.36632, 0.85302, 0.80513, 0.61060, 0.58986
0.36038, 0.79176, 0.88037, 0.65438, 0.64516
0.34270, 0.80425, 0.88152, 0.66590, 0.64286
0.30761, 0.84206, 0.90948, 0.65207, 0.62212
0.29007, 0.96425, 0.91842, 0.64516, 0.64516
0.28031, 0.89724, 0.92390, 0.64055, 0.63134
0.24813, 1.07105, 0.93283, 0.64747, 0.63364
0.21301, 1.19208, 0.92332, 0.65438, 0.64516
0.20972, 1.18699, 0.93745, 0.63364, 0.61751
0.19628, 1.27620, 0.93802, 0.65899, 0.62212
0.20296, 1.27292, 0.94638, 0.64516, 0.59908
0.14802, 1.40445, 0.96339, 0.65668, 0.62212
----------------------------------------------------------------------------------------------------------------------------
0.68089, 0.68067, 0.55895, 0.54608, 0.60138
0.66405, 0.65817, 0.61891, 0.61982, 0.64055
0.65365, 0.65073, 0.65264, 0.61982, 0.67281
0.63881, 0.64757, 0.65004, 0.62673, 0.63364
0.62286, 0.62904, 0.65869, 0.61521, 0.64516
0.59942, 0.61130, 0.68694, 0.64977, 0.64055
0.59250, 0.60548, 0.69300, 0.65438, 0.64055
0.58717, 0.60893, 0.69876, 0.65668, 0.63364
0.57703, 0.59932, 0.71000, 0.67512, 0.62903
0.56196, 0.57913, 0.73537, 0.69355, 0.67512
0.54599, 0.59492, 0.73739, 0.67972, 0.66820
0.54107, 0.59024, 0.73364, 0.68894, 0.67281
0.52410, 0.58226, 0.74344, 0.69124, 0.66590
0.52118, 0.58665, 0.75699, 0.68894, 0.70507
0.50784, 0.58672, 0.75958, 0.70737, 0.69124
0.50601, 0.57684, 0.77198, 0.68894, 0.70046
0.49950, 0.57916, 0.76650, 0.70737, 0.68664
0.49287, 0.57683, 0.77832, 0.70968, 0.69585
0.48486, 0.58984, 0.77573, 0.70046, 0.68433
0.47997, 0.57490, 0.79821, 0.70968, 0.68433
0.47244, 0.58353, 0.79418, 0.71659, 0.72350
0.45629, 0.57617, 0.79908, 0.73041, 0.71429
0.45392, 0.57957, 0.79764, 0.71659, 0.70507
0.44030, 0.60131, 0.81407, 0.72350, 0.69816
0.42679, 0.59615, 0.82185, 0.71198, 0.67051
0.42375, 0.61897, 0.82185, 0.70968, 0.69124
0.41407, 0.61896, 0.82445, 0.72120, 0.68203
0.40143, 0.63293, 0.83338, 0.68894, 0.64747
0.39149, 0.63169, 0.84116, 0.70968, 0.66590
0.37915, 0.66677, 0.84059, 0.67281, 0.64747
0.36637, 0.66422, 0.85673, 0.70507, 0.67281
0.36561, 0.69616, 0.83598, 0.68203, 0.65668
0.34840, 0.69062, 0.86653, 0.69124, 0.64747
0.34520, 0.65877, 0.87547, 0.69585, 0.66820
0.33364, 0.70288, 0.87201, 0.69124, 0.64747
0.31954, 0.71653, 0.87979, 0.68433, 0.65438
0.31507, 0.71526, 0.90228, 0.68894, 0.65438
0.29230, 0.79769, 0.89507, 0.65438, 0.64286
0.27826, 0.78925, 0.89911, 0.69355, 0.66590
0.26924, 0.81619, 0.90689, 0.67742, 0.64055
----------------------------------------------------------------------------------------------------------------------------
0.68113, 0.66581, 0.56068, 0.57143, 0.53917
0.66460, 0.66142, 0.56616, 0.58065, 0.53917
0.64759, 0.62404, 0.66849, 0.68664, 0.62442
0.62481, 0.59598, 0.68233, 0.68203, 0.62673
0.61631, 0.58992, 0.70078, 0.67742, 0.64747
0.59286, 0.59026, 0.69876, 0.69124, 0.62673
0.58204, 0.57642, 0.71202, 0.70507, 0.63825
0.55745, 0.57859, 0.72788, 0.71429, 0.64977
0.55287, 0.56964, 0.74258, 0.70276, 0.63825
0.52788, 0.56613, 0.74604, 0.69816, 0.63594
0.50988, 0.58645, 0.75584, 0.70737, 0.65207
0.50165, 0.60458, 0.73652, 0.64977, 0.61751
0.48455, 0.58357, 0.79187, 0.72811, 0.65668
0.46567, 0.60470, 0.80254, 0.68433, 0.64286
0.46348, 0.60376, 0.81061, 0.69124, 0.66359
0.42999, 0.63302, 0.82416, 0.69585, 0.65438
0.42550, 0.63368, 0.84174, 0.70737, 0.65899
0.39219, 0.65257, 0.83569, 0.69816, 0.66129
0.39248, 0.67015, 0.85414, 0.70737, 0.66590
0.35698, 0.75817, 0.86019, 0.68203, 0.65207
0.35278, 0.74359, 0.87604, 0.67051, 0.66129
0.33451, 0.77968, 0.85702, 0.66590, 0.63364
0.31295, 0.82731, 0.87604, 0.69355, 0.66129
0.29649, 0.87610, 0.87489, 0.68433, 0.63134
0.27764, 0.87392, 0.91410, 0.65668, 0.64055
0.26320, 0.89533, 0.91525, 0.66359, 0.63594
0.25931, 0.97703, 0.92073, 0.65899, 0.62903
0.22078, 1.05951, 0.92044, 0.62903, 0.63825
0.20500, 1.11050, 0.93629, 0.65899, 0.64516
0.18576, 1.19284, 0.94408, 0.63594, 0.62903
----------------------------------------------------------------------------------------------------------------------------
0.68055, 0.68093, 0.61084, 0.61521, 0.57604
0.67161, 0.66289, 0.63505, 0.63594, 0.60829
0.65363, 0.63389, 0.62496, 0.63364, 0.59908
0.62738, 0.63589, 0.66013, 0.62673, 0.63364
0.61912, 0.60886, 0.67887, 0.67512, 0.64516
0.60909, 0.61038, 0.66417, 0.66590, 0.62903
0.58898, 0.60911, 0.66820, 0.64977, 0.65899
0.58591, 0.60040, 0.70798, 0.68433, 0.65668
0.57469, 0.66068, 0.66013, 0.58756, 0.61982
0.56758, 0.58796, 0.69011, 0.68664, 0.66129
0.55843, 0.56503, 0.71289, 0.71889, 0.66590
0.55916, 0.61300, 0.71000, 0.65668, 0.65438
0.54546, 0.57977, 0.73796, 0.66129, 0.65438
0.53748, 0.57234, 0.75382, 0.67972, 0.67281
0.53278, 0.57298, 0.75814, 0.70046, 0.66359
0.52064, 0.57355, 0.75209, 0.69585, 0.65207
0.51730, 0.57397, 0.77285, 0.68894, 0.65899
0.50895, 0.61028, 0.75814, 0.66820, 0.66129
0.49677, 0.58795, 0.77803, 0.70507, 0.67051
0.48772, 0.61292, 0.77371, 0.68433, 0.65438
0.47617, 0.60473, 0.78495, 0.69585, 0.67051
0.46653, 0.59957, 0.78985, 0.69816, 0.66129
0.45968, 0.61732, 0.79533, 0.70046, 0.66590
0.46222, 0.64039, 0.81234, 0.67742, 0.66590
0.43723, 0.62210, 0.82329, 0.68664, 0.66129
0.42569, 0.65756, 0.80686, 0.67512, 0.63594
0.44124, 0.65586, 0.81090, 0.69355, 0.64977
0.41358, 0.66906, 0.83972, 0.67742, 0.64516
0.39426, 0.70646, 0.84203, 0.68894, 0.64516
0.39399, 0.70451, 0.83367, 0.69355, 0.64055
0.37879, 0.75285, 0.83828, 0.64286, 0.61521
----------------------------------------------------------------------------------------------------------------------------
0.67913, 0.68567, 0.58144, 0.54147, 0.55530
0.66580, 0.67696, 0.60594, 0.57373, 0.58295
0.63837, 0.64282, 0.67714, 0.61521, 0.63594
0.60726, 0.65816, 0.66330, 0.59217, 0.61521
0.58636, 0.64600, 0.69991, 0.61982, 0.61982
0.55923, 0.64758, 0.72038, 0.64977, 0.62903
0.54703, 0.62713, 0.74921, 0.64055, 0.61521
0.51404, 0.69538, 0.74892, 0.63825, 0.60599
0.50444, 0.65780, 0.78322, 0.64516, 0.63594
0.49190, 0.65017, 0.80283, 0.64286, 0.60599
0.46177, 0.65558, 0.81868, 0.66129, 0.62442
0.44600, 0.69500, 0.81234, 0.65899, 0.63134
0.42364, 0.68785, 0.83569, 0.65899, 0.63364
0.41545, 0.71635, 0.85039, 0.64516, 0.63364
0.38062, 0.80455, 0.86134, 0.63594, 0.64516
0.36194, 0.86981, 0.80917, 0.62212, 0.59447
0.35780, 0.78339, 0.87864, 0.64977, 0.62673
0.33320, 0.83429, 0.89334, 0.66129, 0.64516
0.29895, 0.85373, 0.90660, 0.65207, 0.62212
0.27940, 0.97218, 0.91756, 0.64516, 0.63594
0.27605, 0.87686, 0.92707, 0.65899, 0.65207
0.24019, 1.08487, 0.94091, 0.64747, 0.63594
0.20491, 1.18880, 0.92246, 0.65899, 0.66359
0.19581, 1.21086, 0.94696, 0.64977, 0.61290
0.18215, 1.27008, 0.96224, 0.66129, 0.63364
0.19023, 1.22949, 0.96541, 0.66359, 0.63825
0.14236, 1.46741, 0.96743, 0.64747, 0.61982
----------------------------------------------------------------------------------------------------------------------------
0.68001, 0.66582, 0.58518, 0.60829, 0.59447
0.67066, 0.64983, 0.58634, 0.61982, 0.60369
0.66762, 0.65568, 0.62035, 0.61290, 0.61060
0.64962, 0.63136, 0.64284, 0.63364, 0.63594
0.63579, 0.62481, 0.66417, 0.64977, 0.63594
0.61585, 0.60739, 0.66503, 0.66129, 0.66359
0.61467, 0.59649, 0.69501, 0.69585, 0.68433
0.59845, 0.58367, 0.71433, 0.69585, 0.66590
0.58909, 0.56252, 0.71952, 0.69816, 0.67972
0.58093, 0.56745, 0.72384, 0.72120, 0.67281
0.57146, 0.55161, 0.73393, 0.72811, 0.69355
0.55964, 0.55118, 0.73595, 0.72811, 0.67281
0.54837, 0.53407, 0.73854, 0.73963, 0.69816
0.53832, 0.55186, 0.70770, 0.68894, 0.66129
0.53096, 0.57807, 0.73335, 0.70737, 0.67051
0.51832, 0.54462, 0.75901, 0.73963, 0.69816
0.50945, 0.54937, 0.76333, 0.74424, 0.68203
0.49618, 0.52646, 0.77256, 0.76728, 0.69124
0.48557, 0.55821, 0.75670, 0.72350, 0.67512
0.48094, 0.55043, 0.79504, 0.75346, 0.67742
0.47460, 0.57320, 0.79792, 0.73272, 0.68433
0.45117, 0.54492, 0.81234, 0.74194, 0.70276
0.44372, 0.56089, 0.81234, 0.73272, 0.69585
0.44362, 0.54974, 0.81493, 0.73041, 0.69585
0.42066, 0.58305, 0.82502, 0.71429, 0.68894
0.39653, 0.59542, 0.84895, 0.71198, 0.70276
0.39774, 0.60324, 0.82560, 0.70737, 0.66820
0.38596, 0.59867, 0.86567, 0.71429, 0.68664
0.36764, 0.63700, 0.86624, 0.69816, 0.68664
0.35824, 0.62865, 0.87143, 0.70046, 0.67972
0.35187, 0.64775, 0.86365, 0.72120, 0.67742
0.32003, 0.70906, 0.88268, 0.71198, 0.67512
0.33477, 0.72999, 0.88268, 0.69124, 0.67512
0.29357, 0.72478, 0.90920, 0.70046, 0.68894
0.29520, 0.75022, 0.90602, 0.69816, 0.67281
0.29395, 0.84454, 0.88498, 0.67742, 0.67281
0.26201, 0.75968, 0.91583, 0.73041, 0.68203
0.23977, 0.84887, 0.92044, 0.69585, 0.66129
============================================================================================================================
Namespace(pooling='dlspool', batch_size=32, lr=0.0001, epochs=200, pool_ratio=0.5, dataset='FRANKENSTEIN', edges=False, runs=10, logging='logs/27_03_24/lspool3conv_franken', config='config/config.json', patience=20, seeds='config/seeds'); _CudaDeviceProperties(name='NVIDIA GeForce RTX 4060 Ti', major=8, minor=9, total_memory=16379MB, multi_processor_count=34); {'hidden_features': 128, 'nonlinearity': 'elu', 'p_dropout': 0.0, 'conv_layer': 'GraphConv', 'pre_gnn': [64, 128], 'post_gnn': [128, 64], 'pre_pool_convs': 2, 'post_pool_convs': 1} 
----------------------------------------------------------------------------------------------------------------------------
0.67811, 0.67395, 0.61026, 0.61982, 0.59217
0.65924, 0.65689, 0.61228, 0.61521, 0.60369
0.64422, 0.62483, 0.67166, 0.67512, 0.66129
0.61917, 0.61761, 0.67253, 0.65899, 0.65207
0.60645, 0.58210, 0.70164, 0.68664, 0.67742
0.59609, 0.58227, 0.69559, 0.67972, 0.67742
0.58372, 0.57770, 0.69328, 0.70737, 0.67281
0.57964, 0.56478, 0.70914, 0.69585, 0.68203
0.56684, 0.56789, 0.69501, 0.67051, 0.67512
0.57267, 0.55234, 0.71404, 0.70046, 0.65207
0.56582, 0.54996, 0.71750, 0.70737, 0.68894
0.55744, 0.55939, 0.72413, 0.68894, 0.68433
0.54973, 0.53862, 0.72297, 0.70046, 0.68433
0.55083, 0.55287, 0.71433, 0.70968, 0.66129
0.53949, 0.55835, 0.72384, 0.70276, 0.65438
0.52938, 0.54357, 0.74344, 0.69816, 0.67972
0.53880, 0.54140, 0.74863, 0.70737, 0.66820
0.52462, 0.54378, 0.75180, 0.69124, 0.69816
0.52972, 0.54991, 0.75324, 0.70046, 0.69816
0.51114, 0.53825, 0.75757, 0.69355, 0.67972
0.50918, 0.55460, 0.75238, 0.70276, 0.67742
0.51464, 0.54027, 0.76276, 0.69816, 0.70276
0.49858, 0.55554, 0.76650, 0.69585, 0.70507
0.49353, 0.55140, 0.78063, 0.70737, 0.68433
0.48922, 0.54511, 0.78841, 0.70968, 0.69355
0.48535, 0.55498, 0.77169, 0.71198, 0.67512
0.47871, 0.57469, 0.76391, 0.69816, 0.69124
0.46740, 0.56983, 0.77227, 0.67742, 0.68664
0.46684, 0.55234, 0.78928, 0.72350, 0.66590
0.46342, 0.55316, 0.80081, 0.68433, 0.68203
0.45242, 0.56691, 0.80311, 0.69585, 0.67742
0.44415, 0.56968, 0.80081, 0.70276, 0.67742
0.45050, 0.55762, 0.80369, 0.70507, 0.69816
0.44696, 0.62326, 0.77486, 0.69124, 0.65207
0.44394, 0.59506, 0.81263, 0.69816, 0.67972
0.44072, 0.56843, 0.82127, 0.71429, 0.67512
0.42061, 0.59799, 0.82358, 0.69355, 0.68433
0.42963, 0.58463, 0.82300, 0.70737, 0.69585
0.41259, 0.61455, 0.79706, 0.67972, 0.65899
0.40586, 0.61922, 0.83367, 0.69355, 0.68433
----------------------------------------------------------------------------------------------------------------------------
0.67925, 0.66119, 0.58403, 0.60138, 0.55530
0.66893, 0.65322, 0.63073, 0.62212, 0.60829
0.65117, 0.64568, 0.62266, 0.61751, 0.60829
0.63103, 0.63233, 0.66965, 0.64977, 0.64747
0.61795, 0.60967, 0.69905, 0.67281, 0.66359
0.59621, 0.60648, 0.69703, 0.67051, 0.67972
0.59377, 0.59628, 0.68838, 0.68894, 0.63594
0.57623, 0.60804, 0.69963, 0.66590, 0.67512
0.57956, 0.61371, 0.69444, 0.65899, 0.67742
0.57147, 0.59261, 0.71548, 0.67281, 0.66590
0.56904, 0.61522, 0.70798, 0.65668, 0.67512
0.55887, 0.59254, 0.72240, 0.67512, 0.67051
0.54792, 0.58629, 0.73191, 0.68664, 0.67972
0.54309, 0.60728, 0.72096, 0.64977, 0.68894
0.54005, 0.59048, 0.73278, 0.70276, 0.67972
0.53891, 0.62611, 0.72413, 0.63134, 0.66820
0.52334, 0.60214, 0.75094, 0.67972, 0.67972
0.51657, 0.68760, 0.69588, 0.60138, 0.61982
0.52551, 0.57850, 0.76016, 0.67512, 0.68894
0.50441, 0.57857, 0.77140, 0.69585, 0.70276
0.50795, 0.58677, 0.77227, 0.69585, 0.70737
0.49250, 0.61569, 0.76939, 0.66129, 0.70737
0.48473, 0.58595, 0.77342, 0.67972, 0.69585
0.49319, 0.60850, 0.77775, 0.66359, 0.68203
0.48266, 0.60369, 0.76766, 0.67742, 0.68203
0.48540, 0.61315, 0.78841, 0.65207, 0.67972
0.46607, 0.60020, 0.79360, 0.67512, 0.70046
0.46390, 0.61832, 0.79994, 0.67972, 0.69585
0.46537, 0.61275, 0.77429, 0.67742, 0.67281
0.45713, 0.64507, 0.78207, 0.66820, 0.67512
0.45761, 0.61709, 0.80542, 0.65899, 0.68433
0.44016, 0.60652, 0.81118, 0.68433, 0.67972
0.43931, 0.63064, 0.79360, 0.67051, 0.70968
0.43111, 0.63134, 0.82156, 0.67281, 0.68433
0.43455, 0.62575, 0.81234, 0.68664, 0.70046
0.42821, 0.62065, 0.82127, 0.68894, 0.68894
0.42207, 0.66791, 0.81378, 0.66359, 0.69124
0.41745, 0.64424, 0.81666, 0.65207, 0.66590
0.41025, 0.69350, 0.80455, 0.67972, 0.69355
----------------------------------------------------------------------------------------------------------------------------
0.68130, 0.65655, 0.57019, 0.59447, 0.55760
0.66088, 0.63307, 0.61314, 0.61982, 0.56452
0.64762, 0.61912, 0.64168, 0.62903, 0.60599
0.63147, 0.65862, 0.59816, 0.59908, 0.56221
0.62094, 0.56353, 0.68752, 0.75115, 0.66129
0.60481, 0.58626, 0.68377, 0.68894, 0.63134
0.59156, 0.55772, 0.67628, 0.71198, 0.63364
0.58801, 0.55006, 0.70078, 0.74885, 0.65668
0.57912, 0.54146, 0.70827, 0.72120, 0.65668
0.57366, 0.53976, 0.71173, 0.74885, 0.67281
0.56767, 0.52530, 0.71807, 0.75576, 0.67512
0.55739, 0.53004, 0.72067, 0.75115, 0.68433
0.54949, 0.62186, 0.66590, 0.65207, 0.61982
0.55079, 0.53843, 0.73998, 0.73272, 0.68203
0.55011, 0.51237, 0.74142, 0.76267, 0.69816
0.53427, 0.50330, 0.74690, 0.76498, 0.67742
0.53197, 0.52091, 0.75094, 0.74885, 0.68203
0.52277, 0.52715, 0.75814, 0.75346, 0.70737
0.52240, 0.52457, 0.75007, 0.73272, 0.68894
0.51484, 0.52983, 0.76564, 0.73272, 0.69585
0.50984, 0.56122, 0.74661, 0.68664, 0.66590
0.51037, 0.52616, 0.76189, 0.73272, 0.69585
0.50656, 0.54325, 0.75238, 0.72350, 0.68664
0.49810, 0.52218, 0.77256, 0.73963, 0.70046
0.49006, 0.52253, 0.79331, 0.73502, 0.71889
0.49219, 0.50002, 0.78409, 0.76267, 0.70968
0.48289, 0.53589, 0.78524, 0.71889, 0.68203
0.48886, 0.53596, 0.78870, 0.73502, 0.71429
0.47189, 0.52931, 0.78668, 0.72811, 0.69355
0.47055, 0.53696, 0.78380, 0.72350, 0.69124
0.46827, 0.52892, 0.79735, 0.71429, 0.70507
0.46743, 0.57040, 0.77140, 0.70507, 0.67742
0.46583, 0.53082, 0.80398, 0.74194, 0.70276
0.45016, 0.52987, 0.80311, 0.74654, 0.71429
0.45323, 0.56749, 0.78005, 0.71659, 0.69124
0.43779, 0.54597, 0.81436, 0.72581, 0.70046
0.44521, 0.54244, 0.77919, 0.73733, 0.68433
0.43905, 0.56209, 0.79879, 0.71198, 0.68433
0.42229, 0.51179, 0.82127, 0.74424, 0.71889
0.42017, 0.59440, 0.81810, 0.69816, 0.68433
0.41989, 0.52645, 0.83050, 0.73733, 0.71429
0.40274, 0.53649, 0.83857, 0.72581, 0.72350
0.39855, 0.55936, 0.83223, 0.73272, 0.68664
0.39699, 0.53581, 0.82675, 0.73502, 0.70507
0.39363, 0.53007, 0.85068, 0.74194, 0.69585
0.39156, 0.54592, 0.85241, 0.74194, 0.70507
----------------------------------------------------------------------------------------------------------------------------
0.68130, 0.65655, 0.57019, 0.59447, 0.55760
0.66088, 0.63307, 0.61314, 0.61982, 0.56452
0.64762, 0.61912, 0.64168, 0.62903, 0.60599
0.63147, 0.65862, 0.59816, 0.59908, 0.56221
0.62094, 0.56353, 0.68752, 0.75115, 0.66129
0.60481, 0.58626, 0.68377, 0.68894, 0.63134
0.59156, 0.55772, 0.67628, 0.71198, 0.63364
0.58801, 0.55006, 0.70078, 0.74885, 0.65668
0.57912, 0.54146, 0.70827, 0.72120, 0.65668
0.57366, 0.53976, 0.71173, 0.74885, 0.67281
0.56767, 0.52530, 0.71807, 0.75576, 0.67512
0.55739, 0.53004, 0.72067, 0.75115, 0.68433
0.54949, 0.62186, 0.66590, 0.65207, 0.61982
0.55079, 0.53843, 0.73998, 0.73272, 0.68203
0.55011, 0.51237, 0.74142, 0.76267, 0.69816
0.53427, 0.50330, 0.74690, 0.76498, 0.67742
0.53197, 0.52091, 0.75094, 0.74885, 0.68203
0.52277, 0.52715, 0.75814, 0.75346, 0.70737
0.52240, 0.52457, 0.75007, 0.73272, 0.68894
0.51484, 0.52983, 0.76564, 0.73272, 0.69585
0.50984, 0.56122, 0.74661, 0.68664, 0.66590
0.51037, 0.52616, 0.76189, 0.73272, 0.69585
0.50656, 0.54325, 0.75238, 0.72350, 0.68664
0.49810, 0.52218, 0.77256, 0.73963, 0.70046
0.49006, 0.52253, 0.79331, 0.73502, 0.71889
0.49219, 0.50002, 0.78409, 0.76267, 0.70968
0.48289, 0.53589, 0.78524, 0.71889, 0.68203
0.48886, 0.53596, 0.78870, 0.73502, 0.71429
0.47189, 0.52931, 0.78668, 0.72811, 0.69355
0.47055, 0.53696, 0.78380, 0.72350, 0.69124
0.46827, 0.52892, 0.79735, 0.71429, 0.70507
0.46743, 0.57040, 0.77140, 0.70507, 0.67742
0.46583, 0.53082, 0.80398, 0.74194, 0.70276
0.45016, 0.52987, 0.80311, 0.74654, 0.71429
0.45323, 0.56749, 0.78005, 0.71659, 0.69124
0.43779, 0.54597, 0.81436, 0.72581, 0.70046
0.44521, 0.54244, 0.77919, 0.73733, 0.68433
0.43905, 0.56209, 0.79879, 0.71198, 0.68433
0.42229, 0.51179, 0.82127, 0.74424, 0.71889
0.42017, 0.59440, 0.81810, 0.69816, 0.68433
0.41989, 0.52645, 0.83050, 0.73733, 0.71429
0.40274, 0.53649, 0.83857, 0.72581, 0.72350
0.39855, 0.55936, 0.83223, 0.73272, 0.68664
0.39699, 0.53581, 0.82675, 0.73502, 0.70507
0.39363, 0.53007, 0.85068, 0.74194, 0.69585
0.39156, 0.54592, 0.85241, 0.74194, 0.70507
----------------------------------------------------------------------------------------------------------------------------
0.67930, 0.68854, 0.60190, 0.56221, 0.54608
0.65474, 0.66233, 0.66388, 0.60829, 0.61060
0.63870, 0.66238, 0.65956, 0.61982, 0.62212
0.62003, 0.68546, 0.64197, 0.59677, 0.60829
0.60182, 0.64004, 0.70510, 0.66359, 0.65668
0.58611, 0.64942, 0.69732, 0.64747, 0.65207
0.57877, 0.64117, 0.71144, 0.65668, 0.65899
0.56957, 0.70336, 0.68319, 0.62673, 0.63825
0.57102, 0.60758, 0.72730, 0.66590, 0.65438
0.56126, 0.64317, 0.70770, 0.64516, 0.65438
0.55744, 0.58784, 0.73364, 0.67972, 0.67051
0.54659, 0.63584, 0.70683, 0.63134, 0.66129
0.54025, 0.62179, 0.73076, 0.67281, 0.66129
0.54218, 0.59492, 0.74431, 0.68894, 0.66820
0.53029, 0.60067, 0.72759, 0.67281, 0.65438
0.52098, 0.58149, 0.75180, 0.69124, 0.66359
0.52087, 0.60272, 0.72009, 0.66590, 0.63594
0.51770, 0.61592, 0.74863, 0.67051, 0.67281
0.50814, 0.56695, 0.75728, 0.69355, 0.66129
0.51543, 0.57926, 0.76593, 0.70276, 0.67972
0.51081, 0.56651, 0.75987, 0.69585, 0.66359
0.50410, 0.64491, 0.73306, 0.66820, 0.64977
0.48737, 0.59798, 0.77515, 0.69816, 0.67512
0.48370, 0.59006, 0.77630, 0.70276, 0.67972
0.48132, 0.58428, 0.76304, 0.67972, 0.65207
0.47925, 0.56976, 0.78784, 0.69585, 0.67051
0.46531, 0.58134, 0.78553, 0.71659, 0.65899
0.47159, 0.57965, 0.78639, 0.68433, 0.67972
0.47549, 0.59470, 0.79879, 0.70737, 0.67051
0.45201, 0.61831, 0.74834, 0.67512, 0.64286
0.46306, 0.58516, 0.80657, 0.70968, 0.67972
0.45350, 0.57772, 0.81003, 0.67972, 0.67972
0.45087, 0.71409, 0.77457, 0.68664, 0.64977
0.44894, 0.60344, 0.80657, 0.70507, 0.66359
0.44075, 0.60965, 0.81781, 0.70046, 0.68203
0.43094, 0.58988, 0.80657, 0.70507, 0.66359
0.42726, 0.66986, 0.76564, 0.66590, 0.62903
0.43781, 0.62751, 0.80715, 0.66359, 0.64055
0.41110, 0.63803, 0.82963, 0.70276, 0.66590
0.41861, 0.66511, 0.82358, 0.68664, 0.64516
0.41961, 0.67540, 0.80398, 0.67742, 0.64286
----------------------------------------------------------------------------------------------------------------------------
0.68286, 0.67174, 0.62813, 0.60829, 0.62903
0.65459, 0.65653, 0.64111, 0.61751, 0.64516
0.64002, 0.65407, 0.66849, 0.63134, 0.62903
0.62108, 0.67177, 0.64111, 0.63134, 0.62673
0.59751, 0.61391, 0.68925, 0.67512, 0.65668
0.59569, 0.61141, 0.70626, 0.68433, 0.64516
0.58099, 0.62854, 0.69991, 0.64516, 0.63825
0.57849, 0.62075, 0.70193, 0.65438, 0.64286
0.57463, 0.59601, 0.71490, 0.66820, 0.64516
0.56599, 0.59536, 0.70943, 0.67742, 0.65899
0.55991, 0.60153, 0.72038, 0.65899, 0.67051
0.55366, 0.60138, 0.70971, 0.64977, 0.64516
0.55007, 0.59257, 0.72182, 0.67972, 0.66129
0.54690, 0.59000, 0.72067, 0.67742, 0.65207
0.54163, 0.58353, 0.73624, 0.68664, 0.65438
0.53492, 0.57263, 0.75123, 0.70737, 0.66359
0.52740, 0.57659, 0.75094, 0.68433, 0.66129
0.53026, 0.57142, 0.76333, 0.70276, 0.64055
0.51589, 0.57699, 0.76939, 0.69124, 0.66820
0.51589, 0.59715, 0.74344, 0.68203, 0.66129
0.51043, 0.56642, 0.76160, 0.71659, 0.67281
0.49855, 0.56040, 0.77630, 0.71429, 0.68664
0.49325, 0.59707, 0.73883, 0.68433, 0.67051
0.49406, 0.57120, 0.77976, 0.68894, 0.68203
0.48449, 0.61390, 0.75641, 0.66590, 0.66590
0.48698, 0.59342, 0.77457, 0.68894, 0.67972
0.47968, 0.57949, 0.78322, 0.68664, 0.69585
0.47420, 0.59331, 0.78466, 0.68664, 0.67512
0.46461, 0.59332, 0.78697, 0.69585, 0.68203
0.46952, 0.58941, 0.78755, 0.70046, 0.68433
0.45708, 0.60143, 0.76708, 0.69124, 0.65899
0.45496, 0.59299, 0.79331, 0.67742, 0.68664
0.44731, 0.66448, 0.75843, 0.67051, 0.65207
0.45213, 0.58372, 0.79937, 0.71198, 0.67281
0.44695, 0.60205, 0.79879, 0.70276, 0.68433
0.42950, 0.66856, 0.78092, 0.67512, 0.65207
0.42749, 0.58888, 0.81954, 0.70276, 0.66820
0.43241, 0.63588, 0.79245, 0.67742, 0.68203
0.43020, 0.58769, 0.82704, 0.71429, 0.67512
0.41450, 0.59683, 0.82790, 0.70046, 0.68894
0.40287, 0.61610, 0.82992, 0.67742, 0.68664
0.40337, 0.61694, 0.82935, 0.67512, 0.69585
----------------------------------------------------------------------------------------------------------------------------
0.67742, 0.64866, 0.60479, 0.63825, 0.57604
0.65589, 0.71191, 0.56299, 0.56452, 0.53226
0.64622, 0.63992, 0.65379, 0.64516, 0.62212
0.63366, 0.61328, 0.68579, 0.65899, 0.62673
0.61798, 0.67500, 0.60219, 0.57373, 0.58525
0.61643, 0.60019, 0.69501, 0.68203, 0.66129
0.59688, 0.58748, 0.69847, 0.69355, 0.68664
0.58565, 0.58297, 0.70712, 0.69355, 0.70046
0.58797, 0.59268, 0.68291, 0.67742, 0.65438
0.57549, 0.59882, 0.69127, 0.69124, 0.65899
0.55867, 0.58437, 0.71317, 0.70276, 0.69816
0.56205, 0.64655, 0.65148, 0.64516, 0.64055
0.55266, 0.59658, 0.70827, 0.68433, 0.67512
0.54769, 0.55365, 0.73796, 0.70507, 0.72120
0.54732, 0.56045, 0.73681, 0.71889, 0.70276
0.54115, 0.56007, 0.73739, 0.72120, 0.71889
0.53183, 0.55928, 0.74777, 0.70968, 0.72120
0.51134, 0.57514, 0.74719, 0.71659, 0.73272
0.51908, 0.56211, 0.75843, 0.71198, 0.71889
0.51114, 0.56115, 0.75670, 0.72120, 0.71198
0.51185, 0.55459, 0.76420, 0.73272, 0.72811
0.50396, 0.57976, 0.76622, 0.73272, 0.72350
0.50129, 0.56438, 0.77342, 0.71889, 0.71429
0.49064, 0.56857, 0.78293, 0.73041, 0.72120
0.48642, 0.57525, 0.77198, 0.69816, 0.70507
0.48234, 0.57727, 0.78178, 0.72811, 0.72350
0.47306, 0.56401, 0.79648, 0.71889, 0.73963
0.46742, 0.61173, 0.77890, 0.71659, 0.72581
0.46557, 0.57487, 0.79648, 0.71429, 0.74194
0.45488, 0.60669, 0.79331, 0.71889, 0.71429
0.45355, 0.59853, 0.79245, 0.72581, 0.70276
0.45249, 0.59138, 0.79908, 0.70276, 0.70737
0.44759, 0.59580, 0.80686, 0.70968, 0.70276
0.43745, 0.62280, 0.80974, 0.70046, 0.70276
----------------------------------------------------------------------------------------------------------------------------
0.67807, 0.68968, 0.58144, 0.58065, 0.55530
0.66115, 0.62357, 0.63736, 0.64747, 0.63594
0.63656, 0.61408, 0.67109, 0.66820, 0.64747
0.61714, 0.59361, 0.69098, 0.67281, 0.66590
0.60511, 0.59023, 0.67426, 0.69355, 0.65207
0.59730, 0.58843, 0.69559, 0.67742, 0.64747
0.59000, 0.58900, 0.69588, 0.69124, 0.66129
0.57938, 0.58796, 0.68809, 0.68433, 0.66590
0.57467, 0.69103, 0.65466, 0.63825, 0.63364
0.56814, 0.57952, 0.70395, 0.67281, 0.66590
0.56042, 0.56538, 0.71634, 0.69124, 0.65899
0.54990, 0.60131, 0.72557, 0.68664, 0.67742
0.54694, 0.56720, 0.73278, 0.68894, 0.68894
0.53667, 0.56578, 0.73796, 0.69585, 0.67742
0.53223, 0.57241, 0.75641, 0.70276, 0.69124
0.52877, 0.56832, 0.75728, 0.71659, 0.67281
0.53296, 0.55495, 0.75699, 0.70737, 0.67512
0.51542, 0.60763, 0.75151, 0.67281, 0.67281
0.50849, 0.57071, 0.77198, 0.71198, 0.68664
0.50697, 0.61777, 0.74575, 0.66359, 0.68203
0.49386, 0.56775, 0.77746, 0.72350, 0.67742
0.48934, 0.57870, 0.76650, 0.70737, 0.68894
0.48752, 0.57351, 0.76766, 0.70968, 0.68894
0.49233, 0.58326, 0.78207, 0.70968, 0.67512
0.47761, 0.58378, 0.79129, 0.70737, 0.67742
0.47556, 0.59469, 0.78149, 0.70276, 0.67742
0.48015, 0.64242, 0.77573, 0.66359, 0.68664
0.46783, 0.58777, 0.79274, 0.71659, 0.69355
0.46129, 0.60994, 0.80196, 0.70046, 0.67742
0.45792, 0.61515, 0.79072, 0.70968, 0.67051
0.44585, 0.58828, 0.81263, 0.71429, 0.68203
0.44889, 0.63502, 0.79706, 0.66590, 0.68203
0.45504, 0.68336, 0.77746, 0.64747, 0.67512
0.43256, 0.63845, 0.75411, 0.67972, 0.68894
0.43796, 0.63900, 0.81003, 0.70046, 0.68433
0.42232, 0.62586, 0.79302, 0.68203, 0.68894
0.42186, 0.64873, 0.81781, 0.68664, 0.67051
----------------------------------------------------------------------------------------------------------------------------
0.67930, 0.68854, 0.60190, 0.56221, 0.54608
0.65474, 0.66233, 0.66388, 0.60829, 0.61060
0.63870, 0.66238, 0.65956, 0.61982, 0.62212
0.62003, 0.68546, 0.64197, 0.59677, 0.60829
0.60182, 0.64004, 0.70510, 0.66359, 0.65668
0.58611, 0.64942, 0.69732, 0.64747, 0.65207
0.57877, 0.64117, 0.71144, 0.65668, 0.65899
0.56957, 0.70336, 0.68319, 0.62673, 0.63825
0.57102, 0.60758, 0.72730, 0.66590, 0.65438
0.56126, 0.64316, 0.70770, 0.64516, 0.65438
0.55744, 0.58784, 0.73335, 0.67972, 0.67051
0.54660, 0.63589, 0.70683, 0.63134, 0.66129
0.54025, 0.62178, 0.73076, 0.67281, 0.66129
0.54218, 0.59497, 0.74431, 0.68894, 0.66820
0.53030, 0.60063, 0.72759, 0.67281, 0.65438
0.52098, 0.58146, 0.75180, 0.69124, 0.66359
0.52088, 0.60272, 0.72038, 0.66590, 0.63594
0.51771, 0.61592, 0.74863, 0.67281, 0.67281
0.50815, 0.56692, 0.75728, 0.69355, 0.66129
0.51544, 0.57925, 0.76593, 0.70276, 0.67972
0.51081, 0.56652, 0.75958, 0.69585, 0.66359
0.50411, 0.64489, 0.73306, 0.66820, 0.64977
0.48738, 0.59794, 0.77515, 0.69816, 0.67742
0.48371, 0.59008, 0.77630, 0.70046, 0.67972
0.48135, 0.58429, 0.76304, 0.67972, 0.65207
0.47925, 0.56978, 0.78784, 0.69585, 0.67051
0.46532, 0.58136, 0.78553, 0.71659, 0.65899
0.47159, 0.57967, 0.78639, 0.68433, 0.67972
0.47550, 0.59467, 0.79879, 0.70737, 0.67051
0.45201, 0.61830, 0.74834, 0.67512, 0.64286
0.46307, 0.58513, 0.80657, 0.70968, 0.67972
0.45350, 0.57778, 0.81032, 0.67972, 0.67972
0.45087, 0.71415, 0.77457, 0.68664, 0.64977
0.44895, 0.60349, 0.80657, 0.70507, 0.66359
0.44076, 0.60963, 0.81781, 0.70046, 0.68203
0.43096, 0.58983, 0.80657, 0.70507, 0.66359
0.42726, 0.66978, 0.76564, 0.66590, 0.62903
0.43781, 0.62750, 0.80715, 0.66359, 0.64055
0.41112, 0.63792, 0.82963, 0.70276, 0.66590
0.41861, 0.66522, 0.82358, 0.68664, 0.64516
0.41965, 0.67533, 0.80427, 0.67742, 0.64286
----------------------------------------------------------------------------------------------------------------------------
0.67834, 0.64509, 0.59556, 0.61060, 0.61290
0.66493, 0.63601, 0.59095, 0.61060, 0.60369
0.64445, 0.63519, 0.65466, 0.62903, 0.64286
0.62571, 0.59905, 0.68665, 0.69124, 0.68203
0.61831, 0.59300, 0.66676, 0.67051, 0.66590
0.59532, 0.58028, 0.69444, 0.69816, 0.67742
0.59836, 0.58656, 0.70366, 0.69355, 0.68433
0.58449, 0.59547, 0.69905, 0.67051, 0.68203
0.57837, 0.56309, 0.71000, 0.71198, 0.69585
0.57612, 0.57728, 0.71462, 0.68894, 0.68433
0.56838, 0.56653, 0.71836, 0.69585, 0.68894
0.55820, 0.57182, 0.72903, 0.69124, 0.67972
0.54752, 0.56736, 0.73220, 0.69124, 0.71659
0.53678, 0.56243, 0.72125, 0.68664, 0.69355
0.54009, 0.62172, 0.72009, 0.64286, 0.67051
0.53450, 0.55938, 0.74431, 0.69585, 0.71889
0.52646, 0.56125, 0.76535, 0.68664, 0.69816
0.51667, 0.56061, 0.73854, 0.70968, 0.70507
0.51128, 0.57173, 0.73854, 0.68433, 0.69124
0.51360, 0.56178, 0.76679, 0.70968, 0.71659
0.51463, 0.57382, 0.77659, 0.70507, 0.71889
0.49801, 0.56446, 0.76737, 0.70276, 0.70968
0.50145, 0.55447, 0.77140, 0.70507, 0.71198
0.50469, 0.55522, 0.77948, 0.69585, 0.72120
0.49098, 0.57057, 0.78899, 0.69816, 0.72350
0.48620, 0.58064, 0.76823, 0.69124, 0.70046
0.48281, 0.58606, 0.75468, 0.69585, 0.69355
0.49074, 0.57924, 0.77832, 0.70046, 0.70968
0.47271, 0.58421, 0.79965, 0.68433, 0.71198
0.46203, 0.60818, 0.79994, 0.68203, 0.71889
0.46875, 0.58345, 0.80801, 0.68894, 0.71198
0.45670, 0.61054, 0.80196, 0.68203, 0.72350
0.45361, 0.59799, 0.79591, 0.70046, 0.70276
0.44149, 0.62875, 0.80917, 0.67051, 0.72120
0.44892, 0.61296, 0.74777, 0.67051, 0.64977
0.44443, 0.65188, 0.80600, 0.67512, 0.71429
0.43378, 0.63863, 0.81810, 0.68203, 0.71198
0.43569, 0.62461, 0.82502, 0.67742, 0.72120
0.41753, 0.62786, 0.82906, 0.68664, 0.70276
0.41249, 0.63746, 0.83021, 0.68894, 0.70968
0.40961, 0.63729, 0.82099, 0.68664, 0.68894
0.40446, 0.63313, 0.83626, 0.68664, 0.69816
0.40854, 0.61628, 0.82589, 0.68433, 0.69355
