============================================================================================================================
Namespace(pooling='nopool', batch_size=32, lr=0.0001, epochs=200, pool_ratio=0.5, dataset='PROTEINS', edges=False, runs=10, logging='logs/27_03_24/PROTEINS_no_sum', config='config/config.json', patience=20, seeds='config/seeds'); _CudaDeviceProperties(name='NVIDIA GeForce RTX 4060 Ti', major=8, minor=9, total_memory=16379MB, multi_processor_count=34); {'hidden_features': 128, 'nonlinearity': 'elu', 'p_dropout': 0.0, 'conv_layer': 'GraphConv', 'pre_gnn': [64, 128], 'post_gnn': [128, 64], 'pre_pool_convs': 2, 'post_pool_convs': 1} 
----------------------------------------------------------------------------------------------------------------------------
0.76978, 0.66982, 0.59888, 0.60360, 0.64286
0.64718, 0.65644, 0.65955, 0.63063, 0.69643
0.62867, 0.67652, 0.66067, 0.61261, 0.64286
0.62327, 0.64881, 0.67978, 0.64865, 0.68750
0.60947, 0.62570, 0.66742, 0.64865, 0.67857
0.60161, 0.65109, 0.68652, 0.61261, 0.68750
0.59693, 0.58130, 0.68315, 0.67568, 0.66071
0.59357, 0.61099, 0.66180, 0.65766, 0.62500
0.61683, 0.60305, 0.67753, 0.63063, 0.68750
0.59389, 0.56040, 0.69438, 0.69369, 0.66071
0.60391, 0.60004, 0.68989, 0.71171, 0.66071
0.60079, 0.58720, 0.67978, 0.63964, 0.70536
0.57968, 0.55916, 0.70899, 0.71171, 0.67857
0.58521, 0.58532, 0.71236, 0.63964, 0.66071
0.58866, 0.56494, 0.70562, 0.66667, 0.68750
0.59748, 0.59692, 0.67528, 0.63063, 0.67857
0.59725, 0.63249, 0.70112, 0.69369, 0.70536
0.57695, 0.58536, 0.68202, 0.63964, 0.68750
0.57970, 0.54163, 0.72584, 0.71171, 0.66071
0.56169, 0.57475, 0.73146, 0.68468, 0.66071
0.56816, 0.59939, 0.70000, 0.64865, 0.68750
0.56822, 0.54882, 0.74270, 0.72072, 0.67857
0.56250, 0.55213, 0.74494, 0.73874, 0.66964
0.55712, 0.54634, 0.74045, 0.72072, 0.66964
0.55836, 0.53729, 0.69888, 0.76577, 0.66071
0.55757, 0.52756, 0.74494, 0.74775, 0.66964
0.54267, 0.56293, 0.73034, 0.69369, 0.70536
0.54545, 0.53961, 0.73146, 0.68468, 0.73214
0.54491, 0.53960, 0.72472, 0.74775, 0.67857
0.53953, 0.55653, 0.74831, 0.72072, 0.70536
0.53764, 0.52655, 0.73034, 0.78378, 0.69643
0.52914, 0.54939, 0.75281, 0.73874, 0.71429
0.52669, 0.54756, 0.74494, 0.77477, 0.70536
0.55338, 0.56829, 0.71461, 0.69369, 0.72321
0.53952, 0.53447, 0.74157, 0.76577, 0.71429
0.52659, 0.53129, 0.73708, 0.68468, 0.75000
0.52078, 0.56297, 0.73483, 0.73874, 0.68750
0.53548, 0.51463, 0.76629, 0.75676, 0.71429
0.51892, 0.50569, 0.76854, 0.77477, 0.70536
0.52403, 0.53982, 0.73371, 0.80180, 0.71429
0.51918, 0.51144, 0.75393, 0.72973, 0.75000
0.53092, 0.53867, 0.73820, 0.77477, 0.73214
0.51594, 0.51676, 0.75169, 0.79279, 0.74107
0.51046, 0.50920, 0.76404, 0.73874, 0.75000
0.51425, 0.55268, 0.74719, 0.73874, 0.70536
0.51136, 0.51839, 0.76629, 0.74775, 0.71429
0.50974, 0.52586, 0.75056, 0.72072, 0.75893
0.51429, 0.51320, 0.76854, 0.79279, 0.75000
0.50300, 0.51310, 0.76180, 0.77477, 0.73214
0.49705, 0.51862, 0.76292, 0.81081, 0.73214
0.49351, 0.50449, 0.77303, 0.79279, 0.75000
0.50112, 0.50320, 0.77753, 0.75676, 0.73214
0.49478, 0.49684, 0.76517, 0.76577, 0.72321
0.49984, 0.49089, 0.77416, 0.78378, 0.73214
0.48908, 0.52435, 0.76180, 0.78378, 0.73214
0.49575, 0.50687, 0.76067, 0.76577, 0.70536
0.49491, 0.50161, 0.75730, 0.78378, 0.69643
0.50402, 0.50385, 0.74494, 0.79279, 0.73214
0.50070, 0.50349, 0.77978, 0.77477, 0.74107
0.47916, 0.52161, 0.75169, 0.76577, 0.71429
0.50780, 0.49738, 0.76517, 0.76577, 0.72321
0.48893, 0.52739, 0.73933, 0.72973, 0.72321
0.49220, 0.48968, 0.76517, 0.79279, 0.70536
0.48173, 0.52234, 0.77978, 0.72973, 0.75893
0.48753, 0.50452, 0.77303, 0.81081, 0.73214
0.48462, 0.50608, 0.77303, 0.76577, 0.73214
0.48576, 0.49569, 0.78315, 0.75676, 0.75893
0.47585, 0.51204, 0.77865, 0.76577, 0.71429
0.48147, 0.50862, 0.77640, 0.77477, 0.72321
0.49138, 0.50013, 0.76742, 0.71171, 0.71429
0.48098, 0.52150, 0.78539, 0.77477, 0.72321
0.47926, 0.54621, 0.77640, 0.74775, 0.71429
0.48640, 0.49351, 0.78090, 0.73874, 0.68750
0.47315, 0.52119, 0.76742, 0.76577, 0.74107
0.48269, 0.50776, 0.77978, 0.74775, 0.70536
0.47473, 0.49923, 0.77528, 0.77477, 0.74107
0.48548, 0.50119, 0.78764, 0.74775, 0.73214
0.48619, 0.52657, 0.75955, 0.76577, 0.72321
0.47537, 0.51534, 0.78539, 0.73874, 0.70536
0.47459, 0.52226, 0.77753, 0.73874, 0.72321
0.47703, 0.51711, 0.77079, 0.74775, 0.75000
0.47409, 0.51935, 0.77753, 0.71171, 0.72321
0.46062, 0.53855, 0.78090, 0.72973, 0.75893
----------------------------------------------------------------------------------------------------------------------------
0.67118, 0.62772, 0.62247, 0.60360, 0.58036
0.63113, 0.64314, 0.67865, 0.71171, 0.59821
0.61587, 0.60773, 0.65169, 0.74775, 0.60714
0.62789, 0.60077, 0.68876, 0.72072, 0.59821
0.61472, 0.58246, 0.66404, 0.75676, 0.62500
0.62083, 0.62069, 0.68876, 0.69369, 0.63393
0.60435, 0.59813, 0.68090, 0.70270, 0.63393
0.60097, 0.60629, 0.69775, 0.71171, 0.65179
0.59400, 0.56297, 0.67978, 0.72072, 0.66071
0.58671, 0.55151, 0.69101, 0.73874, 0.62500
0.58730, 0.57265, 0.67978, 0.72072, 0.63393
0.60104, 0.58346, 0.69438, 0.68468, 0.69643
0.59335, 0.54576, 0.70337, 0.72072, 0.63393
0.58014, 0.56512, 0.66966, 0.73874, 0.63393
0.58876, 0.55614, 0.70337, 0.73874, 0.68750
0.57885, 0.54487, 0.70787, 0.72973, 0.66964
0.58539, 0.56834, 0.68315, 0.72973, 0.65179
0.57862, 0.53701, 0.70674, 0.72973, 0.68750
0.56824, 0.53425, 0.71798, 0.72973, 0.68750
0.56367, 0.51534, 0.71236, 0.72072, 0.67857
0.56805, 0.53000, 0.71910, 0.74775, 0.69643
0.56249, 0.52586, 0.70112, 0.73874, 0.66964
0.56565, 0.54337, 0.72360, 0.73874, 0.69643
0.56260, 0.51375, 0.72584, 0.72973, 0.67857
0.55909, 0.53598, 0.73708, 0.76577, 0.70536
0.55771, 0.51608, 0.73258, 0.72072, 0.69643
0.54774, 0.50488, 0.72809, 0.73874, 0.69643
0.54993, 0.51969, 0.73258, 0.76577, 0.70536
0.54479, 0.49755, 0.73708, 0.74775, 0.69643
0.53997, 0.53620, 0.72584, 0.72973, 0.66964
0.54366, 0.51082, 0.73258, 0.74775, 0.70536
0.54855, 0.52290, 0.74045, 0.76577, 0.69643
0.54826, 0.51137, 0.74045, 0.73874, 0.67857
0.53715, 0.50453, 0.72921, 0.74775, 0.70536
0.54168, 0.51288, 0.74719, 0.74775, 0.68750
0.53034, 0.50482, 0.74494, 0.76577, 0.68750
0.53894, 0.52027, 0.72360, 0.72973, 0.70536
0.53783, 0.50003, 0.74270, 0.75676, 0.69643
0.52976, 0.50543, 0.74494, 0.76577, 0.71429
0.53559, 0.49300, 0.75618, 0.74775, 0.69643
0.53312, 0.51418, 0.75506, 0.75676, 0.69643
0.52192, 0.49447, 0.76180, 0.74775, 0.69643
0.52441, 0.49083, 0.74831, 0.77477, 0.73214
0.52474, 0.50484, 0.74831, 0.74775, 0.69643
0.52027, 0.49790, 0.75843, 0.76577, 0.69643
0.52178, 0.52576, 0.73034, 0.75676, 0.67857
0.51011, 0.48165, 0.76067, 0.76577, 0.71429
0.51118, 0.48774, 0.75955, 0.75676, 0.68750
0.51399, 0.47627, 0.76517, 0.80180, 0.67857
0.50664, 0.52323, 0.73708, 0.75676, 0.71429
0.51074, 0.48366, 0.77416, 0.74775, 0.72321
0.51483, 0.46801, 0.76292, 0.76577, 0.68750
0.50470, 0.47898, 0.76966, 0.75676, 0.66964
0.51202, 0.48433, 0.75506, 0.77477, 0.66071
0.50479, 0.47087, 0.76854, 0.78378, 0.72321
0.51604, 0.47109, 0.76854, 0.75676, 0.72321
0.52536, 0.49423, 0.76517, 0.77477, 0.70536
0.50595, 0.47841, 0.76742, 0.75676, 0.67857
0.50356, 0.48019, 0.76292, 0.76577, 0.69643
0.50403, 0.48871, 0.77191, 0.73874, 0.70536
0.49925, 0.46229, 0.76854, 0.77477, 0.70536
0.49073, 0.47896, 0.77191, 0.74775, 0.70536
0.49570, 0.46953, 0.76517, 0.75676, 0.68750
0.49339, 0.46178, 0.77753, 0.79279, 0.74107
0.49254, 0.47193, 0.77416, 0.75676, 0.70536
0.49756, 0.48040, 0.77416, 0.70270, 0.73214
0.50288, 0.51645, 0.73708, 0.75676, 0.71429
0.49488, 0.46921, 0.76966, 0.75676, 0.66964
0.50109, 0.47619, 0.77191, 0.72973, 0.70536
0.49836, 0.48949, 0.77303, 0.72973, 0.71429
0.48608, 0.47510, 0.75618, 0.78378, 0.66071
0.48758, 0.51424, 0.74045, 0.72973, 0.74107
0.49508, 0.45984, 0.77303, 0.76577, 0.71429
0.48841, 0.50920, 0.75393, 0.72072, 0.73214
0.49768, 0.46874, 0.76854, 0.80180, 0.68750
0.47445, 0.47208, 0.78090, 0.75676, 0.73214
0.48190, 0.47015, 0.77753, 0.76577, 0.75893
0.47330, 0.46070, 0.77528, 0.79279, 0.69643
0.48163, 0.48095, 0.76292, 0.78378, 0.71429
0.48709, 0.51400, 0.74494, 0.76577, 0.71429
0.49040, 0.47810, 0.77640, 0.74775, 0.73214
0.47953, 0.46014, 0.77978, 0.78378, 0.73214
0.48115, 0.48306, 0.78427, 0.75676, 0.75000
0.48337, 0.48752, 0.78427, 0.74775, 0.75000
0.47340, 0.46567, 0.78764, 0.76577, 0.72321
0.46848, 0.47873, 0.78989, 0.73874, 0.74107
0.47024, 0.47185, 0.78876, 0.77477, 0.69643
0.46417, 0.46885, 0.78876, 0.75676, 0.72321
0.46583, 0.47361, 0.78315, 0.76577, 0.73214
0.48050, 0.47400, 0.77753, 0.74775, 0.72321
0.46392, 0.46783, 0.78652, 0.77477, 0.74107
0.46812, 0.46585, 0.79101, 0.72973, 0.72321
0.46670, 0.46466, 0.77865, 0.77477, 0.70536
----------------------------------------------------------------------------------------------------------------------------
0.76291, 0.67436, 0.58764, 0.63964, 0.61607
0.67206, 0.62332, 0.59663, 0.64865, 0.61607
0.64801, 0.60714, 0.65506, 0.69369, 0.69643
0.62643, 0.62478, 0.64494, 0.62162, 0.61607
0.63697, 0.59549, 0.65843, 0.66667, 0.63393
0.62066, 0.58537, 0.69326, 0.71171, 0.65179
0.61165, 0.59234, 0.65056, 0.66667, 0.66964
0.61941, 0.57461, 0.68539, 0.65766, 0.67857
0.59941, 0.57354, 0.70787, 0.71171, 0.65179
0.59192, 0.55655, 0.68989, 0.70270, 0.68750
0.59156, 0.57944, 0.63034, 0.67568, 0.69643
0.61736, 0.57191, 0.68764, 0.66667, 0.73214
0.60701, 0.58899, 0.67753, 0.66667, 0.72321
0.59340, 0.55027, 0.67528, 0.67568, 0.72321
0.58555, 0.55401, 0.70562, 0.72072, 0.69643
0.58177, 0.55800, 0.70787, 0.71171, 0.70536
0.57890, 0.56080, 0.71348, 0.73874, 0.68750
0.58870, 0.56833, 0.71236, 0.69369, 0.69643
0.60835, 0.55610, 0.70112, 0.67568, 0.69643
0.58031, 0.53868, 0.68539, 0.65766, 0.70536
0.58230, 0.57209, 0.72135, 0.69369, 0.70536
0.56894, 0.57251, 0.71573, 0.69369, 0.69643
