============================================================================================================================
Namespace(pooling='slspool', batch_size=32, lr=0.0001, epochs=200, pool_ratio=0.5, dataset='PROTEINS', edges=False, runs=10, logging='logs/26_03_24/lspool_maxabs_proteins', config='config/config.json', patience=20, seeds='config/seeds'); _CudaDeviceProperties(name='NVIDIA GeForce RTX 4060 Ti', major=8, minor=9, total_memory=16379MB, multi_processor_count=34); {'hidden_features': 128, 'nonlinearity': 'elu', 'p_dropout': 0.0, 'conv_layer': 'GraphConv', 'pre_gnn': [64, 128], 'post_gnn': [128, 64], 'pre_pool_convs': 1, 'post_pool_convs': 1} 
----------------------------------------------------------------------------------------------------------------------------
0.68155, 0.65135, 0.64382, 0.64865, 0.66964
0.65613, 0.62479, 0.64494, 0.62162, 0.66071
0.64145, 0.61697, 0.66292, 0.65766, 0.67857
0.63037, 0.61562, 0.67191, 0.68468, 0.71429
0.62229, 0.60191, 0.66404, 0.65766, 0.73214
0.61222, 0.59577, 0.68427, 0.68468, 0.71429
0.61210, 0.61841, 0.70899, 0.69369, 0.67857
0.60610, 0.58332, 0.70000, 0.72072, 0.69643
0.59612, 0.59644, 0.69438, 0.67568, 0.74107
0.59181, 0.57770, 0.71236, 0.69369, 0.70536
0.59135, 0.57328, 0.70674, 0.71171, 0.66964
0.58920, 0.57139, 0.70449, 0.67568, 0.71429
0.57147, 0.59007, 0.71573, 0.69369, 0.64286
0.57282, 0.61652, 0.70562, 0.67568, 0.61607
0.57673, 0.57505, 0.71685, 0.69369, 0.72321
0.57828, 0.60785, 0.73034, 0.68468, 0.68750
0.57027, 0.60426, 0.72809, 0.67568, 0.70536
0.56328, 0.57959, 0.72022, 0.68468, 0.74107
0.56391, 0.56838, 0.72584, 0.71171, 0.67857
0.55538, 0.58221, 0.72360, 0.66667, 0.73214
0.55854, 0.60695, 0.71011, 0.65766, 0.71429
0.56232, 0.57831, 0.71011, 0.67568, 0.72321
0.55560, 0.55038, 0.73146, 0.72072, 0.65179
0.55348, 0.55377, 0.72472, 0.70270, 0.73214
0.56628, 0.53312, 0.72022, 0.72973, 0.65179
0.55433, 0.57899, 0.73034, 0.63964, 0.72321
0.54866, 0.63144, 0.72360, 0.68468, 0.72321
0.55129, 0.57126, 0.73483, 0.68468, 0.69643
0.54893, 0.59032, 0.71461, 0.69369, 0.63393
0.54840, 0.56033, 0.73933, 0.69369, 0.68750
0.54720, 0.53873, 0.73820, 0.71171, 0.65179
0.53749, 0.56823, 0.73708, 0.69369, 0.69643
0.53515, 0.55912, 0.73933, 0.69369, 0.70536
0.53818, 0.54859, 0.73933, 0.70270, 0.73214
0.53810, 0.57125, 0.75169, 0.70270, 0.67857
0.52512, 0.56351, 0.74607, 0.71171, 0.72321
0.52367, 0.57907, 0.75169, 0.69369, 0.66964
0.52880, 0.55456, 0.72584, 0.73874, 0.66964
0.53484, 0.60504, 0.73820, 0.71171, 0.69643
0.52664, 0.56984, 0.74157, 0.72072, 0.66071
0.53036, 0.55472, 0.75393, 0.69369, 0.66071
0.53479, 0.58642, 0.74157, 0.68468, 0.65179
0.52996, 0.53878, 0.74607, 0.71171, 0.66964
0.51608, 0.53096, 0.74270, 0.73874, 0.68750
0.51819, 0.55689, 0.75056, 0.70270, 0.66071
0.51392, 0.55865, 0.74944, 0.70270, 0.68750
0.51397, 0.59354, 0.74831, 0.66667, 0.66071
0.52543, 0.53985, 0.75056, 0.72973, 0.68750
0.51119, 0.57737, 0.75730, 0.68468, 0.63393
0.51121, 0.54959, 0.76517, 0.72072, 0.66964
0.50288, 0.55957, 0.75506, 0.72072, 0.66964
0.50464, 0.54408, 0.75506, 0.72973, 0.67857
0.51197, 0.53707, 0.74944, 0.72072, 0.67857
0.50925, 0.55674, 0.76854, 0.73874, 0.66071
0.50480, 0.54283, 0.75843, 0.73874, 0.66964
0.49174, 0.55544, 0.76404, 0.74775, 0.66071
0.50382, 0.56871, 0.75843, 0.72973, 0.70536
0.49326, 0.56463, 0.75955, 0.75676, 0.64286
0.50762, 0.54091, 0.76517, 0.72072, 0.69643
0.48794, 0.53776, 0.75281, 0.70270, 0.70536
0.52204, 0.56936, 0.75056, 0.72973, 0.66964
0.50503, 0.56775, 0.73933, 0.69369, 0.70536
0.50056, 0.53880, 0.76517, 0.76577, 0.64286
0.50147, 0.55952, 0.77528, 0.72072, 0.66964
----------------------------------------------------------------------------------------------------------------------------
0.65695, 0.63834, 0.60562, 0.60360, 0.57143
0.63157, 0.64723, 0.68427, 0.71171, 0.67857
0.60576, 0.59062, 0.68652, 0.67568, 0.67857
0.61216, 0.59007, 0.70562, 0.69369, 0.70536
0.59180, 0.56999, 0.69663, 0.72072, 0.67857
0.59318, 0.59174, 0.69888, 0.72072, 0.70536
0.59115, 0.55851, 0.70337, 0.72072, 0.67857
0.58729, 0.58645, 0.69438, 0.68468, 0.65179
0.57621, 0.55087, 0.70112, 0.71171, 0.71429
0.57099, 0.55471, 0.70225, 0.71171, 0.68750
0.57484, 0.55364, 0.70337, 0.72973, 0.66964
0.57090, 0.58746, 0.68652, 0.73874, 0.69643
0.57770, 0.53486, 0.71124, 0.73874, 0.74107
0.56753, 0.55308, 0.69551, 0.72072, 0.66071
0.57293, 0.54350, 0.71573, 0.73874, 0.71429
0.57405, 0.58686, 0.70787, 0.68468, 0.68750
0.56883, 0.53303, 0.72472, 0.72973, 0.70536
0.56041, 0.55109, 0.72584, 0.70270, 0.70536
0.55443, 0.54765, 0.72247, 0.71171, 0.69643
0.55728, 0.53635, 0.72022, 0.69369, 0.72321
0.56093, 0.52321, 0.70225, 0.69369, 0.74107
0.55831, 0.53006, 0.71461, 0.70270, 0.70536
0.55487, 0.53619, 0.71461, 0.71171, 0.75000
0.55836, 0.53869, 0.72135, 0.71171, 0.74107
0.56824, 0.59987, 0.71798, 0.71171, 0.76786
0.56907, 0.53707, 0.70787, 0.72072, 0.72321
0.56093, 0.51803, 0.70449, 0.74775, 0.69643
0.55444, 0.48930, 0.71798, 0.72973, 0.75000
0.55247, 0.50635, 0.71348, 0.73874, 0.72321
0.55208, 0.52253, 0.72247, 0.73874, 0.71429
0.55638, 0.49677, 0.72472, 0.72973, 0.73214
0.55270, 0.50623, 0.72360, 0.71171, 0.74107
0.55413, 0.50593, 0.72135, 0.72973, 0.73214
0.55021, 0.51381, 0.70674, 0.72973, 0.66964
0.55574, 0.49421, 0.71461, 0.74775, 0.72321
0.55226, 0.51645, 0.73258, 0.73874, 0.75000
0.54841, 0.50242, 0.72472, 0.72072, 0.72321
0.54272, 0.50655, 0.73708, 0.73874, 0.72321
0.54354, 0.49816, 0.72584, 0.74775, 0.75000
0.54757, 0.49443, 0.72247, 0.75676, 0.75000
0.54738, 0.50848, 0.72697, 0.72072, 0.72321
0.54189, 0.51621, 0.73034, 0.72973, 0.75893
0.53973, 0.49103, 0.72809, 0.72973, 0.74107
0.53859, 0.49522, 0.73371, 0.74775, 0.73214
0.53715, 0.49304, 0.73258, 0.74775, 0.75893
0.53666, 0.48106, 0.73708, 0.73874, 0.75000
0.53376, 0.49920, 0.74045, 0.73874, 0.77679
0.53223, 0.49499, 0.73820, 0.71171, 0.77679
0.52777, 0.49077, 0.74157, 0.72973, 0.72321
0.52704, 0.51561, 0.71236, 0.72973, 0.66964
0.53497, 0.50386, 0.71910, 0.72973, 0.67857
0.52596, 0.49743, 0.74157, 0.72072, 0.76786
0.52330, 0.48312, 0.74045, 0.72973, 0.76786
0.53384, 0.49666, 0.73820, 0.76577, 0.74107
0.52196, 0.48704, 0.73258, 0.72072, 0.75000
0.52713, 0.50107, 0.73820, 0.72973, 0.75893
0.52488, 0.51172, 0.73258, 0.73874, 0.75000
0.52165, 0.49284, 0.73708, 0.72973, 0.75893
0.52489, 0.48970, 0.73708, 0.74775, 0.72321
0.52308, 0.49524, 0.73483, 0.74775, 0.72321
0.51835, 0.49656, 0.75056, 0.71171, 0.75000
0.51963, 0.49926, 0.74494, 0.71171, 0.77679
0.51903, 0.50428, 0.74831, 0.75676, 0.75000
0.52204, 0.50715, 0.74607, 0.73874, 0.75000
0.51557, 0.50734, 0.75056, 0.72072, 0.75893
0.51849, 0.49734, 0.74831, 0.73874, 0.72321
----------------------------------------------------------------------------------------------------------------------------
0.67368, 0.64995, 0.58764, 0.64865, 0.61607
0.66363, 0.61627, 0.60787, 0.65766, 0.62500
0.63973, 0.60934, 0.67303, 0.72973, 0.70536
0.61753, 0.61950, 0.67303, 0.65766, 0.60714
0.61781, 0.58265, 0.68764, 0.70270, 0.72321
0.60831, 0.58251, 0.69888, 0.70270, 0.66964
0.59868, 0.56710, 0.67865, 0.69369, 0.72321
0.60327, 0.58315, 0.69888, 0.71171, 0.69643
0.57814, 0.56337, 0.71798, 0.73874, 0.69643
0.57387, 0.54853, 0.71348, 0.71171, 0.71429
0.57281, 0.57068, 0.67640, 0.70270, 0.68750
0.58482, 0.58673, 0.69663, 0.72072, 0.69643
0.58128, 0.60167, 0.71348, 0.70270, 0.73214
0.57216, 0.53454, 0.70449, 0.72072, 0.72321
0.55704, 0.53544, 0.73596, 0.74775, 0.73214
0.55123, 0.52199, 0.73146, 0.74775, 0.75000
0.55106, 0.51682, 0.73708, 0.74775, 0.75000
0.55433, 0.56045, 0.74157, 0.74775, 0.75000
0.55301, 0.52244, 0.73933, 0.73874, 0.76786
0.54503, 0.52377, 0.74270, 0.72072, 0.74107
0.53930, 0.52264, 0.74607, 0.72973, 0.72321
0.54033, 0.53532, 0.74607, 0.73874, 0.76786
0.54044, 0.51586, 0.74944, 0.73874, 0.75893
0.53886, 0.52286, 0.75281, 0.75676, 0.72321
0.54320, 0.52233, 0.75056, 0.73874, 0.75000
0.53710, 0.52316, 0.74607, 0.76577, 0.73214
0.53916, 0.52540, 0.74045, 0.72973, 0.75893
0.53788, 0.51994, 0.74607, 0.75676, 0.74107
0.54047, 0.52407, 0.75955, 0.72973, 0.75000
0.53290, 0.52322, 0.75169, 0.75676, 0.72321
0.53162, 0.51922, 0.75393, 0.75676, 0.72321
0.53044, 0.53199, 0.75618, 0.74775, 0.72321
0.52609, 0.56345, 0.71910, 0.70270, 0.72321
0.53177, 0.56858, 0.73483, 0.72072, 0.71429
0.53295, 0.54006, 0.74270, 0.74775, 0.73214
0.53969, 0.52338, 0.74944, 0.72072, 0.75000
0.54104, 0.51966, 0.74494, 0.72973, 0.76786
0.53705, 0.52868, 0.75506, 0.73874, 0.73214
0.53486, 0.51811, 0.76292, 0.72072, 0.75893
0.52769, 0.52249, 0.76180, 0.72072, 0.75893
0.54018, 0.55399, 0.74831, 0.70270, 0.75893
0.53440, 0.52855, 0.75393, 0.72973, 0.75893
0.52500, 0.52062, 0.76517, 0.73874, 0.75893
----------------------------------------------------------------------------------------------------------------------------
0.67367, 0.64995, 0.58764, 0.64865, 0.61607
0.66363, 0.61627, 0.60787, 0.65766, 0.62500
0.63969, 0.60936, 0.67303, 0.73874, 0.70536
0.61754, 0.61959, 0.67303, 0.65766, 0.60714
0.61783, 0.58239, 0.68876, 0.70270, 0.72321
0.60824, 0.58260, 0.69888, 0.70270, 0.66964
0.59887, 0.56713, 0.67865, 0.69369, 0.72321
0.60315, 0.58199, 0.69888, 0.72072, 0.69643
0.57815, 0.56398, 0.71348, 0.73874, 0.69643
0.57399, 0.54852, 0.71236, 0.71171, 0.71429
0.57284, 0.57052, 0.67640, 0.70270, 0.68750
0.58470, 0.58572, 0.69551, 0.72973, 0.69643
0.58145, 0.59981, 0.71348, 0.70270, 0.73214
0.57217, 0.53490, 0.70674, 0.71171, 0.72321
0.55709, 0.53572, 0.73596, 0.74775, 0.73214
0.55126, 0.52169, 0.73258, 0.73874, 0.75000
0.55111, 0.51636, 0.73708, 0.73874, 0.75000
0.55478, 0.56220, 0.73596, 0.73874, 0.75893
0.55388, 0.52388, 0.73483, 0.72973, 0.76786
0.54353, 0.52729, 0.74157, 0.72973, 0.73214
0.53889, 0.52182, 0.74494, 0.73874, 0.74107
0.53929, 0.53505, 0.74382, 0.73874, 0.75893
0.54046, 0.51566, 0.74719, 0.72973, 0.75000
0.54034, 0.52430, 0.74944, 0.74775, 0.71429
0.54369, 0.52236, 0.74944, 0.74775, 0.74107
0.53689, 0.52371, 0.74719, 0.75676, 0.73214
0.53957, 0.52529, 0.73596, 0.72973, 0.75893
0.53899, 0.51916, 0.74157, 0.75676, 0.75000
0.53984, 0.52333, 0.75730, 0.72072, 0.75000
0.53320, 0.52169, 0.75281, 0.76577, 0.72321
0.53243, 0.52016, 0.75169, 0.75676, 0.71429
0.53012, 0.53428, 0.75843, 0.74775, 0.72321
0.52598, 0.56129, 0.72135, 0.71171, 0.71429
0.53013, 0.56971, 0.73933, 0.72072, 0.71429
0.53129, 0.54024, 0.74831, 0.73874, 0.75000
0.53864, 0.52459, 0.75281, 0.72072, 0.75893
0.53885, 0.51987, 0.74157, 0.72072, 0.76786
0.53727, 0.53104, 0.75169, 0.73874, 0.73214
0.53463, 0.51553, 0.76067, 0.71171, 0.75893
0.52949, 0.52219, 0.75506, 0.70270, 0.74107
0.54136, 0.55743, 0.74607, 0.72072, 0.75893
0.53569, 0.52505, 0.74944, 0.72973, 0.75893
0.52602, 0.51795, 0.76404, 0.74775, 0.75000
0.52611, 0.53115, 0.75393, 0.72072, 0.75893
0.52496, 0.54964, 0.75618, 0.72973, 0.75893
0.52373, 0.51006, 0.75730, 0.72973, 0.75000
0.52009, 0.51627, 0.76292, 0.73874, 0.75000
0.52026, 0.53457, 0.75955, 0.72072, 0.74107
0.52377, 0.52548, 0.74831, 0.71171, 0.75893
0.52663, 0.51453, 0.75843, 0.72072, 0.75893
0.52941, 0.51927, 0.75843, 0.71171, 0.75000
0.51450, 0.53576, 0.76067, 0.71171, 0.74107
0.53264, 0.53873, 0.75393, 0.71171, 0.75893
0.51749, 0.52656, 0.75618, 0.72072, 0.75000
0.52861, 0.53444, 0.74831, 0.74775, 0.75893
0.52006, 0.55081, 0.75618, 0.74775, 0.74107
0.51670, 0.51964, 0.75618, 0.72072, 0.75893
0.51014, 0.54389, 0.76742, 0.69369, 0.77679
0.51353, 0.52720, 0.75393, 0.72072, 0.74107
0.52067, 0.52627, 0.76292, 0.71171, 0.74107
0.51275, 0.54375, 0.74494, 0.76577, 0.74107
0.52487, 0.53807, 0.74270, 0.70270, 0.75000
0.51958, 0.53511, 0.75955, 0.72072, 0.75000
0.51756, 0.53006, 0.74382, 0.68468, 0.76786
0.51678, 0.57011, 0.74944, 0.73874, 0.73214
0.51877, 0.53654, 0.76292, 0.71171, 0.77679
----------------------------------------------------------------------------------------------------------------------------
0.66088, 0.69874, 0.63034, 0.53153, 0.63393
0.63486, 0.67553, 0.65955, 0.55856, 0.64286
0.63058, 0.63251, 0.68427, 0.67568, 0.57143
0.60550, 0.65356, 0.68427, 0.62162, 0.69643
0.59573, 0.61269, 0.70674, 0.66667, 0.58929
0.59140, 0.60241, 0.69888, 0.68468, 0.63393
0.58260, 0.60149, 0.70000, 0.65766, 0.65179
0.57728, 0.63587, 0.69101, 0.64865, 0.65179
0.57213, 0.62384, 0.69663, 0.65766, 0.65179
0.57058, 0.57538, 0.71910, 0.68468, 0.65179
0.56386, 0.56075, 0.72697, 0.72973, 0.66071
0.56622, 0.56024, 0.72584, 0.72973, 0.65179
0.55625, 0.57402, 0.72472, 0.70270, 0.65179
0.55548, 0.58611, 0.71685, 0.66667, 0.66964
0.55013, 0.58808, 0.72360, 0.68468, 0.61607
0.55079, 0.59066, 0.71348, 0.66667, 0.66071
0.55228, 0.55329, 0.70337, 0.76577, 0.61607
0.54634, 0.55823, 0.72472, 0.69369, 0.65179
0.55181, 0.59008, 0.72472, 0.67568, 0.65179
0.54071, 0.55237, 0.72697, 0.70270, 0.66071
0.54715, 0.58547, 0.72247, 0.66667, 0.64286
0.55419, 0.55655, 0.73034, 0.72072, 0.62500
0.54555, 0.58900, 0.72360, 0.66667, 0.65179
0.53917, 0.64691, 0.71910, 0.63964, 0.65179
0.55132, 0.55186, 0.73483, 0.69369, 0.63393
0.54626, 0.57898, 0.73483, 0.67568, 0.65179
0.53611, 0.55763, 0.73596, 0.69369, 0.66964
0.53241, 0.61083, 0.72022, 0.64865, 0.66071
0.53309, 0.54627, 0.71124, 0.72973, 0.62500
0.53854, 0.55139, 0.73596, 0.69369, 0.65179
0.53402, 0.56734, 0.74382, 0.67568, 0.66964
0.53001, 0.57406, 0.74382, 0.67568, 0.66964
0.53144, 0.57092, 0.74944, 0.70270, 0.64286
0.53816, 0.60934, 0.73708, 0.65766, 0.67857
0.53036, 0.59380, 0.73258, 0.66667, 0.67857
0.53350, 0.55517, 0.74157, 0.69369, 0.65179
0.52714, 0.54191, 0.74157, 0.71171, 0.61607
0.52913, 0.58997, 0.73258, 0.67568, 0.66964
0.53633, 0.54174, 0.74494, 0.72072, 0.62500
0.54377, 0.65654, 0.72584, 0.61261, 0.65179
0.52892, 0.57408, 0.73708, 0.70270, 0.66071
0.52053, 0.61643, 0.73708, 0.63964, 0.66071
0.52874, 0.61575, 0.73596, 0.64865, 0.66071
0.52351, 0.54812, 0.74607, 0.71171, 0.65179
0.51998, 0.56241, 0.74494, 0.68468, 0.65179
0.51699, 0.55936, 0.75281, 0.70270, 0.66964
0.51852, 0.59006, 0.74045, 0.66667, 0.66964
0.51933, 0.57151, 0.75393, 0.67568, 0.65179
0.53192, 0.55545, 0.75281, 0.72072, 0.64286
0.53336, 0.54580, 0.74270, 0.72973, 0.62500
0.52188, 0.55090, 0.74719, 0.72072, 0.64286
0.51654, 0.55147, 0.75393, 0.71171, 0.64286
0.51318, 0.62643, 0.74157, 0.64865, 0.64286
0.51641, 0.56805, 0.74944, 0.69369, 0.64286
0.51168, 0.58576, 0.75169, 0.67568, 0.64286
0.51154, 0.58738, 0.74831, 0.67568, 0.66071
0.51760, 0.55077, 0.75730, 0.70270, 0.65179
0.51930, 0.58545, 0.75169, 0.70270, 0.66071
0.51595, 0.54917, 0.75169, 0.72072, 0.64286
----------------------------------------------------------------------------------------------------------------------------
0.68043, 0.63162, 0.60449, 0.60360, 0.60714
0.63279, 0.60116, 0.66067, 0.68468, 0.58929
0.61394, 0.60071, 0.67079, 0.68468, 0.56250
0.61093, 0.58866, 0.68652, 0.70270, 0.58929
0.61444, 0.58435, 0.67753, 0.71171, 0.59821
0.60254, 0.58480, 0.67978, 0.72072, 0.63393
0.61209, 0.56241, 0.68764, 0.74775, 0.64286
0.60049, 0.54863, 0.69775, 0.74775, 0.64286
0.59481, 0.54721, 0.71124, 0.73874, 0.64286
0.59292, 0.57131, 0.67640, 0.73874, 0.64286
0.59802, 0.54364, 0.71461, 0.76577, 0.67857
0.58363, 0.53000, 0.71236, 0.73874, 0.66071
0.58639, 0.54077, 0.71124, 0.76577, 0.67857
0.58135, 0.55473, 0.69663, 0.79279, 0.66071
0.57713, 0.53867, 0.71573, 0.80180, 0.66071
0.58002, 0.53215, 0.70337, 0.71171, 0.62500
0.57974, 0.53108, 0.70674, 0.78378, 0.63393
0.58442, 0.53740, 0.71461, 0.74775, 0.65179
0.57989, 0.54715, 0.70787, 0.73874, 0.66071
0.58915, 0.55097, 0.69663, 0.73874, 0.63393
0.59003, 0.53464, 0.70562, 0.76577, 0.64286
0.60058, 0.55840, 0.69551, 0.75676, 0.66071
0.61246, 0.54812, 0.69213, 0.72072, 0.63393
0.58313, 0.53724, 0.72135, 0.77477, 0.66964
0.58031, 0.53322, 0.68539, 0.74775, 0.64286
0.57505, 0.53515, 0.71011, 0.76577, 0.65179
0.57531, 0.53114, 0.69888, 0.75676, 0.64286
0.57148, 0.53563, 0.69663, 0.74775, 0.64286
0.57494, 0.53348, 0.68539, 0.75676, 0.61607
0.58440, 0.54565, 0.71124, 0.73874, 0.67857
0.57888, 0.54425, 0.68202, 0.72973, 0.64286
0.58224, 0.55253, 0.71910, 0.72973, 0.68750
0.58129, 0.52535, 0.69326, 0.74775, 0.65179
0.56878, 0.52892, 0.69551, 0.74775, 0.66071
0.56997, 0.53051, 0.71348, 0.78378, 0.67857
0.57691, 0.53462, 0.71685, 0.76577, 0.71429
0.56634, 0.52710, 0.71798, 0.78378, 0.72321
0.57001, 0.51628, 0.70674, 0.80180, 0.69643
0.56751, 0.51864, 0.71461, 0.80180, 0.71429
0.56686, 0.52240, 0.70674, 0.76577, 0.71429
0.57049, 0.51464, 0.70787, 0.75676, 0.70536
0.56532, 0.53100, 0.69326, 0.72072, 0.63393
0.57624, 0.51604, 0.71910, 0.81081, 0.73214
0.56595, 0.52591, 0.71124, 0.77477, 0.70536
0.56420, 0.51069, 0.70674, 0.76577, 0.70536
0.58059, 0.51045, 0.71011, 0.78378, 0.71429
0.56031, 0.50528, 0.72247, 0.80180, 0.69643
0.56326, 0.50880, 0.69775, 0.75676, 0.67857
0.55744, 0.52985, 0.71461, 0.76577, 0.67857
0.56172, 0.49616, 0.70674, 0.73874, 0.68750
0.55204, 0.50001, 0.70562, 0.74775, 0.67857
0.55696, 0.49880, 0.70337, 0.74775, 0.68750
0.55102, 0.49354, 0.70899, 0.74775, 0.70536
0.54950, 0.49319, 0.71236, 0.75676, 0.70536
0.55125, 0.50471, 0.72247, 0.75676, 0.71429
0.54519, 0.49173, 0.72135, 0.75676, 0.74107
0.54971, 0.51394, 0.72360, 0.81081, 0.70536
0.54744, 0.50687, 0.70674, 0.73874, 0.65179
0.54545, 0.49448, 0.74157, 0.80180, 0.71429
0.55010, 0.48686, 0.73596, 0.78378, 0.72321
0.54251, 0.49547, 0.73708, 0.77477, 0.69643
0.53923, 0.52951, 0.71461, 0.78378, 0.65179
0.54407, 0.49592, 0.74607, 0.77477, 0.71429
0.53748, 0.48308, 0.72472, 0.75676, 0.67857
0.54391, 0.49374, 0.73596, 0.77477, 0.72321
0.52778, 0.49494, 0.74719, 0.79279, 0.69643
0.52825, 0.47571, 0.74831, 0.81982, 0.69643
0.53043, 0.52099, 0.73820, 0.77477, 0.73214
0.53514, 0.47920, 0.75056, 0.81081, 0.70536
0.52422, 0.50514, 0.75393, 0.74775, 0.70536
0.52230, 0.49434, 0.74157, 0.76577, 0.69643
0.52834, 0.49355, 0.74607, 0.79279, 0.69643
0.52211, 0.49425, 0.74270, 0.77477, 0.69643
0.51786, 0.50008, 0.75169, 0.75676, 0.71429
0.52230, 0.47556, 0.75056, 0.79279, 0.68750
0.51593, 0.49318, 0.74944, 0.78378, 0.72321
0.52106, 0.52121, 0.73258, 0.74775, 0.73214
0.51970, 0.49424, 0.75393, 0.75676, 0.70536
0.51614, 0.49161, 0.75730, 0.78378, 0.71429
0.52016, 0.48833, 0.75730, 0.76577, 0.70536
0.51022, 0.53002, 0.74382, 0.76577, 0.71429
0.51279, 0.47132, 0.76180, 0.81982, 0.70536
0.51458, 0.48499, 0.75730, 0.78378, 0.69643
0.51211, 0.48207, 0.76854, 0.75676, 0.68750
0.51536, 0.48747, 0.75730, 0.75676, 0.68750
0.51639, 0.49390, 0.75955, 0.74775, 0.69643
0.51733, 0.51013, 0.76067, 0.75676, 0.67857
0.51751, 0.49751, 0.75618, 0.76577, 0.70536
0.52102, 0.49253, 0.75843, 0.77477, 0.71429
0.51792, 0.53163, 0.72472, 0.73874, 0.66071
0.53167, 0.49766, 0.75506, 0.79279, 0.72321
0.53131, 0.48875, 0.73596, 0.75676, 0.68750
0.51533, 0.46612, 0.75730, 0.77477, 0.70536
0.50915, 0.47664, 0.75618, 0.78378, 0.68750
0.51009, 0.46639, 0.76067, 0.77477, 0.69643
0.50893, 0.48502, 0.75506, 0.79279, 0.69643
0.50946, 0.47323, 0.74607, 0.80180, 0.69643
0.51630, 0.47392, 0.73933, 0.76577, 0.66964
0.51191, 0.49702, 0.75281, 0.80180, 0.71429
0.51326, 0.47164, 0.75955, 0.74775, 0.67857
0.50611, 0.51496, 0.75169, 0.76577, 0.70536
0.50876, 0.46464, 0.76966, 0.76577, 0.68750
0.51355, 0.48675, 0.75393, 0.75676, 0.68750
0.50703, 0.49289, 0.76404, 0.76577, 0.69643
0.51936, 0.45735, 0.75618, 0.80180, 0.68750
0.50713, 0.48775, 0.76404, 0.74775, 0.66964
0.50136, 0.47793, 0.76854, 0.77477, 0.68750
0.50590, 0.45843, 0.76404, 0.78378, 0.69643
0.50429, 0.52244, 0.75955, 0.74775, 0.71429
0.50578, 0.47643, 0.76180, 0.75676, 0.68750
0.50191, 0.49142, 0.76854, 0.74775, 0.71429
0.50259, 0.48531, 0.76292, 0.76577, 0.70536
0.49798, 0.47039, 0.73708, 0.75676, 0.69643
0.50178, 0.49880, 0.76404, 0.75676, 0.72321
0.50052, 0.47398, 0.76292, 0.78378, 0.66071
0.51719, 0.49101, 0.76180, 0.79279, 0.68750
0.51406, 0.48558, 0.77303, 0.76577, 0.68750
0.50015, 0.47613, 0.76067, 0.77477, 0.70536
0.49444, 0.48181, 0.76067, 0.73874, 0.66071
0.49442, 0.49413, 0.76404, 0.76577, 0.68750
0.48968, 0.49019, 0.76404, 0.73874, 0.68750
0.49864, 0.46564, 0.76742, 0.79279, 0.69643
0.49842, 0.50366, 0.75506, 0.76577, 0.69643
0.50554, 0.44515, 0.76629, 0.79279, 0.65179
0.48853, 0.51509, 0.77191, 0.76577, 0.69643
0.50317, 0.47450, 0.74607, 0.74775, 0.68750
0.51443, 0.47859, 0.77528, 0.75676, 0.69643
0.50007, 0.48864, 0.77303, 0.78378, 0.68750
0.48544, 0.48168, 0.77416, 0.72973, 0.68750
0.48394, 0.47602, 0.77640, 0.75676, 0.70536
0.48582, 0.50319, 0.77079, 0.76577, 0.70536
0.49008, 0.49851, 0.77753, 0.75676, 0.69643
0.48497, 0.47346, 0.77865, 0.76577, 0.68750
0.48772, 0.47803, 0.77528, 0.78378, 0.68750
0.48555, 0.50265, 0.77079, 0.75676, 0.71429
0.48473, 0.47870, 0.77416, 0.73874, 0.69643
0.48050, 0.47758, 0.76067, 0.75676, 0.65179
0.48957, 0.49863, 0.78202, 0.73874, 0.68750
0.48416, 0.48551, 0.78315, 0.74775, 0.70536
0.47717, 0.48932, 0.77416, 0.74775, 0.71429
0.47694, 0.48730, 0.77303, 0.75676, 0.70536
0.47862, 0.47977, 0.77079, 0.77477, 0.72321
0.47958, 0.49685, 0.78427, 0.75676, 0.72321
0.48422, 0.46224, 0.77640, 0.73874, 0.70536
----------------------------------------------------------------------------------------------------------------------------
0.67871, 0.63393, 0.59775, 0.64865, 0.58929
0.64970, 0.61011, 0.67865, 0.73874, 0.66964
0.62977, 0.56945, 0.63820, 0.69369, 0.66071
0.60757, 0.55996, 0.71011, 0.74775, 0.67857
0.58964, 0.54625, 0.71573, 0.71171, 0.67857
0.58374, 0.53306, 0.71348, 0.72973, 0.69643
0.57484, 0.52433, 0.71910, 0.72973, 0.67857
0.57632, 0.58083, 0.70000, 0.71171, 0.67857
0.56516, 0.54944, 0.71348, 0.71171, 0.70536
0.56321, 0.53926, 0.72135, 0.75676, 0.69643
0.55746, 0.50849, 0.72135, 0.72973, 0.67857
0.56176, 0.51641, 0.72135, 0.76577, 0.67857
0.55435, 0.57005, 0.70112, 0.72072, 0.66964
0.55424, 0.51498, 0.72360, 0.73874, 0.69643
0.54718, 0.50887, 0.73371, 0.74775, 0.70536
0.54628, 0.49501, 0.71124, 0.73874, 0.69643
0.56620, 0.49669, 0.72697, 0.76577, 0.70536
0.54589, 0.49224, 0.73258, 0.76577, 0.70536
0.54927, 0.49760, 0.73371, 0.78378, 0.71429
0.54269, 0.50378, 0.73820, 0.75676, 0.70536
0.54004, 0.54011, 0.73371, 0.70270, 0.66071
0.54590, 0.48413, 0.72809, 0.77477, 0.70536
0.54235, 0.50336, 0.73146, 0.75676, 0.70536
0.54738, 0.47482, 0.74607, 0.76577, 0.70536
0.54493, 0.47544, 0.72584, 0.78378, 0.71429
0.53311, 0.49012, 0.74944, 0.77477, 0.71429
0.53112, 0.52117, 0.74607, 0.73874, 0.71429
0.53031, 0.48784, 0.73820, 0.79279, 0.71429
0.53292, 0.47528, 0.74494, 0.78378, 0.71429
0.52809, 0.49207, 0.74719, 0.77477, 0.69643
0.52289, 0.48135, 0.74831, 0.77477, 0.70536
0.52875, 0.48950, 0.74719, 0.77477, 0.70536
0.52760, 0.49391, 0.75281, 0.79279, 0.71429
0.51958, 0.49140, 0.75618, 0.78378, 0.69643
0.52556, 0.52630, 0.74270, 0.76577, 0.68750
0.52589, 0.48043, 0.74382, 0.78378, 0.69643
0.52754, 0.49852, 0.73820, 0.80180, 0.68750
0.53059, 0.51641, 0.75169, 0.76577, 0.72321
0.52031, 0.50513, 0.75056, 0.78378, 0.70536
0.52689, 0.48272, 0.74494, 0.80180, 0.69643
0.52492, 0.49355, 0.75393, 0.79279, 0.71429
0.51743, 0.49922, 0.74831, 0.79279, 0.72321
0.52043, 0.49565, 0.75056, 0.79279, 0.72321
0.51581, 0.49147, 0.75730, 0.78378, 0.74107
----------------------------------------------------------------------------------------------------------------------------
0.66985, 0.71650, 0.59663, 0.58559, 0.60714
0.62809, 0.63530, 0.70787, 0.70270, 0.66964
0.59968, 0.70452, 0.66067, 0.62162, 0.64286
0.60466, 0.62526, 0.70337, 0.72973, 0.69643
0.57886, 0.62793, 0.71573, 0.68468, 0.73214
0.56782, 0.63397, 0.71236, 0.68468, 0.74107
0.56508, 0.61018, 0.72697, 0.67568, 0.71429
0.57008, 0.62971, 0.71236, 0.68468, 0.75000
0.55892, 0.59879, 0.72809, 0.69369, 0.71429
0.55867, 0.61031, 0.72472, 0.70270, 0.73214
0.56440, 0.62365, 0.72022, 0.68468, 0.72321
0.56290, 0.61735, 0.72472, 0.67568, 0.64286
0.56202, 0.63079, 0.72809, 0.71171, 0.74107
0.55001, 0.60838, 0.73596, 0.71171, 0.72321
0.54429, 0.60867, 0.74045, 0.70270, 0.72321
0.54175, 0.60428, 0.73933, 0.71171, 0.70536
0.54003, 0.61226, 0.73596, 0.68468, 0.75000
0.54197, 0.61292, 0.75506, 0.71171, 0.75000
0.54854, 0.62462, 0.73820, 0.69369, 0.72321
0.54228, 0.60228, 0.75506, 0.71171, 0.75000
0.54290, 0.59398, 0.74494, 0.72072, 0.74107
0.53660, 0.62648, 0.74494, 0.70270, 0.73214
0.53067, 0.58992, 0.75506, 0.72072, 0.73214
0.52498, 0.58890, 0.74831, 0.72072, 0.74107
0.53100, 0.63384, 0.74719, 0.69369, 0.74107
0.53744, 0.59634, 0.74045, 0.70270, 0.73214
0.52975, 0.59063, 0.76180, 0.71171, 0.73214
0.52761, 0.60732, 0.75843, 0.71171, 0.73214
0.53544, 0.61416, 0.75730, 0.66667, 0.75000
0.51957, 0.59621, 0.76180, 0.72072, 0.74107
0.52683, 0.63533, 0.75618, 0.70270, 0.74107
0.51797, 0.59320, 0.76629, 0.72072, 0.75000
0.52005, 0.59394, 0.76742, 0.71171, 0.75000
0.51998, 0.59889, 0.76742, 0.71171, 0.73214
0.51459, 0.59940, 0.77528, 0.70270, 0.73214
0.52197, 0.60197, 0.75618, 0.72072, 0.73214
0.52889, 0.59359, 0.75506, 0.72973, 0.72321
0.52084, 0.59198, 0.76966, 0.71171, 0.75000
0.51636, 0.59427, 0.75618, 0.72072, 0.72321
0.52163, 0.59363, 0.76966, 0.70270, 0.75000
0.53532, 0.59363, 0.76517, 0.71171, 0.74107
0.52146, 0.62777, 0.76404, 0.70270, 0.74107
0.51755, 0.58516, 0.75730, 0.72072, 0.72321
0.52488, 0.69116, 0.73146, 0.68468, 0.71429
0.51509, 0.58373, 0.76517, 0.71171, 0.73214
0.51422, 0.59733, 0.77191, 0.72072, 0.76786
0.50757, 0.58715, 0.75730, 0.72072, 0.72321
0.51212, 0.61358, 0.76404, 0.71171, 0.75893
0.50902, 0.61999, 0.73596, 0.71171, 0.72321
0.52212, 0.60860, 0.76629, 0.71171, 0.75893
0.50880, 0.59395, 0.77079, 0.72973, 0.75893
0.50642, 0.61834, 0.77753, 0.72072, 0.75893
0.50100, 0.61279, 0.76854, 0.71171, 0.75893
0.51168, 0.59640, 0.75843, 0.71171, 0.70536
0.51144, 0.58509, 0.76966, 0.70270, 0.73214
0.50843, 0.60393, 0.76854, 0.72072, 0.75000
0.50624, 0.60336, 0.77191, 0.72072, 0.75893
0.51203, 0.59904, 0.73034, 0.70270, 0.67857
0.52161, 0.60541, 0.77416, 0.70270, 0.75893
0.49307, 0.61980, 0.77191, 0.71171, 0.75000
0.50103, 0.64156, 0.76517, 0.70270, 0.75893
0.50142, 0.59403, 0.77416, 0.70270, 0.72321
0.49961, 0.60915, 0.76629, 0.69369, 0.75000
0.49656, 0.69690, 0.75506, 0.67568, 0.74107
0.49953, 0.61350, 0.77528, 0.72973, 0.75893
----------------------------------------------------------------------------------------------------------------------------
0.66088, 0.69874, 0.63034, 0.53153, 0.63393
0.63486, 0.67553, 0.65955, 0.55856, 0.64286
0.63058, 0.63251, 0.68427, 0.67568, 0.57143
0.60551, 0.65365, 0.68427, 0.62162, 0.69643
0.59573, 0.61270, 0.70562, 0.66667, 0.58929
0.59140, 0.60242, 0.69888, 0.68468, 0.63393
0.58249, 0.60112, 0.69775, 0.65766, 0.64286
0.57744, 0.63577, 0.69101, 0.64865, 0.65179
0.57254, 0.62348, 0.69775, 0.65766, 0.65179
0.57059, 0.57522, 0.71910, 0.68468, 0.65179
0.56385, 0.56078, 0.72697, 0.72973, 0.66071
0.56617, 0.56022, 0.72584, 0.72973, 0.65179
0.55629, 0.57408, 0.72584, 0.70270, 0.65179
0.55548, 0.58611, 0.71573, 0.66667, 0.66071
0.55013, 0.58808, 0.72360, 0.68468, 0.62500
0.55083, 0.59066, 0.71348, 0.66667, 0.66071
0.55234, 0.55327, 0.70449, 0.76577, 0.61607
0.54628, 0.55816, 0.72584, 0.69369, 0.65179
0.55175, 0.58996, 0.72472, 0.67568, 0.65179
0.54063, 0.55233, 0.72697, 0.70270, 0.66071
0.54716, 0.58555, 0.72247, 0.66667, 0.64286
0.55423, 0.55661, 0.72921, 0.72072, 0.62500
0.54517, 0.58931, 0.72360, 0.66667, 0.65179
0.53913, 0.64680, 0.71910, 0.63964, 0.65179
0.55130, 0.55202, 0.73596, 0.69369, 0.63393
0.54668, 0.58663, 0.73820, 0.67568, 0.66071
0.53730, 0.56004, 0.73258, 0.69369, 0.66071
0.53322, 0.60656, 0.72022, 0.64865, 0.66071
0.53363, 0.54615, 0.71236, 0.72973, 0.63393
0.53854, 0.55260, 0.73708, 0.69369, 0.65179
0.53397, 0.56745, 0.74494, 0.68468, 0.66964
0.53009, 0.57512, 0.74607, 0.67568, 0.66964
0.53161, 0.57185, 0.74831, 0.68468, 0.64286
0.53771, 0.60861, 0.73708, 0.65766, 0.67857
0.53037, 0.59427, 0.73258, 0.66667, 0.67857
0.53283, 0.55890, 0.74045, 0.68468, 0.65179
0.52735, 0.54247, 0.74607, 0.71171, 0.62500
0.52960, 0.58944, 0.73258, 0.66667, 0.66964
0.53703, 0.54179, 0.74382, 0.72072, 0.63393
0.54335, 0.65717, 0.72472, 0.61261, 0.65179
0.52878, 0.57481, 0.73708, 0.70270, 0.66071
0.52028, 0.61487, 0.73483, 0.65766, 0.66071
0.52856, 0.61603, 0.73596, 0.64865, 0.66071
0.52330, 0.54768, 0.74607, 0.71171, 0.65179
0.51987, 0.56245, 0.74382, 0.68468, 0.65179
0.51723, 0.55966, 0.75169, 0.71171, 0.66964
0.51821, 0.58955, 0.74157, 0.66667, 0.66964
0.51897, 0.57120, 0.75393, 0.67568, 0.65179
0.53075, 0.55565, 0.75393, 0.72072, 0.64286
0.53367, 0.54611, 0.73820, 0.72973, 0.62500
0.52184, 0.55126, 0.74944, 0.72072, 0.64286
0.51647, 0.55129, 0.75393, 0.71171, 0.64286
0.51315, 0.62626, 0.74157, 0.64865, 0.64286
0.51703, 0.57216, 0.74831, 0.69369, 0.66071
0.51299, 0.58176, 0.75169, 0.68468, 0.64286
0.51217, 0.58910, 0.75056, 0.65766, 0.66071
0.51843, 0.55291, 0.75730, 0.70270, 0.65179
0.51801, 0.56973, 0.75281, 0.70270, 0.66071
0.51125, 0.54993, 0.75281, 0.72973, 0.65179
----------------------------------------------------------------------------------------------------------------------------
0.69428, 0.67651, 0.61798, 0.58559, 0.58929
0.65155, 0.67708, 0.61124, 0.58559, 0.58929
0.64114, 0.63440, 0.67416, 0.65766, 0.64286
0.62490, 0.64194, 0.67416, 0.62162, 0.66071
0.62198, 0.63806, 0.68652, 0.64865, 0.66964
0.60854, 0.63642, 0.68764, 0.65766, 0.69643
0.59303, 0.61050, 0.71461, 0.68468, 0.75000
0.59980, 0.67685, 0.67865, 0.61261, 0.67857
0.59089, 0.61545, 0.71910, 0.69369, 0.76786
0.57855, 0.59532, 0.70337, 0.69369, 0.69643
0.58434, 0.60129, 0.72360, 0.65766, 0.74107
0.57264, 0.60476, 0.70787, 0.65766, 0.73214
0.57164, 0.61610, 0.69438, 0.65766, 0.74107
0.56289, 0.64216, 0.69101, 0.64865, 0.73214
0.58830, 0.56913, 0.70562, 0.75676, 0.70536
0.57639, 0.59445, 0.71798, 0.70270, 0.73214
0.56490, 0.61642, 0.70225, 0.65766, 0.72321
0.56412, 0.57542, 0.72921, 0.71171, 0.74107
0.56110, 0.57142, 0.72135, 0.68468, 0.72321
0.56330, 0.61932, 0.70225, 0.64865, 0.73214
0.57083, 0.57409, 0.72809, 0.68468, 0.75000
0.55260, 0.57142, 0.72584, 0.70270, 0.74107
0.55520, 0.57557, 0.73034, 0.69369, 0.74107
0.55074, 0.55407, 0.72360, 0.73874, 0.70536
0.54694, 0.57086, 0.72135, 0.70270, 0.73214
0.56101, 0.56653, 0.73258, 0.69369, 0.73214
0.54736, 0.55456, 0.72022, 0.74775, 0.70536
0.55859, 0.58767, 0.72135, 0.66667, 0.73214
0.54664, 0.55109, 0.73258, 0.72072, 0.70536
0.54672, 0.55463, 0.73371, 0.69369, 0.72321
0.54148, 0.56133, 0.73258, 0.71171, 0.72321
0.54487, 0.59170, 0.72809, 0.67568, 0.74107
0.54344, 0.59054, 0.72921, 0.67568, 0.73214
0.54574, 0.54240, 0.72247, 0.75676, 0.72321
0.56315, 0.58734, 0.72584, 0.66667, 0.75000
0.53845, 0.57643, 0.72472, 0.66667, 0.72321
0.53966, 0.54671, 0.73933, 0.71171, 0.70536
0.53595, 0.54213, 0.73820, 0.70270, 0.70536
0.53988, 0.58345, 0.73034, 0.66667, 0.73214
0.54019, 0.55954, 0.73483, 0.71171, 0.73214
0.53392, 0.61828, 0.72135, 0.63964, 0.72321
0.53929, 0.57801, 0.73371, 0.66667, 0.74107
0.53771, 0.53500, 0.72022, 0.79279, 0.72321
0.54225, 0.54599, 0.73371, 0.67568, 0.74107
0.52506, 0.61604, 0.71685, 0.64865, 0.73214
0.54244, 0.54430, 0.73146, 0.74775, 0.72321
0.53274, 0.53097, 0.74382, 0.72072, 0.72321
0.53072, 0.54495, 0.74157, 0.70270, 0.72321
0.53518, 0.57350, 0.73820, 0.66667, 0.71429
0.53015, 0.54392, 0.74045, 0.75676, 0.70536
0.52325, 0.57955, 0.72809, 0.65766, 0.73214
0.52674, 0.58168, 0.73146, 0.67568, 0.71429
0.52437, 0.57196, 0.73708, 0.68468, 0.71429
0.52748, 0.57817, 0.73933, 0.69369, 0.70536
0.52132, 0.54419, 0.73820, 0.66667, 0.71429
0.52997, 0.53760, 0.73933, 0.68468, 0.73214
0.52381, 0.51942, 0.74382, 0.73874, 0.71429
0.53416, 0.61972, 0.72809, 0.63964, 0.75000
0.52972, 0.56518, 0.74045, 0.69369, 0.71429
0.51801, 0.54562, 0.74382, 0.69369, 0.74107
0.51483, 0.55728, 0.74382, 0.69369, 0.71429
0.51800, 0.55056, 0.74270, 0.70270, 0.71429
0.51930, 0.55752, 0.74157, 0.69369, 0.73214
0.51526, 0.53062, 0.73820, 0.70270, 0.74107
0.51580, 0.54251, 0.74382, 0.69369, 0.75000
0.52095, 0.53254, 0.74494, 0.69369, 0.75893
0.53000, 0.59585, 0.72809, 0.67568, 0.73214
0.51625, 0.55073, 0.73933, 0.71171, 0.71429
0.51228, 0.55572, 0.74494, 0.67568, 0.75000
0.51796, 0.56796, 0.74157, 0.66667, 0.73214
0.51078, 0.55998, 0.74270, 0.71171, 0.71429
0.51073, 0.53728, 0.73933, 0.71171, 0.74107
0.51111, 0.63797, 0.73146, 0.65766, 0.74107
0.52161, 0.51014, 0.74944, 0.72973, 0.71429
0.52245, 0.54566, 0.74719, 0.68468, 0.75000
0.51565, 0.50699, 0.75618, 0.73874, 0.72321
0.51223, 0.51416, 0.71685, 0.77477, 0.75000
0.51611, 0.54593, 0.75618, 0.66667, 0.75000
0.50549, 0.51895, 0.76629, 0.71171, 0.74107
0.50439, 0.57223, 0.73146, 0.72072, 0.75000
0.51139, 0.62926, 0.73483, 0.66667, 0.74107
0.50941, 0.57034, 0.73933, 0.66667, 0.73214
0.50290, 0.54666, 0.74045, 0.70270, 0.72321
0.50024, 0.53690, 0.74270, 0.71171, 0.74107
0.50797, 0.51376, 0.75618, 0.70270, 0.76786
0.50597, 0.51998, 0.75730, 0.69369, 0.75893
0.50191, 0.52125, 0.73708, 0.72072, 0.75000
0.51065, 0.52243, 0.76292, 0.69369, 0.75893
0.49987, 0.52813, 0.75506, 0.66667, 0.75000
0.50008, 0.49090, 0.75056, 0.76577, 0.75893
0.49680, 0.51209, 0.76292, 0.70270, 0.75000
0.49394, 0.55215, 0.76067, 0.66667, 0.72321
0.49301, 0.50131, 0.76517, 0.71171, 0.74107
0.49485, 0.51006, 0.76966, 0.70270, 0.75893
0.48914, 0.51321, 0.76404, 0.73874, 0.73214
0.49454, 0.49359, 0.76404, 0.74775, 0.75893
0.48949, 0.52115, 0.77640, 0.69369, 0.75000
0.48591, 0.56072, 0.75843, 0.70270, 0.75000
0.49511, 0.49044, 0.76404, 0.74775, 0.75000
0.49111, 0.52064, 0.76517, 0.66667, 0.76786
0.49487, 0.50859, 0.77640, 0.70270, 0.75000
0.48527, 0.51030, 0.76292, 0.72973, 0.75000
0.49622, 0.49729, 0.76966, 0.77477, 0.74107
0.48078, 0.49258, 0.76629, 0.67568, 0.74107
0.48671, 0.54474, 0.77303, 0.71171, 0.71429
0.48978, 0.47631, 0.76292, 0.72973, 0.74107
0.48658, 0.51057, 0.76517, 0.73874, 0.74107
0.48240, 0.52150, 0.78090, 0.70270, 0.72321
0.48730, 0.49890, 0.76629, 0.74775, 0.72321
0.48657, 0.54390, 0.77753, 0.70270, 0.74107
0.48155, 0.52635, 0.75730, 0.71171, 0.76786
0.47832, 0.49203, 0.78090, 0.71171, 0.70536
0.47606, 0.48933, 0.78202, 0.72973, 0.72321
0.47797, 0.51988, 0.76629, 0.72072, 0.75000
0.48173, 0.55211, 0.76742, 0.68468, 0.76786
0.47724, 0.49363, 0.78989, 0.70270, 0.77679
0.47970, 0.48739, 0.77978, 0.71171, 0.73214
0.47225, 0.50272, 0.78652, 0.71171, 0.76786
0.47132, 0.53161, 0.76404, 0.70270, 0.78571
0.47022, 0.52115, 0.77978, 0.70270, 0.78571
0.47104, 0.49499, 0.77528, 0.74775, 0.70536
0.47273, 0.51271, 0.77640, 0.72072, 0.76786
0.47763, 0.47780, 0.77079, 0.76577, 0.68750
0.47044, 0.54479, 0.77528, 0.72072, 0.75893
0.46732, 0.50491, 0.78315, 0.71171, 0.77679
0.47384, 0.55423, 0.77303, 0.72072, 0.75000
============================================================================================================================
Namespace(pooling='dlspool', batch_size=32, lr=0.0001, epochs=200, pool_ratio=0.5, dataset='PROTEINS', edges=False, runs=10, logging='logs/26_03_24/lspool_maxabs_proteins', config='config/config.json', patience=20, seeds='config/seeds'); _CudaDeviceProperties(name='NVIDIA GeForce RTX 4060 Ti', major=8, minor=9, total_memory=16379MB, multi_processor_count=34); {'hidden_features': 128, 'nonlinearity': 'elu', 'p_dropout': 0.0, 'conv_layer': 'GraphConv', 'pre_gnn': [64, 128], 'post_gnn': [128, 64], 'pre_pool_convs': 1, 'post_pool_convs': 1} 
----------------------------------------------------------------------------------------------------------------------------
2.56505, 0.77372, 0.62360, 0.64865, 0.72321
0.62094, 0.55667, 0.74944, 0.72072, 0.70536
0.53359, 0.59401, 0.74382, 0.72973, 0.73214
0.58748, 0.54521, 0.75730, 0.73874, 0.72321
0.54310, 0.58091, 0.72921, 0.67568, 0.68750
0.54091, 0.56537, 0.75056, 0.70270, 0.71429
0.53356, 0.55097, 0.74494, 0.73874, 0.72321
0.53540, 0.54069, 0.76404, 0.71171, 0.73214
0.52734, 0.55459, 0.75730, 0.72973, 0.74107
0.51876, 0.55002, 0.75843, 0.72072, 0.71429
0.53418, 0.53337, 0.76854, 0.75676, 0.73214
0.51959, 0.56384, 0.75730, 0.73874, 0.74107
0.52175, 0.53033, 0.75618, 0.75676, 0.70536
0.52081, 0.56714, 0.74157, 0.70270, 0.67857
0.55777, 0.53870, 0.76629, 0.72973, 0.69643
0.50224, 0.55118, 0.76854, 0.72973, 0.74107
0.49717, 0.58415, 0.75506, 0.72973, 0.75000
0.50803, 0.56690, 0.76517, 0.73874, 0.76786
0.55486, 0.60498, 0.75506, 0.72072, 0.75000
0.50410, 0.56685, 0.76292, 0.70270, 0.74107
0.59053, 1.07164, 0.70337, 0.69369, 0.77679
0.68029, 0.57326, 0.76966, 0.72973, 0.75000
0.52930, 0.57573, 0.74270, 0.72072, 0.74107
0.51971, 0.70080, 0.73034, 0.69369, 0.76786
0.54121, 0.55631, 0.73708, 0.75676, 0.67857
0.51236, 0.56236, 0.75056, 0.70270, 0.67857
0.51930, 0.56792, 0.76966, 0.74775, 0.75000
0.50794, 0.56017, 0.76854, 0.74775, 0.75000
0.49782, 0.56816, 0.76180, 0.73874, 0.73214
0.50368, 0.55136, 0.75393, 0.71171, 0.70536
0.54040, 0.61749, 0.75169, 0.71171, 0.74107
0.50620, 0.54278, 0.77079, 0.72072, 0.75893
0.51321, 0.53473, 0.77079, 0.74775, 0.72321
----------------------------------------------------------------------------------------------------------------------------
1.72258, 0.70992, 0.61011, 0.63964, 0.57143
0.62282, 0.53253, 0.70112, 0.73874, 0.69643
0.55194, 0.53120, 0.74831, 0.74775, 0.73214
0.53866, 0.52463, 0.74607, 0.77477, 0.68750
0.52586, 0.53620, 0.74607, 0.74775, 0.69643
0.53244, 0.56887, 0.74382, 0.74775, 0.68750
0.55112, 0.50202, 0.74719, 0.76577, 0.71429
0.56709, 0.49111, 0.75506, 0.75676, 0.75000
0.55186, 0.50110, 0.75843, 0.79279, 0.68750
0.51680, 0.48958, 0.76404, 0.76577, 0.72321
0.51283, 0.49366, 0.75169, 0.75676, 0.70536
0.55663, 0.61402, 0.61798, 0.64865, 0.65179
0.58220, 0.49184, 0.75393, 0.77477, 0.68750
0.55164, 0.63956, 0.74045, 0.71171, 0.62500
0.54088, 0.48087, 0.76404, 0.76577, 0.68750
0.51632, 0.51596, 0.74831, 0.78378, 0.67857
0.54488, 0.51921, 0.74045, 0.78378, 0.72321
0.51187, 0.49150, 0.75843, 0.77477, 0.69643
0.50122, 0.50240, 0.76067, 0.77477, 0.69643
0.50620, 0.48062, 0.76629, 0.79279, 0.69643
0.50423, 0.48172, 0.77191, 0.76577, 0.69643
0.50096, 0.47810, 0.76292, 0.76577, 0.69643
0.49277, 0.50214, 0.76404, 0.78378, 0.74107
0.50634, 0.48581, 0.75955, 0.75676, 0.69643
0.51414, 0.48353, 0.76404, 0.79279, 0.69643
0.50016, 0.46575, 0.77528, 0.77477, 0.69643
0.50881, 0.63077, 0.74382, 0.74775, 0.63393
0.51077, 0.47225, 0.76854, 0.75676, 0.69643
0.52502, 0.52796, 0.74494, 0.74775, 0.66071
0.50834, 0.49344, 0.76180, 0.76577, 0.71429
0.52253, 0.47744, 0.77079, 0.78378, 0.75000
0.49310, 0.46773, 0.76292, 0.75676, 0.71429
0.49220, 0.47720, 0.76966, 0.78378, 0.67857
0.48831, 0.46669, 0.76292, 0.77477, 0.66964
0.48165, 0.46957, 0.77753, 0.76577, 0.70536
0.49369, 0.48907, 0.76742, 0.78378, 0.67857
0.52106, 0.51707, 0.75843, 0.75676, 0.66071
0.49340, 0.49401, 0.75955, 0.79279, 0.69643
0.50267, 0.50981, 0.75955, 0.76577, 0.68750
0.49480, 0.47149, 0.76966, 0.77477, 0.69643
0.49338, 0.45137, 0.78202, 0.77477, 0.71429
0.47940, 0.46410, 0.77753, 0.79279, 0.69643
0.52934, 0.55438, 0.74831, 0.75676, 0.66071
0.59058, 0.57061, 0.71348, 0.75676, 0.73214
0.50629, 0.50894, 0.75955, 0.76577, 0.67857
0.50345, 0.50366, 0.75955, 0.76577, 0.67857
0.47804, 0.46968, 0.77528, 0.76577, 0.69643
0.47983, 0.46272, 0.78427, 0.73874, 0.68750
0.48169, 0.49608, 0.76517, 0.77477, 0.66964
0.47557, 0.50169, 0.76180, 0.77477, 0.69643
0.47825, 0.55825, 0.76180, 0.74775, 0.71429
0.48224, 0.51604, 0.77416, 0.75676, 0.74107
0.48153, 0.46067, 0.78764, 0.76577, 0.71429
0.46955, 0.48457, 0.77865, 0.74775, 0.70536
0.47182, 0.45366, 0.78090, 0.76577, 0.69643
0.48377, 0.49374, 0.77865, 0.75676, 0.69643
0.54779, 0.47709, 0.77303, 0.77477, 0.72321
0.52583, 0.49463, 0.75506, 0.77477, 0.71429
0.47713, 0.46411, 0.76742, 0.77477, 0.70536
0.47156, 0.45240, 0.78539, 0.79279, 0.70536
0.47578, 0.46048, 0.77191, 0.77477, 0.70536
----------------------------------------------------------------------------------------------------------------------------
1.23586, 0.57293, 0.68427, 0.72072, 0.77679
0.60323, 0.55527, 0.72247, 0.72973, 0.84821
0.57764, 0.52393, 0.72921, 0.73874, 0.86607
0.54731, 0.53606, 0.73258, 0.72072, 0.85714
0.54618, 0.53597, 0.72697, 0.73874, 0.83929
0.56148, 0.59262, 0.71685, 0.67568, 0.77679
0.53283, 0.53080, 0.73371, 0.77477, 0.85714
0.52447, 0.53222, 0.74382, 0.75676, 0.84821
0.53119, 0.53057, 0.74494, 0.75676, 0.87500
0.52456, 0.53552, 0.73371, 0.73874, 0.84821
0.52890, 0.55198, 0.73371, 0.72973, 0.83929
0.53270, 0.54960, 0.74944, 0.75676, 0.82143
0.53921, 0.54344, 0.73258, 0.72973, 0.85714
0.52402, 0.55255, 0.73820, 0.72072, 0.86607
0.52138, 0.60671, 0.73371, 0.71171, 0.79464
0.51806, 0.54460, 0.74382, 0.73874, 0.83929
0.58461, 0.56432, 0.74719, 0.74775, 0.83929
0.53388, 0.53091, 0.74944, 0.76577, 0.83929
0.64692, 0.64841, 0.72247, 0.72072, 0.80357
0.63713, 0.60292, 0.72809, 0.73874, 0.81250
0.53869, 0.52289, 0.73933, 0.74775, 0.83036
0.53893, 0.53360, 0.73596, 0.74775, 0.83929
0.54481, 0.52762, 0.73820, 0.76577, 0.84821
0.51454, 0.55137, 0.75730, 0.72973, 0.83929
0.51351, 0.53159, 0.75618, 0.77477, 0.80357
0.53138, 0.54514, 0.73371, 0.72973, 0.85714
0.52903, 0.56178, 0.75730, 0.76577, 0.83929
0.54439, 0.62578, 0.71573, 0.66667, 0.74107
0.56538, 0.66693, 0.67640, 0.60360, 0.72321
0.60826, 0.67234, 0.68315, 0.58559, 0.75893
0.54324, 0.56347, 0.75056, 0.72973, 0.81250
0.51928, 0.55452, 0.74944, 0.74775, 0.86607
0.51071, 0.58039, 0.76067, 0.72973, 0.83929
0.51800, 0.54653, 0.75281, 0.77477, 0.83929
0.51417, 0.64674, 0.71798, 0.67568, 0.77679
0.50912, 0.56100, 0.74270, 0.72072, 0.83929
0.52046, 0.56391, 0.73820, 0.72973, 0.84821
0.53345, 0.62572, 0.72360, 0.73874, 0.81250
0.58739, 0.56473, 0.74382, 0.73874, 0.86607
0.50231, 0.56085, 0.75393, 0.78378, 0.83036
0.50849, 0.60310, 0.74607, 0.74775, 0.84821
----------------------------------------------------------------------------------------------------------------------------
1.23586, 0.57293, 0.68427, 0.72072, 0.77679
0.60323, 0.55527, 0.72247, 0.72973, 0.84821
0.57764, 0.52393, 0.72921, 0.73874, 0.86607
0.54731, 0.53606, 0.73258, 0.72072, 0.85714
0.54618, 0.53597, 0.72697, 0.73874, 0.83929
0.56148, 0.59262, 0.71685, 0.67568, 0.77679
0.53283, 0.53080, 0.73371, 0.77477, 0.85714
0.52447, 0.53222, 0.74382, 0.75676, 0.84821
0.53119, 0.53057, 0.74494, 0.75676, 0.87500
0.52456, 0.53552, 0.73371, 0.73874, 0.84821
0.52890, 0.55198, 0.73371, 0.72973, 0.83929
0.53270, 0.54960, 0.74944, 0.75676, 0.82143
0.53921, 0.54344, 0.73258, 0.72973, 0.85714
0.52402, 0.55255, 0.73820, 0.72072, 0.86607
0.52138, 0.60671, 0.73371, 0.71171, 0.79464
0.51806, 0.54460, 0.74382, 0.73874, 0.83929
0.58460, 0.56431, 0.74719, 0.74775, 0.83929
0.53388, 0.53091, 0.74944, 0.76577, 0.83929
0.64691, 0.64843, 0.72247, 0.72072, 0.80357
0.63727, 0.60316, 0.72809, 0.73874, 0.81250
0.53871, 0.52295, 0.73933, 0.74775, 0.83036
0.53893, 0.53361, 0.73483, 0.74775, 0.83929
0.54484, 0.52762, 0.73820, 0.76577, 0.84821
0.51453, 0.55134, 0.75730, 0.72973, 0.83929
0.51351, 0.53158, 0.75618, 0.77477, 0.80357
0.53154, 0.54505, 0.73258, 0.72973, 0.85714
0.52880, 0.56035, 0.75618, 0.74775, 0.84821
0.54459, 0.62650, 0.71124, 0.66667, 0.75000
0.56578, 0.66753, 0.67416, 0.60360, 0.72321
0.60718, 0.68340, 0.67191, 0.57658, 0.72321
0.54026, 0.57105, 0.75506, 0.73874, 0.81250
0.51917, 0.55298, 0.74494, 0.76577, 0.84821
0.50821, 0.58931, 0.76067, 0.72973, 0.83929
0.53220, 0.56705, 0.75393, 0.78378, 0.83036
0.51657, 0.66560, 0.71011, 0.64865, 0.75893
0.50720, 0.55594, 0.74607, 0.72072, 0.84821
0.52216, 0.56255, 0.73820, 0.72973, 0.83036
0.53098, 0.61725, 0.72247, 0.72973, 0.81250
0.57385, 0.57547, 0.74270, 0.74775, 0.85714
0.50577, 0.56087, 0.75506, 0.76577, 0.81250
0.50701, 0.59819, 0.74719, 0.75676, 0.83929
----------------------------------------------------------------------------------------------------------------------------
0.89811, 0.58658, 0.71910, 0.73874, 0.68750
0.58334, 0.65261, 0.74719, 0.72973, 0.71429
0.55803, 0.66058, 0.74494, 0.72973, 0.70536
0.55951, 0.70445, 0.74270, 0.70270, 0.71429
0.52192, 0.53660, 0.75730, 0.75676, 0.70536
0.53158, 0.64714, 0.74719, 0.72072, 0.69643
0.53006, 0.52791, 0.76067, 0.76577, 0.72321
0.56039, 0.72800, 0.75056, 0.69369, 0.71429
0.52398, 0.59693, 0.76742, 0.72973, 0.68750
0.50298, 0.58569, 0.76854, 0.75676, 0.68750
0.52326, 0.72165, 0.74270, 0.69369, 0.71429
0.59430, 0.63088, 0.75955, 0.75676, 0.68750
0.55459, 0.63975, 0.76067, 0.72973, 0.69643
0.53129, 0.57725, 0.76742, 0.74775, 0.68750
0.50033, 0.54674, 0.77079, 0.75676, 0.66964
0.49182, 0.53377, 0.77640, 0.75676, 0.72321
0.49042, 0.54114, 0.77640, 0.74775, 0.68750
0.50163, 0.58143, 0.76517, 0.74775, 0.68750
0.52024, 0.53601, 0.76629, 0.81081, 0.66071
0.50498, 0.69872, 0.75618, 0.69369, 0.72321
0.55464, 0.53086, 0.77303, 0.76577, 0.70536
0.49458, 0.55519, 0.77416, 0.73874, 0.72321
0.49426, 0.72765, 0.75618, 0.70270, 0.72321
0.49577, 0.64178, 0.76629, 0.69369, 0.73214
0.49213, 0.54186, 0.69551, 0.77477, 0.60714
0.53954, 0.55293, 0.78090, 0.78378, 0.65179
0.49390, 0.54983, 0.77528, 0.79279, 0.64286
----------------------------------------------------------------------------------------------------------------------------
1.44671, 0.89790, 0.70562, 0.68468, 0.63393
0.64398, 0.61311, 0.62584, 0.60360, 0.62500
0.57992, 0.57181, 0.68876, 0.66667, 0.70536
0.56776, 0.55383, 0.73146, 0.73874, 0.71429
0.54703, 0.55660, 0.75393, 0.78378, 0.68750
0.54104, 0.51953, 0.74270, 0.74775, 0.74107
0.55080, 0.52149, 0.73933, 0.75676, 0.72321
0.53899, 0.60878, 0.74831, 0.72072, 0.68750
0.53456, 0.50972, 0.75843, 0.78378, 0.70536
0.54071, 0.51734, 0.75618, 0.78378, 0.69643
0.55233, 0.58378, 0.75056, 0.73874, 0.67857
0.57896, 0.49983, 0.75281, 0.77477, 0.70536
0.51333, 0.48972, 0.75955, 0.76577, 0.73214
0.53471, 0.51329, 0.72135, 0.75676, 0.72321
0.50400, 0.47735, 0.76742, 0.77477, 0.73214
0.50527, 0.47754, 0.76180, 0.78378, 0.68750
0.50500, 0.48884, 0.75730, 0.77477, 0.72321
0.51874, 0.47047, 0.76404, 0.76577, 0.72321
0.50136, 0.47736, 0.77528, 0.78378, 0.73214
0.51228, 0.47415, 0.76742, 0.79279, 0.68750
0.50976, 0.48311, 0.76629, 0.76577, 0.73214
0.51532, 0.47113, 0.75955, 0.76577, 0.69643
0.50232, 0.51242, 0.73483, 0.72973, 0.71429
0.51342, 0.55301, 0.68090, 0.70270, 0.67857
0.57328, 0.46457, 0.77753, 0.79279, 0.72321
0.51717, 0.47360, 0.76854, 0.78378, 0.69643
0.50883, 0.46235, 0.77303, 0.79279, 0.70536
0.49833, 0.47228, 0.76742, 0.79279, 0.73214
0.50164, 0.45780, 0.77640, 0.78378, 0.74107
0.50523, 0.46493, 0.76629, 0.79279, 0.70536
0.49841, 0.48133, 0.75843, 0.75676, 0.70536
0.52228, 0.46863, 0.76292, 0.77477, 0.71429
0.52520, 0.48044, 0.76180, 0.74775, 0.71429
0.49201, 0.48850, 0.75843, 0.76577, 0.71429
0.50351, 0.45599, 0.77303, 0.78378, 0.74107
0.55793, 0.50410, 0.75056, 0.76577, 0.70536
0.51108, 0.48637, 0.76629, 0.76577, 0.72321
0.50596, 0.46474, 0.76629, 0.79279, 0.70536
0.49841, 0.45702, 0.77865, 0.76577, 0.72321
0.49702, 0.46498, 0.76180, 0.79279, 0.69643
0.51576, 0.45181, 0.76180, 0.80180, 0.71429
0.50100, 0.47536, 0.76404, 0.77477, 0.71429
0.51341, 0.45802, 0.78202, 0.80180, 0.71429
0.51072, 0.48460, 0.75393, 0.72973, 0.72321
0.49883, 0.46375, 0.77528, 0.79279, 0.71429
0.51180, 0.46508, 0.77865, 0.81982, 0.72321
0.48327, 0.44925, 0.77528, 0.80180, 0.72321
0.51931, 0.45210, 0.76742, 0.78378, 0.70536
0.50226, 0.50943, 0.75843, 0.75676, 0.70536
0.51288, 0.56953, 0.73820, 0.73874, 0.66071
0.50026, 0.45531, 0.77416, 0.80180, 0.71429
0.48607, 0.45533, 0.77528, 0.81081, 0.70536
0.47850, 0.52885, 0.75955, 0.75676, 0.69643
0.49026, 0.46695, 0.76742, 0.77477, 0.69643
0.48594, 0.46709, 0.76854, 0.79279, 0.70536
0.49342, 0.50127, 0.76292, 0.72973, 0.68750
0.48612, 0.46919, 0.78539, 0.81081, 0.72321
0.47678, 0.46728, 0.77079, 0.79279, 0.69643
0.48882, 0.49677, 0.76629, 0.73874, 0.70536
0.50338, 0.47628, 0.76517, 0.76577, 0.69643
0.48897, 0.45195, 0.78202, 0.80180, 0.72321
0.47954, 0.44033, 0.77079, 0.80180, 0.72321
0.48268, 0.47445, 0.76517, 0.76577, 0.69643
0.48958, 0.48559, 0.77191, 0.75676, 0.70536
0.47402, 0.45319, 0.77416, 0.80180, 0.69643
0.47392, 0.48715, 0.76854, 0.73874, 0.67857
0.47380, 0.44201, 0.78764, 0.79279, 0.73214
0.48522, 0.49719, 0.75056, 0.75676, 0.72321
0.51020, 0.45798, 0.78876, 0.78378, 0.73214
0.46848, 0.47325, 0.76854, 0.80180, 0.69643
0.47911, 0.47426, 0.76517, 0.75676, 0.68750
0.48649, 0.44194, 0.79326, 0.81081, 0.73214
0.46601, 0.46932, 0.76966, 0.75676, 0.69643
0.47478, 0.44668, 0.78090, 0.78378, 0.68750
0.47506, 0.45639, 0.77978, 0.79279, 0.69643
0.47132, 0.43447, 0.78876, 0.80180, 0.72321
0.47222, 0.44931, 0.78427, 0.81081, 0.72321
0.47412, 0.45355, 0.77528, 0.77477, 0.65179
0.46324, 0.43978, 0.79213, 0.82883, 0.72321
0.46964, 0.44628, 0.78652, 0.79279, 0.73214
0.46678, 0.45739, 0.79775, 0.79279, 0.71429
0.46071, 0.44806, 0.78989, 0.80180, 0.69643
0.46776, 0.46489, 0.76854, 0.79279, 0.70536
0.46749, 0.43600, 0.78989, 0.80180, 0.72321
0.50429, 0.47481, 0.76742, 0.74775, 0.67857
0.46665, 0.44873, 0.76517, 0.78378, 0.68750
0.47986, 0.43860, 0.79663, 0.81982, 0.71429
0.47314, 0.45687, 0.77865, 0.80180, 0.71429
0.48073, 0.44770, 0.78764, 0.80180, 0.72321
0.46824, 0.45316, 0.76742, 0.79279, 0.70536
0.46609, 0.44838, 0.80000, 0.80180, 0.68750
0.46927, 0.46364, 0.75955, 0.77477, 0.73214
0.46921, 0.43722, 0.78876, 0.80180, 0.70536
0.49150, 0.52698, 0.75169, 0.73874, 0.68750
0.47354, 0.47838, 0.76854, 0.77477, 0.70536
0.48109, 0.44409, 0.78764, 0.79279, 0.72321
----------------------------------------------------------------------------------------------------------------------------
0.73980, 0.63119, 0.67753, 0.72072, 0.64286
0.57870, 0.58626, 0.74270, 0.73874, 0.73214
0.57687, 0.57679, 0.69438, 0.68468, 0.70536
0.57647, 0.51840, 0.75056, 0.77477, 0.74107
0.55412, 0.50961, 0.75281, 0.79279, 0.75000
0.52942, 0.54135, 0.74719, 0.75676, 0.74107
0.53652, 0.49440, 0.74607, 0.80180, 0.74107
0.51108, 0.57179, 0.73483, 0.73874, 0.74107
0.57740, 0.73478, 0.62135, 0.54955, 0.66964
0.58810, 0.50415, 0.75618, 0.80180, 0.75893
0.59975, 0.60953, 0.73820, 0.74775, 0.74107
0.53176, 0.51517, 0.74607, 0.77477, 0.74107
0.54058, 0.49379, 0.75169, 0.81081, 0.75893
0.55320, 0.48815, 0.75281, 0.79279, 0.76786
0.52045, 0.48962, 0.75843, 0.78378, 0.75000
0.51135, 0.47717, 0.75955, 0.80180, 0.75000
0.52414, 0.50002, 0.76180, 0.77477, 0.71429
0.54371, 0.47377, 0.75506, 0.81982, 0.75893
0.51877, 0.47628, 0.76517, 0.81081, 0.75893
0.52173, 0.48122, 0.75393, 0.74775, 0.73214
0.50059, 0.48875, 0.76067, 0.79279, 0.72321
0.51633, 0.45773, 0.76517, 0.80180, 0.77679
0.50476, 0.57915, 0.75393, 0.73874, 0.73214
0.54614, 0.55458, 0.73371, 0.76577, 0.69643
0.51024, 0.51309, 0.76180, 0.72072, 0.74107
0.51633, 0.47056, 0.76067, 0.79279, 0.74107
0.51096, 0.55811, 0.74382, 0.79279, 0.74107
0.52044, 0.47735, 0.75955, 0.80180, 0.75893
0.49260, 0.49396, 0.76966, 0.78378, 0.71429
0.53902, 0.51751, 0.75393, 0.73874, 0.73214
0.56470, 0.54772, 0.75281, 0.72973, 0.74107
0.52521, 0.46596, 0.75955, 0.78378, 0.73214
0.54535, 0.48132, 0.76629, 0.79279, 0.75000
0.49373, 0.46539, 0.76517, 0.78378, 0.74107
0.50545, 0.46835, 0.75843, 0.79279, 0.75893
0.49451, 0.46922, 0.76966, 0.81081, 0.74107
0.49318, 0.58970, 0.72921, 0.72072, 0.72321
0.53295, 0.53143, 0.76180, 0.73874, 0.73214
0.52823, 0.48370, 0.75506, 0.78378, 0.74107
0.50446, 0.48738, 0.77528, 0.79279, 0.72321
0.48783, 0.46830, 0.77865, 0.80180, 0.73214
0.49082, 0.47760, 0.77753, 0.80180, 0.74107
----------------------------------------------------------------------------------------------------------------------------
1.20997, 0.71728, 0.71011, 0.65766, 0.68750
0.62961, 0.59000, 0.74607, 0.74775, 0.72321
0.55293, 0.60073, 0.75955, 0.74775, 0.73214
0.53210, 0.59185, 0.75281, 0.73874, 0.73214
0.54493, 0.60119, 0.75506, 0.74775, 0.75893
0.58686, 0.58705, 0.72472, 0.70270, 0.75000
0.52864, 0.57721, 0.75281, 0.72072, 0.73214
0.51443, 0.57908, 0.73146, 0.74775, 0.72321
0.54107, 0.57112, 0.75955, 0.75676, 0.75893
0.52076, 0.65824, 0.75056, 0.73874, 0.75000
0.51803, 0.67256, 0.75618, 0.74775, 0.75000
0.49852, 0.57602, 0.76854, 0.74775, 0.75893
0.51834, 0.57499, 0.75618, 0.73874, 0.74107
0.50682, 0.59252, 0.76180, 0.76577, 0.74107
0.50708, 0.55830, 0.76742, 0.77477, 0.75000
0.51763, 0.59313, 0.76292, 0.75676, 0.73214
0.53921, 0.70898, 0.75056, 0.75676, 0.73214
0.54432, 0.66968, 0.69775, 0.66667, 0.66071
0.49656, 0.60371, 0.76292, 0.75676, 0.75000
0.52517, 0.65283, 0.70112, 0.69369, 0.71429
0.62619, 0.66440, 0.74831, 0.76577, 0.75893
0.53194, 0.64685, 0.76067, 0.75676, 0.75000
0.51038, 0.55549, 0.76180, 0.77477, 0.75000
0.50613, 0.57166, 0.77079, 0.75676, 0.77679
0.59210, 0.58138, 0.75281, 0.76577, 0.75000
0.51939, 0.70082, 0.74270, 0.73874, 0.73214
0.56180, 0.59542, 0.72809, 0.70270, 0.72321
0.53135, 0.67786, 0.75056, 0.74775, 0.74107
0.53092, 0.67584, 0.67191, 0.63063, 0.66964
0.51521, 0.59515, 0.76966, 0.76577, 0.78571
0.52628, 0.55989, 0.76966, 0.76577, 0.75000
0.54389, 0.57524, 0.76629, 0.78378, 0.76786
0.49591, 0.57282, 0.77191, 0.78378, 0.75893
0.48567, 0.57486, 0.76854, 0.78378, 0.75893
0.50950, 0.64667, 0.76067, 0.73874, 0.75000
0.57197, 0.58533, 0.75393, 0.69369, 0.75000
0.53224, 0.81738, 0.73258, 0.71171, 0.72321
0.60601, 0.66949, 0.75730, 0.73874, 0.76786
0.53831, 0.59148, 0.76404, 0.74775, 0.73214
0.50540, 0.58613, 0.76404, 0.73874, 0.77679
0.49429, 0.62215, 0.76404, 0.75676, 0.74107
0.58085, 0.72093, 0.63146, 0.60360, 0.57143
0.50236, 0.59886, 0.77416, 0.76577, 0.76786
----------------------------------------------------------------------------------------------------------------------------
0.89811, 0.58658, 0.71910, 0.73874, 0.68750
0.58334, 0.65261, 0.74719, 0.72973, 0.71429
0.55803, 0.66058, 0.74494, 0.72973, 0.70536
0.55951, 0.70445, 0.74270, 0.70270, 0.71429
0.52192, 0.53660, 0.75730, 0.75676, 0.70536
0.53158, 0.64714, 0.74719, 0.72072, 0.69643
0.53006, 0.52791, 0.76067, 0.76577, 0.72321
0.56039, 0.72801, 0.75056, 0.69369, 0.71429
0.52398, 0.59693, 0.76742, 0.72973, 0.68750
0.50298, 0.58569, 0.76854, 0.75676, 0.68750
0.52326, 0.72165, 0.74270, 0.69369, 0.71429
0.59430, 0.63088, 0.75955, 0.75676, 0.68750
0.55459, 0.63976, 0.76067, 0.72973, 0.69643
0.53129, 0.57725, 0.76742, 0.74775, 0.68750
0.50034, 0.54673, 0.77079, 0.75676, 0.66964
0.49182, 0.53376, 0.77640, 0.75676, 0.72321
0.49041, 0.54114, 0.77640, 0.74775, 0.68750
0.50156, 0.58124, 0.76517, 0.74775, 0.67857
0.52031, 0.53636, 0.76742, 0.81081, 0.66071
0.50488, 0.69815, 0.75618, 0.69369, 0.72321
0.55421, 0.53278, 0.77416, 0.77477, 0.70536
0.49413, 0.55531, 0.77640, 0.74775, 0.71429
0.49646, 0.73516, 0.75281, 0.69369, 0.72321
0.49734, 0.63657, 0.76854, 0.70270, 0.72321
0.49163, 0.54153, 0.69551, 0.77477, 0.59821
0.53578, 0.58620, 0.77753, 0.77477, 0.65179
0.51565, 0.55101, 0.75955, 0.81982, 0.64286
----------------------------------------------------------------------------------------------------------------------------
0.95301, 0.60550, 0.72584, 0.71171, 0.72321
0.60701, 0.52761, 0.72809, 0.74775, 0.74107
0.56116, 0.56465, 0.71798, 0.71171, 0.69643
0.57248, 0.71481, 0.73708, 0.67568, 0.75000
0.62228, 0.57826, 0.75281, 0.74775, 0.78571
0.53622, 0.59462, 0.69438, 0.72973, 0.66071
0.52889, 0.57452, 0.71573, 0.72072, 0.71429
0.53901, 0.60435, 0.73483, 0.69369, 0.75000
0.53732, 0.56226, 0.75393, 0.71171, 0.74107
0.54134, 0.47450, 0.73483, 0.77477, 0.74107
0.56679, 0.60391, 0.74270, 0.71171, 0.75000
0.54298, 0.53046, 0.76404, 0.72973, 0.78571
0.52896, 0.49445, 0.74944, 0.75676, 0.75893
0.52654, 0.64740, 0.73258, 0.70270, 0.76786
0.51934, 0.54332, 0.76292, 0.72973, 0.76786
0.51152, 0.53320, 0.76292, 0.73874, 0.77679
0.52666, 0.56334, 0.76180, 0.72973, 0.75893
0.54614, 0.53559, 0.75955, 0.73874, 0.77679
0.58101, 0.52763, 0.75506, 0.75676, 0.75893
0.55215, 0.78497, 0.72135, 0.68468, 0.73214
0.60370, 0.53728, 0.76629, 0.73874, 0.77679
0.51266, 0.56315, 0.74831, 0.74775, 0.78571
0.54088, 0.54825, 0.76180, 0.72072, 0.77679
0.52460, 0.56779, 0.76742, 0.71171, 0.75893
0.50676, 0.60599, 0.75393, 0.71171, 0.75893
0.52807, 0.56791, 0.75955, 0.72072, 0.75000
0.51114, 0.55532, 0.76854, 0.73874, 0.75893
0.51235, 0.57044, 0.76742, 0.72072, 0.76786
0.49528, 0.54645, 0.76180, 0.76577, 0.77679
0.50472, 0.56143, 0.75955, 0.74775, 0.75893
============================================================================================================================
Namespace(pooling='lspool', batch_size=32, lr=0.0001, epochs=200, pool_ratio=0.5, dataset='PROTEINS', edges=False, runs=10, logging='logs/26_03_24/lspool_maxabs_proteins', config='config/config.json', patience=20, seeds='config/seeds'); _CudaDeviceProperties(name='NVIDIA GeForce RTX 4060 Ti', major=8, minor=9, total_memory=16379MB, multi_processor_count=34); {'hidden_features': 128, 'nonlinearity': 'elu', 'p_dropout': 0.0, 'conv_layer': 'GraphConv', 'pre_gnn': [64, 128], 'post_gnn': [128, 64], 'pre_pool_convs': 1, 'post_pool_convs': 1} 
----------------------------------------------------------------------------------------------------------------------------
0.67583, 0.64476, 0.63596, 0.62162, 0.67857
0.64988, 0.61963, 0.65056, 0.63063, 0.71429
0.64030, 0.64336, 0.65618, 0.66667, 0.60714
0.63686, 0.60584, 0.67191, 0.71171, 0.75000
0.62062, 0.59501, 0.66854, 0.66667, 0.71429
0.61168, 0.59667, 0.69326, 0.70270, 0.65179
0.60485, 0.59603, 0.69438, 0.67568, 0.66071
0.60306, 0.58839, 0.70562, 0.69369, 0.68750
0.60746, 0.58711, 0.68539, 0.70270, 0.72321
0.59169, 0.57243, 0.69775, 0.69369, 0.69643
0.59846, 0.59362, 0.71461, 0.68468, 0.69643
0.59795, 0.56256, 0.70899, 0.69369, 0.68750
0.57554, 0.59049, 0.71124, 0.70270, 0.68750
0.58207, 0.60422, 0.69888, 0.67568, 0.65179
0.58783, 0.57938, 0.71348, 0.70270, 0.68750
0.58833, 0.60867, 0.71461, 0.71171, 0.66964
0.57445, 0.58608, 0.70787, 0.69369, 0.68750
0.57066, 0.57255, 0.70562, 0.69369, 0.70536
0.57090, 0.57801, 0.70787, 0.72072, 0.72321
0.56356, 0.57071, 0.71461, 0.71171, 0.68750
0.56490, 0.56598, 0.72022, 0.73874, 0.69643
0.56445, 0.56654, 0.72022, 0.73874, 0.70536
0.56524, 0.57077, 0.72472, 0.72072, 0.69643
0.56101, 0.56936, 0.71124, 0.72072, 0.70536
0.56465, 0.54457, 0.71798, 0.74775, 0.70536
0.56250, 0.57996, 0.70000, 0.72973, 0.71429
0.56312, 0.58561, 0.70899, 0.71171, 0.69643
0.55939, 0.56754, 0.73034, 0.73874, 0.71429
0.56837, 0.61986, 0.70225, 0.71171, 0.67857
0.56810, 0.56800, 0.72022, 0.72072, 0.71429
0.56594, 0.55408, 0.72472, 0.76577, 0.71429
0.55505, 0.58579, 0.72921, 0.72973, 0.68750
0.55223, 0.55851, 0.71685, 0.73874, 0.71429
0.55162, 0.56937, 0.71798, 0.72973, 0.70536
0.55121, 0.57385, 0.72584, 0.71171, 0.68750
0.54881, 0.57209, 0.70787, 0.71171, 0.72321
0.55285, 0.57500, 0.73034, 0.72973, 0.69643
0.55126, 0.56446, 0.73933, 0.72973, 0.70536
0.54230, 0.57034, 0.72022, 0.73874, 0.68750
0.54648, 0.58452, 0.73596, 0.70270, 0.70536
0.55102, 0.55234, 0.72921, 0.73874, 0.71429
0.56251, 0.59314, 0.72921, 0.72072, 0.72321
0.54568, 0.56160, 0.73596, 0.74775, 0.70536
0.54563, 0.55020, 0.72697, 0.73874, 0.68750
0.54535, 0.59762, 0.73708, 0.72072, 0.70536
----------------------------------------------------------------------------------------------------------------------------
0.68299, 0.63834, 0.59775, 0.61261, 0.57143
0.65132, 0.64717, 0.65506, 0.64865, 0.62500
0.61942, 0.61290, 0.66517, 0.63063, 0.61607
0.62575, 0.60195, 0.68764, 0.65766, 0.68750
0.60597, 0.58807, 0.68427, 0.68468, 0.67857
0.60797, 0.60471, 0.69888, 0.72072, 0.73214
0.60039, 0.57893, 0.70112, 0.72973, 0.66964
0.59361, 0.60310, 0.69326, 0.68468, 0.73214
0.58694, 0.57665, 0.70787, 0.70270, 0.67857
0.58482, 0.57781, 0.70337, 0.72072, 0.68750
0.58273, 0.57959, 0.68764, 0.71171, 0.66071
0.58263, 0.61231, 0.67416, 0.69369, 0.66964
0.58575, 0.56839, 0.70899, 0.71171, 0.66964
0.57613, 0.58160, 0.67753, 0.70270, 0.66071
0.58080, 0.55429, 0.70449, 0.71171, 0.67857
0.58436, 0.59117, 0.69551, 0.73874, 0.67857
0.58219, 0.55048, 0.71124, 0.70270, 0.69643
0.56996, 0.55987, 0.72022, 0.68468, 0.68750
0.56407, 0.56376, 0.71461, 0.70270, 0.67857
0.56639, 0.54906, 0.71910, 0.72072, 0.67857
0.56783, 0.55525, 0.72247, 0.70270, 0.67857
0.56822, 0.55814, 0.72135, 0.71171, 0.70536
0.56366, 0.56496, 0.71910, 0.69369, 0.66964
0.56393, 0.54710, 0.72247, 0.67568, 0.68750
0.57464, 0.59888, 0.69213, 0.69369, 0.75000
0.57623, 0.52389, 0.70899, 0.72072, 0.71429
0.55987, 0.52872, 0.71685, 0.73874, 0.69643
0.55696, 0.52142, 0.71573, 0.69369, 0.72321
0.55691, 0.53122, 0.72360, 0.69369, 0.73214
0.56251, 0.53496, 0.71461, 0.74775, 0.72321
0.56661, 0.51823, 0.71685, 0.72973, 0.70536
0.55777, 0.50852, 0.72247, 0.72072, 0.73214
0.55784, 0.50583, 0.73146, 0.73874, 0.75000
0.55504, 0.51863, 0.70562, 0.73874, 0.67857
0.55615, 0.50767, 0.70674, 0.73874, 0.71429
0.55942, 0.51604, 0.72135, 0.72973, 0.73214
0.55175, 0.49956, 0.72809, 0.72973, 0.73214
0.54872, 0.50202, 0.72697, 0.72973, 0.73214
0.55013, 0.49690, 0.72697, 0.72973, 0.73214
0.55576, 0.50358, 0.72809, 0.72072, 0.72321
0.54970, 0.51809, 0.72360, 0.72973, 0.71429
0.55624, 0.51498, 0.72360, 0.73874, 0.71429
0.54757, 0.49732, 0.72921, 0.72973, 0.72321
0.54936, 0.49366, 0.73258, 0.71171, 0.71429
0.54337, 0.49539, 0.73820, 0.71171, 0.70536
0.54759, 0.49306, 0.72809, 0.72072, 0.68750
0.54159, 0.51542, 0.73034, 0.72072, 0.69643
0.54381, 0.51018, 0.72697, 0.72072, 0.70536
0.54035, 0.49378, 0.73146, 0.73874, 0.69643
0.54186, 0.51685, 0.70337, 0.75676, 0.64286
0.54389, 0.53096, 0.72360, 0.71171, 0.66964
0.53992, 0.49928, 0.73820, 0.72072, 0.69643
0.53507, 0.50940, 0.73146, 0.71171, 0.70536
0.54260, 0.52184, 0.73258, 0.73874, 0.72321
0.53245, 0.50402, 0.73258, 0.72072, 0.72321
0.54229, 0.51930, 0.72809, 0.72973, 0.71429
0.53674, 0.53131, 0.73371, 0.73874, 0.70536
0.53001, 0.57372, 0.72921, 0.72973, 0.72321
0.53779, 0.60622, 0.73034, 0.71171, 0.66964
0.52646, 0.59941, 0.72584, 0.73874, 0.69643
0.53081, 0.59446, 0.73708, 0.70270, 0.69643
0.52439, 0.61080, 0.74045, 0.69369, 0.69643
0.52546, 0.60862, 0.74045, 0.69369, 0.70536
0.52137, 0.60513, 0.73933, 0.70270, 0.68750
0.52642, 0.61922, 0.73146, 0.72973, 0.73214
0.52339, 0.59073, 0.74270, 0.73874, 0.70536
----------------------------------------------------------------------------------------------------------------------------
0.69805, 0.64460, 0.58989, 0.64865, 0.61607
0.67187, 0.63589, 0.60225, 0.65766, 0.62500
0.66443, 0.62783, 0.61348, 0.67568, 0.64286
0.65453, 0.61396, 0.62809, 0.66667, 0.63393
0.63974, 0.60040, 0.62697, 0.66667, 0.65179
0.62766, 0.59227, 0.70449, 0.69369, 0.68750
0.60168, 0.57312, 0.68989, 0.69369, 0.69643
0.59746, 0.55306, 0.72809, 0.68468, 0.73214
0.57579, 0.56896, 0.72360, 0.72973, 0.78571
0.56440, 0.53894, 0.73596, 0.71171, 0.75000
0.57614, 0.57892, 0.69775, 0.68468, 0.72321
0.56347, 0.57058, 0.71685, 0.74775, 0.76786
0.55308, 0.55631, 0.73034, 0.76577, 0.77679
0.56043, 0.53651, 0.73596, 0.69369, 0.75000
0.55469, 0.52788, 0.74831, 0.72973, 0.75893
0.55185, 0.54564, 0.73933, 0.75676, 0.75000
0.55197, 0.53253, 0.74607, 0.72973, 0.76786
0.55378, 0.54617, 0.73034, 0.75676, 0.75893
0.55091, 0.53320, 0.74382, 0.72072, 0.75000
0.54544, 0.52823, 0.75056, 0.74775, 0.76786
0.54571, 0.54252, 0.73371, 0.75676, 0.74107
0.54454, 0.53190, 0.75056, 0.72973, 0.76786
0.54623, 0.53363, 0.73933, 0.71171, 0.74107
0.54526, 0.52582, 0.75281, 0.73874, 0.75893
0.54524, 0.52964, 0.75169, 0.74775, 0.75893
0.54097, 0.53754, 0.74944, 0.73874, 0.75893
0.54660, 0.55392, 0.72472, 0.71171, 0.72321
0.54816, 0.54862, 0.74157, 0.72973, 0.74107
0.54352, 0.52942, 0.75281, 0.73874, 0.76786
0.53502, 0.53180, 0.75393, 0.74775, 0.75893
0.53948, 0.53367, 0.74719, 0.74775, 0.74107
0.54048, 0.53609, 0.74607, 0.74775, 0.75000
0.53466, 0.56033, 0.72584, 0.73874, 0.75000
0.53620, 0.55264, 0.73820, 0.73874, 0.74107
0.53626, 0.53822, 0.75056, 0.75676, 0.75000
0.53593, 0.53049, 0.74382, 0.72973, 0.72321
0.54922, 0.53678, 0.75056, 0.72973, 0.75893
0.53699, 0.52091, 0.75281, 0.74775, 0.76786
0.53960, 0.52224, 0.75393, 0.75676, 0.75893
0.53352, 0.53828, 0.74494, 0.72973, 0.73214
0.54376, 0.53824, 0.75730, 0.73874, 0.75000
0.54284, 0.53377, 0.75506, 0.73874, 0.75000
0.53039, 0.52281, 0.75506, 0.73874, 0.75893
0.53134, 0.54144, 0.75730, 0.73874, 0.75000
0.52867, 0.54372, 0.74157, 0.73874, 0.74107
0.52888, 0.52089, 0.75393, 0.72973, 0.75893
0.52722, 0.52690, 0.75955, 0.73874, 0.74107
0.52758, 0.54120, 0.75730, 0.73874, 0.75000
0.53008, 0.52270, 0.75955, 0.73874, 0.75893
0.52979, 0.52590, 0.75730, 0.74775, 0.75000
0.53625, 0.52537, 0.75730, 0.73874, 0.74107
0.52274, 0.53852, 0.76180, 0.72973, 0.77679
0.53143, 0.53668, 0.74719, 0.73874, 0.74107
0.52767, 0.54679, 0.74719, 0.72973, 0.75000
0.53326, 0.53320, 0.74944, 0.73874, 0.74107
0.52763, 0.54579, 0.74607, 0.72973, 0.74107
0.52452, 0.51643, 0.75843, 0.73874, 0.75000
0.51926, 0.53427, 0.75843, 0.73874, 0.75000
0.52150, 0.53641, 0.75843, 0.73874, 0.74107
0.52347, 0.52005, 0.76180, 0.73874, 0.76786
0.51943, 0.54852, 0.73371, 0.75676, 0.74107
0.53010, 0.53738, 0.74607, 0.72973, 0.73214
0.52429, 0.53355, 0.75843, 0.70270, 0.75000
0.52006, 0.53814, 0.74157, 0.74775, 0.73214
0.52334, 0.57481, 0.74607, 0.73874, 0.74107
0.52627, 0.53005, 0.76404, 0.74775, 0.75000
0.52110, 0.51242, 0.75843, 0.73874, 0.75000
0.52355, 0.56155, 0.73933, 0.71171, 0.75893
0.51958, 0.51882, 0.76517, 0.74775, 0.75000
0.51206, 0.53866, 0.75056, 0.76577, 0.72321
0.51951, 0.53554, 0.76742, 0.72072, 0.76786
0.51103, 0.53642, 0.76966, 0.72072, 0.74107
0.51235, 0.53996, 0.76067, 0.72973, 0.73214
0.52517, 0.56654, 0.75506, 0.72973, 0.76786
0.51140, 0.51623, 0.76742, 0.72973, 0.74107
0.52157, 0.56339, 0.75169, 0.72973, 0.74107
0.51517, 0.53053, 0.75169, 0.71171, 0.77679
0.51089, 0.52058, 0.76742, 0.72973, 0.75000
0.51104, 0.54227, 0.75730, 0.72072, 0.73214
0.51083, 0.55147, 0.75393, 0.73874, 0.75000
0.52216, 0.54507, 0.76404, 0.72973, 0.74107
0.51531, 0.54072, 0.76854, 0.73874, 0.75000
0.51321, 0.54140, 0.77303, 0.73874, 0.73214
0.50192, 0.52426, 0.76517, 0.75676, 0.73214
0.51755, 0.55204, 0.77865, 0.72973, 0.75000
0.51096, 0.55101, 0.77865, 0.72973, 0.77679
0.51120, 0.51765, 0.77303, 0.72973, 0.75000
----------------------------------------------------------------------------------------------------------------------------
0.69804, 0.64460, 0.58989, 0.64865, 0.61607
0.67193, 0.63589, 0.60225, 0.65766, 0.62500
0.66450, 0.62777, 0.61348, 0.67568, 0.64286
0.65486, 0.61404, 0.62809, 0.66667, 0.63393
0.63904, 0.60032, 0.62472, 0.66667, 0.64286
0.62688, 0.59102, 0.70449, 0.69369, 0.68750
0.60211, 0.56759, 0.68876, 0.69369, 0.69643
0.59983, 0.54739, 0.72360, 0.68468, 0.72321
0.57646, 0.56980, 0.72584, 0.73874, 0.79464
0.56379, 0.53939, 0.73146, 0.71171, 0.75000
0.57714, 0.57992, 0.69663, 0.68468, 0.70536
0.56358, 0.56992, 0.71910, 0.72973, 0.75893
0.55316, 0.55577, 0.72809, 0.76577, 0.76786
0.56108, 0.53740, 0.73258, 0.69369, 0.75000
0.55591, 0.52831, 0.74944, 0.73874, 0.75893
0.55329, 0.54501, 0.74045, 0.73874, 0.74107
0.55132, 0.53208, 0.74719, 0.72072, 0.74107
0.55424, 0.54174, 0.73371, 0.76577, 0.75893
0.55246, 0.53095, 0.74607, 0.72973, 0.76786
0.54507, 0.52983, 0.74157, 0.72973, 0.76786
0.54649, 0.54565, 0.73371, 0.75676, 0.74107
0.54449, 0.53308, 0.74944, 0.72973, 0.75893
0.54607, 0.53247, 0.74157, 0.72072, 0.74107
0.54540, 0.52607, 0.75843, 0.75676, 0.75893
0.54541, 0.52832, 0.75056, 0.74775, 0.75893
0.54095, 0.53453, 0.74831, 0.73874, 0.76786
0.54586, 0.54963, 0.72135, 0.72072, 0.72321
0.54787, 0.54526, 0.73933, 0.74775, 0.74107
0.54309, 0.52717, 0.75393, 0.73874, 0.76786
0.53407, 0.53301, 0.75393, 0.74775, 0.75893
0.54040, 0.53601, 0.75281, 0.74775, 0.75000
0.54078, 0.53425, 0.75056, 0.74775, 0.75000
0.53315, 0.56180, 0.72697, 0.73874, 0.74107
0.53646, 0.55063, 0.73258, 0.73874, 0.74107
0.53543, 0.53732, 0.75281, 0.75676, 0.75000
0.53698, 0.53010, 0.74157, 0.72973, 0.70536
0.54853, 0.53683, 0.75056, 0.72973, 0.76786
0.53730, 0.52438, 0.75506, 0.74775, 0.75893
0.54007, 0.52193, 0.75618, 0.74775, 0.76786
0.53344, 0.53830, 0.74382, 0.72973, 0.72321
0.54451, 0.53799, 0.75618, 0.74775, 0.75893
0.54366, 0.53540, 0.75506, 0.73874, 0.75000
0.53013, 0.52304, 0.74944, 0.74775, 0.76786
0.53237, 0.54244, 0.75281, 0.74775, 0.75893
0.52819, 0.53922, 0.74382, 0.71171, 0.75000
0.52975, 0.51958, 0.75393, 0.74775, 0.75893
0.52766, 0.52584, 0.75730, 0.74775, 0.76786
0.52800, 0.53944, 0.75843, 0.73874, 0.76786
0.53013, 0.52183, 0.76292, 0.74775, 0.75893
0.53054, 0.52613, 0.75955, 0.75676, 0.75000
0.53811, 0.52764, 0.75843, 0.74775, 0.76786
0.52327, 0.53614, 0.76517, 0.72072, 0.75000
0.53169, 0.53395, 0.74607, 0.72973, 0.73214
0.52738, 0.55093, 0.74157, 0.72973, 0.74107
0.53512, 0.53281, 0.75393, 0.73874, 0.75000
0.52887, 0.54570, 0.74607, 0.72072, 0.74107
0.52497, 0.51911, 0.75730, 0.73874, 0.76786
0.51910, 0.52956, 0.76180, 0.73874, 0.76786
0.52184, 0.53033, 0.75955, 0.72973, 0.74107
0.52413, 0.51711, 0.75955, 0.72973, 0.75893
0.52008, 0.54897, 0.74270, 0.74775, 0.72321
0.53258, 0.53823, 0.73933, 0.73874, 0.72321
0.52519, 0.52667, 0.75843, 0.72973, 0.75893
0.52153, 0.52976, 0.74270, 0.73874, 0.72321
0.52350, 0.56893, 0.74494, 0.72973, 0.76786
0.52624, 0.52804, 0.75393, 0.74775, 0.75000
0.52123, 0.51255, 0.76404, 0.73874, 0.75893
0.52443, 0.55610, 0.74382, 0.71171, 0.74107
0.52015, 0.51869, 0.76742, 0.73874, 0.75893
0.51311, 0.52974, 0.74719, 0.75676, 0.73214
0.52058, 0.53368, 0.76067, 0.72072, 0.75000
0.51137, 0.52626, 0.76966, 0.72072, 0.75000
0.51374, 0.53595, 0.75281, 0.72072, 0.75000
0.52658, 0.56360, 0.75169, 0.72973, 0.75893
0.51111, 0.51302, 0.76180, 0.73874, 0.75893
0.51995, 0.54307, 0.75393, 0.74775, 0.75000
0.51386, 0.52962, 0.76292, 0.72072, 0.76786
0.51108, 0.51356, 0.77191, 0.72973, 0.77679
0.51285, 0.53397, 0.75393, 0.74775, 0.74107
0.51140, 0.54522, 0.74719, 0.72973, 0.73214
0.52378, 0.54564, 0.75730, 0.72072, 0.75000
0.51667, 0.53310, 0.76629, 0.72973, 0.75000
0.51411, 0.53421, 0.77528, 0.73874, 0.73214
0.50300, 0.52274, 0.75618, 0.74775, 0.75000
0.51772, 0.54418, 0.78315, 0.73874, 0.77679
0.51090, 0.54706, 0.77528, 0.72072, 0.78571
0.50998, 0.51109, 0.76966, 0.74775, 0.75893
0.50402, 0.51084, 0.77079, 0.72973, 0.76786
0.50813, 0.58229, 0.73258, 0.70270, 0.69643
0.52001, 0.54667, 0.74494, 0.72072, 0.75000
0.51021, 0.52121, 0.76854, 0.72973, 0.75000
0.50871, 0.53439, 0.76067, 0.73874, 0.75000
0.50455, 0.51569, 0.76742, 0.72973, 0.75000
0.50741, 0.53735, 0.77416, 0.72973, 0.76786
0.51866, 0.52672, 0.76629, 0.72072, 0.73214
0.51741, 0.53456, 0.77865, 0.71171, 0.75893
0.50761, 0.52049, 0.76966, 0.72072, 0.75893
0.50267, 0.52989, 0.77753, 0.72973, 0.74107
0.50068, 0.50831, 0.76966, 0.74775, 0.75893
0.50413, 0.53702, 0.75843, 0.71171, 0.74107
0.52512, 0.53731, 0.77640, 0.72072, 0.77679
0.50542, 0.52291, 0.75618, 0.71171, 0.74107
0.50082, 0.52140, 0.77640, 0.73874, 0.74107
0.50081, 0.53858, 0.77303, 0.72973, 0.77679
0.50210, 0.50709, 0.77191, 0.72973, 0.73214
0.49856, 0.56153, 0.76404, 0.71171, 0.74107
0.50543, 0.51709, 0.76404, 0.72973, 0.75000
0.50362, 0.54847, 0.77528, 0.72072, 0.77679
0.49856, 0.54098, 0.76742, 0.72072, 0.77679
0.50058, 0.51866, 0.77416, 0.73874, 0.74107
0.50297, 0.53522, 0.77640, 0.72973, 0.76786
0.49408, 0.50114, 0.77416, 0.72072, 0.74107
0.49870, 0.51786, 0.78090, 0.72973, 0.75893
0.48981, 0.51225, 0.77079, 0.73874, 0.75000
0.50119, 0.57843, 0.74831, 0.72072, 0.73214
0.50522, 0.50534, 0.77640, 0.73874, 0.74107
0.49063, 0.52141, 0.78202, 0.77477, 0.78571
0.50723, 0.53450, 0.76067, 0.72072, 0.74107
0.49901, 0.55551, 0.75843, 0.72072, 0.71429
0.49686, 0.53246, 0.74382, 0.72072, 0.75893
0.50246, 0.55653, 0.76742, 0.71171, 0.74107
0.50441, 0.50547, 0.77753, 0.72072, 0.73214
0.48603, 0.51678, 0.77978, 0.72973, 0.74107
0.48665, 0.50721, 0.76854, 0.73874, 0.77679
0.49445, 0.50764, 0.78202, 0.74775, 0.72321
0.49361, 0.55506, 0.74045, 0.72072, 0.76786
0.51103, 0.51568, 0.76966, 0.72072, 0.75000
0.50218, 0.52378, 0.77753, 0.73874, 0.77679
0.48282, 0.49706, 0.78090, 0.74775, 0.75000
0.48538, 0.51827, 0.78202, 0.73874, 0.75893
0.48763, 0.50267, 0.78202, 0.75676, 0.75893
0.48967, 0.52588, 0.78427, 0.72973, 0.74107
0.48556, 0.50621, 0.77416, 0.77477, 0.75893
0.48837, 0.50640, 0.78652, 0.74775, 0.74107
0.49214, 0.53381, 0.78315, 0.73874, 0.75000
0.48307, 0.50948, 0.78090, 0.74775, 0.75893
0.49339, 0.53168, 0.78315, 0.74775, 0.75893
0.47938, 0.50717, 0.76966, 0.73874, 0.76786
0.48659, 0.56490, 0.75843, 0.74775, 0.71429
0.48412, 0.52387, 0.78539, 0.74775, 0.75000
0.48883, 0.51766, 0.79213, 0.74775, 0.75893
0.48125, 0.49970, 0.78764, 0.76577, 0.75000
0.49091, 0.52079, 0.78427, 0.73874, 0.75893
0.47726, 0.49341, 0.78652, 0.73874, 0.75000
0.47451, 0.50386, 0.78427, 0.75676, 0.75893
0.47324, 0.49605, 0.77865, 0.74775, 0.75893
0.48652, 0.54536, 0.76180, 0.73874, 0.76786
0.48523, 0.61190, 0.73820, 0.72973, 0.71429
0.49491, 0.51153, 0.77528, 0.72973, 0.75893
0.47765, 0.51465, 0.78539, 0.71171, 0.77679
0.47375, 0.52599, 0.79213, 0.75676, 0.75000
0.48521, 0.52001, 0.78090, 0.75676, 0.75000
0.47969, 0.49765, 0.78202, 0.74775, 0.78571
0.47100, 0.50035, 0.79101, 0.77477, 0.75000
0.47375, 0.51302, 0.78202, 0.74775, 0.75893
0.48809, 0.51973, 0.78090, 0.76577, 0.76786
0.46805, 0.50480, 0.78876, 0.74775, 0.75893
0.46946, 0.49663, 0.79326, 0.76577, 0.74107
0.46792, 0.52276, 0.78202, 0.73874, 0.76786
0.47463, 0.56669, 0.76292, 0.74775, 0.74107
0.48329, 0.50887, 0.79213, 0.74775, 0.75000
0.47009, 0.53149, 0.79438, 0.74775, 0.74107
0.47092, 0.50584, 0.79213, 0.76577, 0.76786
0.47495, 0.51544, 0.77753, 0.72973, 0.75893
----------------------------------------------------------------------------------------------------------------------------
0.66885, 0.69894, 0.62809, 0.54054, 0.65179
0.64550, 0.69211, 0.65955, 0.56757, 0.65179
0.64358, 0.67018, 0.66854, 0.58559, 0.62500
0.63799, 0.65734, 0.66854, 0.62162, 0.62500
0.63162, 0.64312, 0.64045, 0.60360, 0.60714
0.62642, 0.65889, 0.67978, 0.61261, 0.63393
0.62314, 0.64199, 0.66854, 0.66667, 0.65179
0.62189, 0.63571, 0.67416, 0.69369, 0.62500
0.61036, 0.68183, 0.67191, 0.59459, 0.64286
0.60542, 0.62910, 0.70112, 0.67568, 0.69643
0.59835, 0.61224, 0.70112, 0.70270, 0.68750
0.60079, 0.59657, 0.69326, 0.72072, 0.66964
0.59304, 0.60101, 0.70562, 0.73874, 0.72321
0.58804, 0.59399, 0.70674, 0.73874, 0.70536
0.58344, 0.59842, 0.71011, 0.73874, 0.71429
0.58519, 0.59867, 0.71798, 0.72072, 0.66964
0.58337, 0.57320, 0.68876, 0.73874, 0.63393
0.57744, 0.57981, 0.71798, 0.71171, 0.66964
0.57922, 0.63377, 0.69663, 0.63063, 0.67857
0.57231, 0.58489, 0.71348, 0.70270, 0.68750
0.57421, 0.59522, 0.71011, 0.67568, 0.68750
0.58558, 0.59397, 0.71461, 0.67568, 0.68750
0.57600, 0.58082, 0.72472, 0.68468, 0.66071
0.56940, 0.66700, 0.69438, 0.63063, 0.63393
0.59601, 0.61779, 0.70337, 0.68468, 0.66964
0.57657, 0.58839, 0.72022, 0.71171, 0.66071
0.57246, 0.57592, 0.72584, 0.70270, 0.67857
0.56576, 0.66411, 0.70449, 0.63964, 0.66071
0.56489, 0.56556, 0.72697, 0.75676, 0.66964
0.57024, 0.56723, 0.72697, 0.73874, 0.68750
0.57136, 0.57242, 0.72360, 0.69369, 0.68750
0.56702, 0.60204, 0.71461, 0.65766, 0.65179
0.57038, 0.61381, 0.71348, 0.65766, 0.63393
0.56766, 0.64459, 0.71011, 0.64865, 0.65179
0.56350, 0.59435, 0.70674, 0.70270, 0.64286
0.56296, 0.59428, 0.70674, 0.69369, 0.62500
0.56052, 0.55635, 0.70562, 0.73874, 0.66071
0.56499, 0.58263, 0.71461, 0.70270, 0.67857
0.57036, 0.59310, 0.70899, 0.63964, 0.61607
0.56773, 0.61933, 0.69888, 0.62162, 0.63393
0.55898, 0.59034, 0.70899, 0.63964, 0.64286
0.55176, 0.61023, 0.70225, 0.62162, 0.64286
0.55677, 0.64609, 0.71124, 0.63964, 0.65179
0.55342, 0.54744, 0.72584, 0.72072, 0.66964
0.54567, 0.56220, 0.73034, 0.72072, 0.70536
0.54287, 0.55047, 0.72697, 0.73874, 0.69643
0.54326, 0.61178, 0.71348, 0.63964, 0.66964
0.54710, 0.57074, 0.71461, 0.69369, 0.66964
0.55221, 0.56413, 0.71798, 0.72072, 0.66071
0.55461, 0.52757, 0.71798, 0.75676, 0.66964
0.54721, 0.54819, 0.72697, 0.72973, 0.66071
0.54080, 0.55480, 0.72135, 0.72072, 0.68750
0.53204, 0.62463, 0.72022, 0.62162, 0.67857
0.53670, 0.59113, 0.73371, 0.69369, 0.70536
0.53263, 0.58748, 0.73708, 0.67568, 0.68750
0.53204, 0.56879, 0.72584, 0.71171, 0.67857
0.54174, 0.56318, 0.72921, 0.72072, 0.67857
0.53595, 0.55430, 0.73596, 0.70270, 0.65179
0.53427, 0.52651, 0.73258, 0.74775, 0.68750
0.53144, 0.54239, 0.73933, 0.73874, 0.66964
0.53112, 0.53158, 0.73820, 0.75676, 0.66964
0.53031, 0.52811, 0.73933, 0.73874, 0.66964
0.52761, 0.55984, 0.72584, 0.71171, 0.66964
0.53445, 0.50668, 0.73258, 0.77477, 0.67857
0.52855, 0.53002, 0.73034, 0.74775, 0.66964
0.52991, 0.56043, 0.72809, 0.72072, 0.64286
0.52368, 0.51849, 0.73820, 0.74775, 0.66964
0.51821, 0.50553, 0.73258, 0.77477, 0.68750
0.52809, 0.59960, 0.72472, 0.67568, 0.66071
0.52404, 0.51676, 0.73933, 0.74775, 0.68750
0.52432, 0.52442, 0.74831, 0.72973, 0.68750
0.51515, 0.50480, 0.74382, 0.74775, 0.71429
0.50766, 0.56219, 0.74157, 0.68468, 0.68750
0.50880, 0.53388, 0.73933, 0.70270, 0.66964
0.50624, 0.51715, 0.75281, 0.75676, 0.69643
0.50260, 0.50347, 0.75056, 0.75676, 0.71429
0.51180, 0.50583, 0.76180, 0.75676, 0.71429
0.50079, 0.53914, 0.73933, 0.72072, 0.66071
0.49752, 0.52576, 0.76517, 0.75676, 0.68750
0.49457, 0.56291, 0.73933, 0.70270, 0.66071
0.51231, 0.58553, 0.73596, 0.68468, 0.66964
0.50510, 0.54640, 0.76292, 0.71171, 0.70536
0.50203, 0.53313, 0.75618, 0.72973, 0.69643
0.48799, 0.50701, 0.77079, 0.75676, 0.67857
0.49124, 0.51277, 0.77191, 0.73874, 0.69643
0.48848, 0.53566, 0.75618, 0.72072, 0.70536
0.49434, 0.58097, 0.74831, 0.70270, 0.65179
0.49120, 0.49955, 0.77753, 0.75676, 0.66071
0.48791, 0.52411, 0.77079, 0.73874, 0.70536
0.48490, 0.50149, 0.76854, 0.77477, 0.71429
0.48581, 0.51753, 0.76517, 0.73874, 0.65179
0.48245, 0.51685, 0.77079, 0.74775, 0.66964
0.48174, 0.51141, 0.76404, 0.76577, 0.66964
0.48013, 0.49535, 0.76966, 0.77477, 0.68750
0.48371, 0.54791, 0.74944, 0.69369, 0.66071
0.47980, 0.48139, 0.77528, 0.79279, 0.68750
0.48146, 0.51379, 0.77640, 0.72973, 0.66964
0.48230, 0.48403, 0.76854, 0.79279, 0.66964
0.49025, 0.53821, 0.76517, 0.71171, 0.66964
0.47945, 0.47932, 0.77303, 0.78378, 0.67857
0.48144, 0.49848, 0.77528, 0.76577, 0.70536
0.48118, 0.55213, 0.76180, 0.70270, 0.66964
0.47160, 0.53885, 0.75506, 0.72973, 0.66071
0.46956, 0.52424, 0.76854, 0.73874, 0.65179
0.47197, 0.51261, 0.77079, 0.75676, 0.67857
0.46814, 0.49904, 0.77191, 0.76577, 0.70536
0.48366, 0.48021, 0.77303, 0.81982, 0.68750
0.46913, 0.49897, 0.76966, 0.79279, 0.65179
0.46992, 0.50353, 0.77191, 0.78378, 0.69643
0.46396, 0.51271, 0.77528, 0.80180, 0.69643
0.46707, 0.62524, 0.74270, 0.70270, 0.69643
0.48851, 0.53613, 0.76517, 0.73874, 0.67857
0.47954, 0.49257, 0.76742, 0.77477, 0.66964
0.47173, 0.49755, 0.73820, 0.74775, 0.67857
0.47835, 0.49711, 0.77191, 0.79279, 0.66071
0.46869, 0.54196, 0.76742, 0.72973, 0.71429
0.46273, 0.48557, 0.77640, 0.81081, 0.66071
0.47751, 0.47702, 0.78427, 0.78378, 0.66071
0.46973, 0.51599, 0.77528, 0.75676, 0.67857
0.47130, 0.47819, 0.77978, 0.79279, 0.67857
0.47123, 0.50224, 0.76966, 0.78378, 0.66071
0.47243, 0.49867, 0.77416, 0.77477, 0.64286
0.45766, 0.47454, 0.77978, 0.79279, 0.68750
0.46911, 0.53845, 0.77079, 0.71171, 0.70536
0.47005, 0.47858, 0.78539, 0.79279, 0.69643
0.46556, 0.51636, 0.77303, 0.76577, 0.67857
0.46071, 0.48793, 0.77416, 0.81081, 0.68750
0.45997, 0.49250, 0.77865, 0.78378, 0.72321
0.45809, 0.51189, 0.78202, 0.75676, 0.70536
0.45939, 0.48849, 0.78090, 0.81081, 0.67857
0.46094, 0.52107, 0.77528, 0.76577, 0.71429
0.45428, 0.52320, 0.78202, 0.76577, 0.70536
0.45680, 0.51368, 0.78427, 0.80180, 0.69643
0.45603, 0.51342, 0.78764, 0.78378, 0.71429
0.45406, 0.50538, 0.78764, 0.77477, 0.72321
0.45934, 0.52417, 0.77865, 0.77477, 0.71429
0.45979, 0.53041, 0.77303, 0.74775, 0.69643
0.46093, 0.51690, 0.78090, 0.76577, 0.70536
0.45605, 0.51685, 0.78764, 0.78378, 0.66964
0.45541, 0.49681, 0.79213, 0.78378, 0.70536
0.45363, 0.55769, 0.77528, 0.75676, 0.67857
0.46118, 0.52048, 0.77978, 0.76577, 0.66964
0.45734, 0.52825, 0.77865, 0.76577, 0.72321
----------------------------------------------------------------------------------------------------------------------------
0.67874, 0.63722, 0.61236, 0.62162, 0.60714
0.65195, 0.61206, 0.63034, 0.65766, 0.60714
0.63109, 0.58814, 0.65506, 0.67568, 0.59821
0.61894, 0.57176, 0.66067, 0.72973, 0.59821
0.61102, 0.54759, 0.65843, 0.69369, 0.59821
0.60015, 0.54778, 0.70337, 0.76577, 0.61607
0.60105, 0.53923, 0.66629, 0.67568, 0.58929
0.59539, 0.53720, 0.67079, 0.73874, 0.58929
0.59442, 0.54242, 0.70899, 0.78378, 0.59821
0.59126, 0.56210, 0.71573, 0.74775, 0.63393
0.58991, 0.52381, 0.68315, 0.75676, 0.60714
0.58068, 0.52114, 0.71011, 0.76577, 0.64286
0.57791, 0.51809, 0.69326, 0.73874, 0.59821
0.57543, 0.52324, 0.73146, 0.80180, 0.65179
0.56970, 0.51335, 0.71124, 0.77477, 0.64286
0.56888, 0.50698, 0.69551, 0.72973, 0.59821
0.57270, 0.51127, 0.70787, 0.76577, 0.60714
0.57327, 0.51453, 0.70899, 0.76577, 0.62500
0.58030, 0.53806, 0.72697, 0.77477, 0.62500
0.56632, 0.50334, 0.71685, 0.76577, 0.64286
0.56440, 0.51346, 0.72360, 0.79279, 0.66964
0.56810, 0.51329, 0.71573, 0.74775, 0.62500
0.57029, 0.54729, 0.67978, 0.76577, 0.65179
0.57696, 0.50889, 0.72247, 0.76577, 0.65179
0.56320, 0.51102, 0.70449, 0.73874, 0.64286
0.56269, 0.51152, 0.71910, 0.79279, 0.61607
0.55882, 0.49875, 0.72584, 0.76577, 0.66964
0.55375, 0.49971, 0.71910, 0.74775, 0.65179
0.55564, 0.50077, 0.72022, 0.77477, 0.65179
0.55435, 0.50188, 0.74157, 0.79279, 0.67857
0.55174, 0.50506, 0.71124, 0.73874, 0.64286
0.55837, 0.51190, 0.71798, 0.80180, 0.66964
0.55795, 0.50059, 0.71011, 0.72072, 0.63393
0.54537, 0.50282, 0.70449, 0.72973, 0.62500
0.54880, 0.49026, 0.73820, 0.78378, 0.66964
0.54811, 0.49094, 0.73596, 0.80180, 0.67857
0.54920, 0.49155, 0.73708, 0.78378, 0.66964
0.55325, 0.50953, 0.71461, 0.77477, 0.65179
0.54688, 0.49100, 0.72247, 0.75676, 0.65179
0.55133, 0.49545, 0.73371, 0.78378, 0.66964
0.55052, 0.48695, 0.72809, 0.80180, 0.66071
0.54550, 0.49970, 0.72022, 0.72072, 0.62500
0.55228, 0.50694, 0.73820, 0.80180, 0.64286
0.54376, 0.49595, 0.73596, 0.76577, 0.67857
0.54195, 0.48465, 0.73258, 0.77477, 0.66071
0.54894, 0.48402, 0.72809, 0.78378, 0.65179
0.53809, 0.49557, 0.74382, 0.78378, 0.66071
0.54561, 0.49193, 0.72360, 0.72973, 0.64286
0.54344, 0.50615, 0.73933, 0.80180, 0.65179
0.54637, 0.48778, 0.72921, 0.74775, 0.64286
0.53359, 0.49218, 0.71798, 0.74775, 0.65179
0.53710, 0.48561, 0.73034, 0.78378, 0.65179
0.53637, 0.48930, 0.72697, 0.73874, 0.64286
0.53554, 0.48886, 0.73034, 0.75676, 0.65179
0.53233, 0.48752, 0.73371, 0.76577, 0.64286
0.53513, 0.48059, 0.74045, 0.79279, 0.65179
0.53079, 0.49410, 0.74382, 0.77477, 0.65179
0.52766, 0.49543, 0.72135, 0.75676, 0.62500
0.53434, 0.50460, 0.74494, 0.78378, 0.67857
0.53277, 0.48374, 0.72921, 0.77477, 0.67857
0.53348, 0.48611, 0.73596, 0.75676, 0.61607
0.53883, 0.53035, 0.72809, 0.80180, 0.65179
0.53940, 0.51392, 0.73146, 0.79279, 0.66964
0.54401, 0.48762, 0.72584, 0.76577, 0.63393
0.53624, 0.49232, 0.73708, 0.73874, 0.62500
0.53115, 0.48776, 0.74494, 0.78378, 0.68750
0.52435, 0.48697, 0.73708, 0.77477, 0.67857
0.53096, 0.51125, 0.73483, 0.80180, 0.66071
0.54377, 0.50719, 0.74045, 0.80180, 0.66964
0.52518, 0.48731, 0.74494, 0.78378, 0.67857
0.52406, 0.48448, 0.73483, 0.75676, 0.65179
0.53149, 0.49425, 0.73483, 0.73874, 0.64286
0.52668, 0.48630, 0.73820, 0.78378, 0.66964
0.52281, 0.48176, 0.74382, 0.74775, 0.68750
0.52383, 0.48431, 0.73146, 0.75676, 0.68750
0.52188, 0.48319, 0.75281, 0.79279, 0.67857
----------------------------------------------------------------------------------------------------------------------------
0.67857, 0.62046, 0.59551, 0.64865, 0.60714
0.64992, 0.59927, 0.68652, 0.72072, 0.71429
0.62885, 0.56302, 0.64045, 0.70270, 0.66071
0.60896, 0.55025, 0.70562, 0.73874, 0.67857
0.58991, 0.53511, 0.71348, 0.73874, 0.68750
0.58437, 0.51978, 0.70787, 0.72973, 0.68750
0.57722, 0.50964, 0.71124, 0.73874, 0.69643
0.57862, 0.57208, 0.69101, 0.71171, 0.66071
0.56956, 0.53716, 0.72584, 0.72072, 0.70536
0.56436, 0.53443, 0.72135, 0.72973, 0.71429
0.56088, 0.50567, 0.71573, 0.72973, 0.68750
0.56744, 0.51183, 0.72584, 0.80180, 0.70536
0.55857, 0.55672, 0.70000, 0.74775, 0.67857
0.55743, 0.51234, 0.73034, 0.73874, 0.70536
0.55030, 0.51563, 0.72584, 0.75676, 0.71429
0.54855, 0.49284, 0.71236, 0.76577, 0.68750
0.56734, 0.49023, 0.71461, 0.74775, 0.71429
0.54989, 0.49787, 0.72022, 0.74775, 0.71429
0.54830, 0.49447, 0.72472, 0.78378, 0.71429
0.54427, 0.49939, 0.72360, 0.73874, 0.70536
0.54038, 0.52687, 0.72921, 0.72973, 0.68750
0.54890, 0.48347, 0.72809, 0.77477, 0.70536
0.54025, 0.50786, 0.72809, 0.74775, 0.72321
0.54360, 0.46898, 0.73146, 0.76577, 0.71429
0.54311, 0.47396, 0.72247, 0.77477, 0.69643
0.53254, 0.48745, 0.74831, 0.79279, 0.69643
0.52942, 0.53226, 0.73596, 0.74775, 0.70536
0.52794, 0.49247, 0.74157, 0.79279, 0.70536
0.53003, 0.49456, 0.75056, 0.75676, 0.69643
0.52454, 0.48891, 0.74270, 0.80180, 0.71429
0.52151, 0.47882, 0.75393, 0.78378, 0.72321
0.52462, 0.48833, 0.75843, 0.78378, 0.70536
0.52785, 0.48679, 0.75506, 0.79279, 0.71429
0.51839, 0.48248, 0.75506, 0.78378, 0.72321
0.52464, 0.52701, 0.73933, 0.75676, 0.70536
0.52699, 0.47894, 0.74719, 0.79279, 0.67857
0.52749, 0.48877, 0.73933, 0.80180, 0.68750
0.52974, 0.52278, 0.74270, 0.76577, 0.70536
0.52053, 0.50425, 0.75169, 0.78378, 0.73214
0.52688, 0.49292, 0.74944, 0.80180, 0.69643
0.52486, 0.49364, 0.75506, 0.76577, 0.73214
0.51721, 0.50639, 0.75281, 0.78378, 0.71429
0.52163, 0.50535, 0.75730, 0.74775, 0.71429
0.51613, 0.49750, 0.75955, 0.75676, 0.72321
----------------------------------------------------------------------------------------------------------------------------
0.67516, 0.71159, 0.59775, 0.58559, 0.60714
0.63073, 0.64495, 0.66180, 0.62162, 0.66964
0.60409, 0.65192, 0.67303, 0.65766, 0.69643
0.59056, 0.61628, 0.71461, 0.73874, 0.68750
0.57711, 0.61414, 0.71573, 0.70270, 0.72321
0.56335, 0.62877, 0.72247, 0.71171, 0.71429
0.56310, 0.60787, 0.73258, 0.69369, 0.72321
0.56702, 0.63221, 0.73034, 0.72973, 0.72321
0.55479, 0.61227, 0.72360, 0.67568, 0.73214
0.55314, 0.60731, 0.72809, 0.70270, 0.73214
0.55578, 0.64772, 0.72697, 0.71171, 0.69643
0.55818, 0.61053, 0.71910, 0.69369, 0.67857
0.55018, 0.63464, 0.73820, 0.71171, 0.70536
0.54105, 0.59848, 0.73258, 0.71171, 0.72321
0.53877, 0.60021, 0.74382, 0.68468, 0.74107
0.53656, 0.60277, 0.72921, 0.68468, 0.73214
0.53483, 0.61248, 0.74157, 0.67568, 0.75000
0.53491, 0.61341, 0.75393, 0.71171, 0.74107
0.53756, 0.62503, 0.75281, 0.69369, 0.73214
0.53415, 0.60147, 0.75618, 0.70270, 0.75893
0.53682, 0.59832, 0.74494, 0.72072, 0.75000
0.53480, 0.62324, 0.75281, 0.71171, 0.74107
0.52810, 0.61584, 0.75281, 0.70270, 0.75893
0.52206, 0.59960, 0.75618, 0.68468, 0.74107
0.53213, 0.63080, 0.74831, 0.71171, 0.74107
0.52863, 0.59328, 0.74270, 0.71171, 0.71429
0.52393, 0.59117, 0.75169, 0.71171, 0.74107
0.52273, 0.60145, 0.76292, 0.70270, 0.75000
0.52770, 0.62084, 0.76180, 0.70270, 0.73214
0.51608, 0.60434, 0.75955, 0.72072, 0.75000
0.52041, 0.65806, 0.74607, 0.69369, 0.73214
0.50987, 0.59577, 0.75730, 0.71171, 0.72321
0.51523, 0.61220, 0.76067, 0.68468, 0.75893
0.51382, 0.61404, 0.76067, 0.70270, 0.72321
0.51050, 0.59972, 0.76517, 0.72072, 0.75893
0.51729, 0.63434, 0.75618, 0.69369, 0.73214
0.51715, 0.59917, 0.75056, 0.71171, 0.72321
0.51185, 0.60669, 0.76292, 0.67568, 0.74107
0.50902, 0.62214, 0.75618, 0.71171, 0.73214
0.51182, 0.59631, 0.77079, 0.72072, 0.76786
0.52943, 0.60907, 0.76854, 0.70270, 0.75000
0.52351, 0.64757, 0.75955, 0.70270, 0.75893
0.52190, 0.60693, 0.74831, 0.67568, 0.70536
0.52237, 0.70815, 0.72921, 0.65766, 0.71429
0.50999, 0.59933, 0.76404, 0.71171, 0.73214
0.50532, 0.61018, 0.77303, 0.72973, 0.74107
0.49836, 0.59738, 0.74607, 0.72973, 0.72321
----------------------------------------------------------------------------------------------------------------------------
0.66885, 0.69894, 0.62809, 0.54054, 0.65179
0.64550, 0.69211, 0.65955, 0.56757, 0.65179
0.64358, 0.67018, 0.66854, 0.58559, 0.62500
0.63799, 0.65734, 0.66854, 0.62162, 0.62500
0.63159, 0.64312, 0.64045, 0.60360, 0.60714
0.62630, 0.65930, 0.67865, 0.61261, 0.63393
0.62335, 0.64181, 0.66742, 0.66667, 0.65179
0.62218, 0.63595, 0.67303, 0.69369, 0.64286
0.61015, 0.68124, 0.67191, 0.59459, 0.64286
0.60586, 0.62779, 0.70000, 0.68468, 0.69643
0.59836, 0.61173, 0.70112, 0.70270, 0.69643
0.60025, 0.59701, 0.69213, 0.72072, 0.66964
0.59224, 0.60100, 0.70562, 0.73874, 0.72321
0.58683, 0.59646, 0.70562, 0.73874, 0.71429
0.58310, 0.59831, 0.71011, 0.73874, 0.71429
0.58497, 0.59844, 0.71910, 0.72072, 0.66964
0.58361, 0.57332, 0.68652, 0.73874, 0.63393
0.57700, 0.58003, 0.71798, 0.71171, 0.66964
0.57859, 0.63416, 0.69888, 0.63063, 0.67857
0.57249, 0.58470, 0.71348, 0.70270, 0.68750
0.57419, 0.59523, 0.70899, 0.67568, 0.68750
0.58539, 0.59357, 0.71461, 0.67568, 0.68750
0.57560, 0.58068, 0.72697, 0.68468, 0.66071
0.56914, 0.66673, 0.69438, 0.63964, 0.63393
0.59520, 0.61661, 0.70337, 0.68468, 0.66964
0.57635, 0.58706, 0.72022, 0.71171, 0.66071
0.57252, 0.57524, 0.72360, 0.69369, 0.67857
0.56600, 0.66202, 0.70337, 0.64865, 0.66071
0.56464, 0.56514, 0.72697, 0.75676, 0.66964
0.57030, 0.57048, 0.72472, 0.72973, 0.68750
0.57200, 0.57305, 0.72360, 0.69369, 0.68750
0.56721, 0.60266, 0.71573, 0.64865, 0.65179
0.57033, 0.61320, 0.71685, 0.65766, 0.63393
0.56737, 0.64494, 0.71011, 0.64865, 0.65179
0.56392, 0.59250, 0.70787, 0.70270, 0.63393
0.56359, 0.59623, 0.70562, 0.68468, 0.62500
0.56096, 0.55814, 0.70899, 0.73874, 0.66071
0.56508, 0.58446, 0.71011, 0.70270, 0.67857
0.57091, 0.58805, 0.71011, 0.63964, 0.62500
0.56886, 0.61742, 0.69775, 0.63063, 0.63393
0.55810, 0.58995, 0.70899, 0.65766, 0.64286
0.55101, 0.61319, 0.70000, 0.62162, 0.64286
0.55664, 0.64730, 0.70899, 0.63063, 0.66071
0.55259, 0.54715, 0.72921, 0.72072, 0.66071
0.54560, 0.56064, 0.72921, 0.72072, 0.71429
0.54363, 0.55140, 0.72472, 0.72973, 0.69643
0.54410, 0.61230, 0.71011, 0.61261, 0.67857
0.54721, 0.57186, 0.71461, 0.69369, 0.66964
0.55369, 0.56383, 0.72022, 0.72973, 0.66071
0.55281, 0.53330, 0.72247, 0.74775, 0.66071
0.54730, 0.54939, 0.73034, 0.72973, 0.66071
0.53944, 0.55842, 0.72135, 0.72072, 0.68750
0.53189, 0.62720, 0.71685, 0.62162, 0.66071
0.53759, 0.58935, 0.73596, 0.69369, 0.68750
0.53407, 0.58999, 0.74382, 0.68468, 0.68750
0.53198, 0.56642, 0.72697, 0.72072, 0.66964
0.54048, 0.55958, 0.72809, 0.71171, 0.65179
0.53476, 0.55785, 0.73483, 0.69369, 0.66071
0.53294, 0.53417, 0.73146, 0.73874, 0.68750
0.53127, 0.54420, 0.73933, 0.73874, 0.66964
0.53109, 0.52919, 0.73708, 0.74775, 0.66964
0.53092, 0.53503, 0.73820, 0.72973, 0.67857
0.52907, 0.55379, 0.72472, 0.73874, 0.67857
0.53502, 0.51475, 0.73708, 0.76577, 0.68750
0.52865, 0.53912, 0.73596, 0.74775, 0.66964
0.53361, 0.56127, 0.72809, 0.71171, 0.63393
0.52181, 0.52368, 0.74270, 0.73874, 0.66964
0.51849, 0.50761, 0.73483, 0.76577, 0.67857
0.52504, 0.60026, 0.72360, 0.67568, 0.66964
0.52314, 0.51777, 0.74270, 0.74775, 0.67857
0.52197, 0.53547, 0.74831, 0.70270, 0.66964
0.51332, 0.51081, 0.74157, 0.74775, 0.71429
0.50874, 0.55979, 0.74382, 0.69369, 0.67857
0.50906, 0.53477, 0.74719, 0.68468, 0.66071
0.50732, 0.51557, 0.75393, 0.75676, 0.68750
0.50337, 0.50979, 0.75281, 0.75676, 0.72321
0.51229, 0.50337, 0.76067, 0.75676, 0.68750
0.50176, 0.54174, 0.74157, 0.71171, 0.66964
0.49856, 0.53340, 0.76629, 0.74775, 0.68750
0.49652, 0.56250, 0.73933, 0.70270, 0.66964
0.51451, 0.59367, 0.73596, 0.67568, 0.66964
0.50798, 0.54743, 0.76404, 0.72072, 0.71429
0.50031, 0.53256, 0.75393, 0.72072, 0.69643
0.49055, 0.50750, 0.76966, 0.76577, 0.66964
0.49191, 0.51820, 0.76292, 0.73874, 0.67857
0.49159, 0.52963, 0.75281, 0.72973, 0.67857
0.49295, 0.57370, 0.74831, 0.68468, 0.68750
0.49037, 0.50179, 0.77191, 0.76577, 0.66071
0.48705, 0.52543, 0.77753, 0.72072, 0.67857
0.48350, 0.49708, 0.76629, 0.77477, 0.69643
0.48511, 0.51509, 0.75730, 0.73874, 0.66071
0.48185, 0.50993, 0.76404, 0.76577, 0.66071
0.48002, 0.50765, 0.76517, 0.73874, 0.65179
0.47675, 0.49292, 0.76742, 0.78378, 0.70536
0.48380, 0.55162, 0.75056, 0.70270, 0.70536
0.47991, 0.48878, 0.77416, 0.79279, 0.67857
0.47878, 0.51069, 0.77079, 0.72973, 0.66964
0.48044, 0.48950, 0.77753, 0.78378, 0.67857
0.48808, 0.54219, 0.76067, 0.71171, 0.66071
0.47862, 0.48396, 0.77416, 0.77477, 0.67857
0.47880, 0.50048, 0.77416, 0.79279, 0.69643
0.47643, 0.54925, 0.76292, 0.72072, 0.68750
0.46754, 0.53996, 0.75730, 0.74775, 0.67857
0.47022, 0.51518, 0.76404, 0.76577, 0.66071
0.46894, 0.52106, 0.76404, 0.76577, 0.65179
0.46667, 0.50492, 0.77528, 0.78378, 0.68750
0.48025, 0.48447, 0.77528, 0.77477, 0.67857
0.46583, 0.48854, 0.77416, 0.78378, 0.66964
0.46402, 0.49820, 0.77865, 0.79279, 0.70536
0.46327, 0.51052, 0.76292, 0.78378, 0.69643
0.46183, 0.60670, 0.75730, 0.69369, 0.71429
0.48443, 0.52515, 0.76742, 0.72973, 0.70536
0.47516, 0.48735, 0.76067, 0.78378, 0.65179
0.46883, 0.48726, 0.73146, 0.76577, 0.64286
0.47488, 0.49662, 0.77640, 0.79279, 0.68750
0.47087, 0.52541, 0.76292, 0.74775, 0.71429
0.46266, 0.48547, 0.77528, 0.78378, 0.70536
0.47599, 0.47116, 0.77753, 0.78378, 0.66964
0.46499, 0.51739, 0.77079, 0.75676, 0.72321
0.47024, 0.47607, 0.77640, 0.80180, 0.68750
0.46884, 0.49872, 0.77978, 0.75676, 0.68750
0.47362, 0.50622, 0.77640, 0.76577, 0.68750
0.46176, 0.47259, 0.77865, 0.79279, 0.67857
0.47013, 0.53398, 0.77303, 0.74775, 0.71429
0.46926, 0.47789, 0.78090, 0.80180, 0.68750
0.46450, 0.51071, 0.77191, 0.75676, 0.69643
0.45936, 0.48391, 0.77753, 0.77477, 0.70536
0.46273, 0.48696, 0.76742, 0.79279, 0.69643
0.46130, 0.50098, 0.77640, 0.77477, 0.70536
0.45944, 0.48931, 0.77978, 0.76577, 0.68750
0.46555, 0.51613, 0.76292, 0.78378, 0.69643
0.45349, 0.52057, 0.78315, 0.75676, 0.70536
0.45952, 0.50492, 0.77303, 0.76577, 0.70536
0.45593, 0.50166, 0.77640, 0.79279, 0.70536
0.45963, 0.49488, 0.78652, 0.76577, 0.71429
0.46424, 0.51822, 0.77191, 0.74775, 0.70536
0.46075, 0.53220, 0.77528, 0.76577, 0.69643
0.45597, 0.50452, 0.77753, 0.78378, 0.71429
----------------------------------------------------------------------------------------------------------------------------
0.68420, 0.66742, 0.61685, 0.59459, 0.60714
0.64503, 0.66745, 0.62921, 0.59459, 0.59821
0.63125, 0.63103, 0.68652, 0.68468, 0.73214
0.61559, 0.63553, 0.69213, 0.63063, 0.69643
0.61467, 0.63782, 0.69101, 0.62162, 0.70536
0.60091, 0.63148, 0.68989, 0.63964, 0.72321
0.59037, 0.62129, 0.72135, 0.66667, 0.73214
0.59807, 0.69197, 0.68202, 0.60360, 0.70536
0.58755, 0.61082, 0.71685, 0.71171, 0.74107
0.57832, 0.59909, 0.69551, 0.69369, 0.73214
0.58545, 0.59179, 0.71236, 0.69369, 0.72321
0.57855, 0.62762, 0.70112, 0.66667, 0.75000
0.57328, 0.60923, 0.71348, 0.70270, 0.75000
0.57036, 0.63158, 0.70337, 0.63063, 0.72321
0.59482, 0.58067, 0.71461, 0.71171, 0.68750
0.57492, 0.59752, 0.71685, 0.66667, 0.73214
0.56157, 0.62520, 0.70674, 0.64865, 0.70536
0.56406, 0.59789, 0.73146, 0.67568, 0.73214
0.55810, 0.57831, 0.72135, 0.70270, 0.71429
0.56198, 0.60805, 0.72022, 0.65766, 0.74107
0.56545, 0.59113, 0.72921, 0.66667, 0.72321
0.55238, 0.58675, 0.72360, 0.67568, 0.72321
0.55752, 0.58115, 0.72360, 0.71171, 0.70536
0.55329, 0.57122, 0.72809, 0.73874, 0.71429
0.54978, 0.58095, 0.72247, 0.69369, 0.70536
0.56236, 0.58080, 0.72697, 0.71171, 0.76786
0.55065, 0.56242, 0.72022, 0.72973, 0.72321
0.55967, 0.59778, 0.71798, 0.70270, 0.70536
0.55331, 0.56176, 0.72022, 0.74775, 0.72321
0.54891, 0.57118, 0.73258, 0.69369, 0.71429
0.54649, 0.57885, 0.72472, 0.72973, 0.70536
0.54944, 0.59602, 0.73146, 0.64865, 0.75000
0.54856, 0.60561, 0.72360, 0.69369, 0.72321
0.55607, 0.58195, 0.72584, 0.70270, 0.75000
0.56247, 0.62204, 0.71461, 0.63964, 0.74107
0.54787, 0.59162, 0.73258, 0.67568, 0.72321
0.54624, 0.57662, 0.73483, 0.70270, 0.71429
0.53884, 0.57080, 0.73371, 0.71171, 0.74107
0.54740, 0.59367, 0.72921, 0.68468, 0.75000
0.54811, 0.57594, 0.73596, 0.71171, 0.70536
0.53664, 0.61645, 0.71798, 0.66667, 0.77679
0.54168, 0.60734, 0.71348, 0.63964, 0.78571
0.54739, 0.54558, 0.72584, 0.74775, 0.73214
0.54511, 0.55514, 0.74157, 0.73874, 0.75000
0.53041, 0.61535, 0.71124, 0.63964, 0.77679
0.55311, 0.53442, 0.73708, 0.74775, 0.74107
0.53314, 0.53501, 0.74382, 0.72973, 0.71429
0.54542, 0.54395, 0.74045, 0.73874, 0.75000
0.54586, 0.55221, 0.73258, 0.72072, 0.77679
0.53430, 0.55403, 0.72921, 0.72072, 0.69643
0.53092, 0.54434, 0.74607, 0.73874, 0.76786
0.52878, 0.60882, 0.72022, 0.63964, 0.74107
0.52975, 0.53777, 0.74607, 0.73874, 0.75893
0.52129, 0.54270, 0.74382, 0.72973, 0.76786
0.52686, 0.53121, 0.73034, 0.72973, 0.75000
0.53395, 0.53724, 0.74045, 0.72072, 0.68750
0.52953, 0.52467, 0.75506, 0.72973, 0.72321
0.53564, 0.57683, 0.72921, 0.66667, 0.76786
0.53806, 0.55203, 0.74270, 0.69369, 0.77679
0.52319, 0.55190, 0.74719, 0.67568, 0.73214
0.51910, 0.53359, 0.74719, 0.72072, 0.75893
0.52094, 0.52273, 0.75506, 0.72072, 0.76786
0.51717, 0.53446, 0.74607, 0.73874, 0.79464
0.51819, 0.52479, 0.75618, 0.72973, 0.76786
0.51599, 0.52025, 0.75618, 0.74775, 0.77679
0.53513, 0.55467, 0.74607, 0.68468, 0.73214
0.52671, 0.62252, 0.72584, 0.64865, 0.76786
0.51660, 0.55134, 0.75056, 0.72973, 0.78571
0.50991, 0.52321, 0.75955, 0.72072, 0.76786
0.51234, 0.53400, 0.75056, 0.70270, 0.75893
0.50686, 0.53913, 0.74944, 0.72072, 0.76786
0.50467, 0.53098, 0.75618, 0.72973, 0.78571
0.50709, 0.63299, 0.72135, 0.65766, 0.74107
0.51838, 0.51591, 0.75843, 0.73874, 0.77679
0.51837, 0.53237, 0.75955, 0.68468, 0.71429
0.50250, 0.51622, 0.76292, 0.72973, 0.75000
0.50727, 0.51754, 0.74607, 0.75676, 0.73214
0.50728, 0.52728, 0.76742, 0.66667, 0.73214
0.49605, 0.50630, 0.76517, 0.70270, 0.72321
0.49457, 0.56979, 0.73933, 0.71171, 0.73214
0.50230, 0.57010, 0.72921, 0.70270, 0.73214
0.50199, 0.53918, 0.75506, 0.72973, 0.75000
0.50185, 0.53650, 0.75281, 0.72072, 0.71429
0.50135, 0.53722, 0.75843, 0.72072, 0.75000
0.50077, 0.52367, 0.75393, 0.71171, 0.75000
0.50005, 0.54312, 0.77079, 0.68468, 0.74107
0.49280, 0.51714, 0.74831, 0.75676, 0.75000
0.50184, 0.51852, 0.77303, 0.72072, 0.75000
0.50216, 0.53274, 0.75843, 0.69369, 0.75893
0.50035, 0.51680, 0.76742, 0.73874, 0.74107
0.49082, 0.50806, 0.77303, 0.73874, 0.73214
0.49217, 0.57365, 0.75843, 0.68468, 0.71429
0.48566, 0.50979, 0.77303, 0.72973, 0.75000
0.48903, 0.51367, 0.78090, 0.72973, 0.74107
0.48454, 0.50689, 0.75955, 0.72973, 0.73214
0.49162, 0.51510, 0.77753, 0.71171, 0.76786
0.48300, 0.51928, 0.77865, 0.69369, 0.73214
0.48241, 0.55609, 0.75730, 0.70270, 0.71429
0.48822, 0.49851, 0.77640, 0.74775, 0.74107
0.48600, 0.51142, 0.78539, 0.72072, 0.75893
0.48419, 0.51805, 0.77865, 0.68468, 0.75000
0.48096, 0.53235, 0.77303, 0.70270, 0.73214
0.48511, 0.51215, 0.78989, 0.72973, 0.72321
0.47528, 0.50598, 0.78764, 0.72973, 0.74107
0.47903, 0.52235, 0.77978, 0.73874, 0.72321
0.47867, 0.50613, 0.78876, 0.73874, 0.75000
0.47456, 0.50244, 0.78652, 0.75676, 0.72321
0.47581, 0.52350, 0.78652, 0.72072, 0.71429
0.47830, 0.51307, 0.79438, 0.71171, 0.72321
0.47984, 0.53294, 0.78764, 0.72973, 0.71429
0.47649, 0.49918, 0.75955, 0.73874, 0.72321
0.47321, 0.50635, 0.78876, 0.72072, 0.71429
0.47315, 0.48740, 0.77640, 0.74775, 0.72321
0.46497, 0.53278, 0.78539, 0.70270, 0.73214
0.47110, 0.56968, 0.76629, 0.72072, 0.71429
0.46935, 0.50239, 0.78764, 0.72973, 0.74107
0.47587, 0.50109, 0.78202, 0.73874, 0.72321
0.46459, 0.53087, 0.78876, 0.72973, 0.72321
0.46750, 0.54525, 0.78090, 0.72072, 0.72321
0.46599, 0.54710, 0.78090, 0.71171, 0.71429
0.46854, 0.50228, 0.78427, 0.73874, 0.73214
0.47011, 0.51490, 0.79438, 0.72973, 0.71429
0.46279, 0.50668, 0.78090, 0.73874, 0.75000
0.46806, 0.56755, 0.78315, 0.71171, 0.72321
0.46185, 0.52836, 0.77640, 0.72072, 0.75893
0.46808, 0.59340, 0.76517, 0.70270, 0.73214
0.47188, 0.52775, 0.79326, 0.72973, 0.72321
0.46586, 0.50232, 0.79551, 0.72072, 0.74107
0.47231, 0.56473, 0.77865, 0.68468, 0.74107
0.46828, 0.59878, 0.76966, 0.68468, 0.73214
0.46561, 0.51572, 0.79326, 0.71171, 0.72321
0.46047, 0.54316, 0.79438, 0.70270, 0.72321
0.46176, 0.49674, 0.79888, 0.74775, 0.72321
