============================================================================================================================
Namespace(pooling='slspool', batch_size=32, lr=0.0001, epochs=200, pool_ratio=0.5, dataset='FRANKENSTEIN', edges=False, runs=10, logging='logs/26_03_24/lspool_maxabs_frankenstein', config='config/config.json', patience=20, seeds='config/seeds'); _CudaDeviceProperties(name='NVIDIA GeForce RTX 4060 Ti', major=8, minor=9, total_memory=16379MB, multi_processor_count=34); {'hidden_features': 128, 'nonlinearity': 'elu', 'p_dropout': 0.0, 'conv_layer': 'GraphConv', 'pre_gnn': [64, 128], 'post_gnn': [128, 64], 'pre_pool_convs': 1, 'post_pool_convs': 1} 
----------------------------------------------------------------------------------------------------------------------------
0.68658, 0.68297, 0.55347, 0.54147, 0.57834
0.67716, 0.67242, 0.56587, 0.55300, 0.58756
0.66526, 0.64957, 0.62352, 0.63825, 0.59908
0.64759, 0.63118, 0.63621, 0.64977, 0.62212
0.63365, 0.60674, 0.68060, 0.68433, 0.63594
0.61971, 0.62551, 0.62323, 0.63364, 0.63594
0.61363, 0.58729, 0.67829, 0.68664, 0.63825
0.60972, 0.58195, 0.68492, 0.67972, 0.64747
0.60411, 0.58745, 0.69069, 0.66820, 0.66359
0.60099, 0.58361, 0.69617, 0.70046, 0.65668
0.59355, 0.58484, 0.69530, 0.66590, 0.67512
0.59034, 0.57830, 0.69530, 0.70968, 0.65207
0.59485, 0.58199, 0.69069, 0.70968, 0.64516
0.58212, 0.57924, 0.69847, 0.68894, 0.65668
0.57853, 0.58037, 0.71058, 0.70046, 0.65899
0.57304, 0.58478, 0.70827, 0.67742, 0.65207
0.57003, 0.58025, 0.71663, 0.67512, 0.67051
0.55969, 0.58449, 0.71606, 0.68203, 0.67281
0.56353, 0.57694, 0.73162, 0.68894, 0.65207
0.55153, 0.57269, 0.72672, 0.69355, 0.66590
0.54855, 0.58930, 0.71433, 0.67281, 0.67972
0.54696, 0.57329, 0.73479, 0.71659, 0.65668
0.54531, 0.58954, 0.73191, 0.68664, 0.66820
0.53483, 0.58831, 0.74344, 0.69585, 0.66129
0.53502, 0.58661, 0.74604, 0.69124, 0.66129
0.53159, 0.57890, 0.74056, 0.70968, 0.66820
0.52615, 0.60774, 0.72557, 0.67051, 0.65438
0.52975, 0.59136, 0.73854, 0.68203, 0.66820
0.52340, 0.58126, 0.74229, 0.69585, 0.65668
0.51727, 0.60662, 0.73508, 0.67512, 0.67281
0.52265, 0.59056, 0.73479, 0.69124, 0.65899
0.50934, 0.57622, 0.75930, 0.70968, 0.67742
0.51026, 0.57394, 0.76016, 0.70276, 0.67742
0.51060, 0.57486, 0.76016, 0.69355, 0.64747
0.50857, 0.57889, 0.76304, 0.68433, 0.66359
0.51552, 0.58015, 0.74892, 0.69124, 0.64516
0.50440, 0.57602, 0.77227, 0.67051, 0.67281
0.49772, 0.57332, 0.76996, 0.69355, 0.68894
0.49486, 0.57883, 0.75930, 0.69355, 0.68894
0.49167, 0.58639, 0.77602, 0.67512, 0.68203
----------------------------------------------------------------------------------------------------------------------------
0.68426, 0.67505, 0.56155, 0.58756, 0.52304
0.66654, 0.66127, 0.62583, 0.60369, 0.58065
0.63488, 0.65367, 0.62496, 0.61060, 0.57604
0.61872, 0.64576, 0.68781, 0.66129, 0.61060
0.60062, 0.63360, 0.71231, 0.67051, 0.64055
0.58467, 0.63162, 0.72326, 0.67742, 0.63594
0.57399, 0.63867, 0.73191, 0.68433, 0.64055
0.55202, 0.64744, 0.74200, 0.64286, 0.63825
0.54833, 0.63636, 0.75555, 0.66129, 0.66129
0.52782, 0.64547, 0.77025, 0.65438, 0.66590
0.51796, 0.63246, 0.78293, 0.67051, 0.68203
0.49391, 0.69271, 0.78149, 0.64977, 0.67512
0.47637, 0.71181, 0.77976, 0.65438, 0.65438
0.44664, 0.70639, 0.82070, 0.64977, 0.67742
0.43720, 0.74167, 0.83194, 0.65438, 0.66359
0.43319, 0.72621, 0.85327, 0.65438, 0.67972
0.41014, 0.74549, 0.84232, 0.63825, 0.65438
0.36917, 0.80195, 0.86653, 0.65668, 0.66590
0.35560, 0.83217, 0.87864, 0.64516, 0.66359
0.32343, 0.97049, 0.84347, 0.63594, 0.64747
0.30210, 0.94400, 0.89363, 0.64516, 0.65207
0.28939, 1.04996, 0.88469, 0.62673, 0.64055
0.24324, 1.11429, 0.91352, 0.61290, 0.63825
0.23948, 1.22932, 0.91352, 0.58986, 0.63364
0.21492, 1.20461, 0.93629, 0.64286, 0.65899
0.19105, 1.24888, 0.94984, 0.62673, 0.64747
----------------------------------------------------------------------------------------------------------------------------
0.68140, 0.67669, 0.56010, 0.54608, 0.53226
0.67279, 0.66599, 0.60738, 0.58525, 0.56912
0.65931, 0.63033, 0.64024, 0.65207, 0.60599
0.62696, 0.60507, 0.65004, 0.64977, 0.61060
0.61214, 0.60260, 0.67858, 0.69355, 0.64055
0.60587, 0.61352, 0.65379, 0.61982, 0.62442
0.60014, 0.58978, 0.67973, 0.66820, 0.63364
0.59112, 0.58497, 0.69386, 0.67051, 0.65899
0.58495, 0.58686, 0.69184, 0.66359, 0.65207
0.58054, 0.58791, 0.69415, 0.66590, 0.66590
0.56877, 0.57643, 0.72672, 0.72120, 0.67972
0.56286, 0.57499, 0.72326, 0.71659, 0.66359
0.55411, 0.60839, 0.68521, 0.65899, 0.65207
0.55067, 0.58142, 0.73162, 0.71429, 0.68664
0.55246, 0.56910, 0.74632, 0.71889, 0.69355
0.52981, 0.60203, 0.70539, 0.67742, 0.67051
0.53464, 0.59201, 0.73825, 0.67281, 0.67742
0.51851, 0.60094, 0.73998, 0.67742, 0.67281
0.51304, 0.57841, 0.77083, 0.74654, 0.68894
0.50551, 0.58900, 0.76506, 0.71198, 0.68664
0.49240, 0.59303, 0.76650, 0.70737, 0.69816
0.49035, 0.59661, 0.78063, 0.72581, 0.69124
0.48494, 0.61463, 0.77083, 0.71429, 0.68203
0.47500, 0.64958, 0.76045, 0.67972, 0.65668
0.46160, 0.59452, 0.79562, 0.74885, 0.70046
0.45434, 0.62191, 0.79965, 0.72350, 0.69585
0.45232, 0.67460, 0.75353, 0.67742, 0.66590
0.45270, 0.62957, 0.80628, 0.71659, 0.68894
0.43037, 0.64049, 0.81320, 0.72350, 0.69585
0.42770, 0.62123, 0.82272, 0.74654, 0.71198
0.42540, 0.63493, 0.81954, 0.73733, 0.68894
0.41195, 0.65301, 0.83453, 0.73272, 0.69124
0.40992, 0.68171, 0.83223, 0.71198, 0.68664
0.39342, 0.69764, 0.82214, 0.68664, 0.68203
0.38550, 0.68528, 0.84174, 0.71889, 0.70276
----------------------------------------------------------------------------------------------------------------------------
0.68140, 0.67664, 0.56010, 0.54608, 0.53226
0.67276, 0.66534, 0.60767, 0.58756, 0.57143
0.65886, 0.62885, 0.64399, 0.65438, 0.61290
0.62689, 0.60611, 0.64889, 0.64516, 0.61290
0.61254, 0.60484, 0.67685, 0.68894, 0.63825
0.60505, 0.61385, 0.65610, 0.62442, 0.62673
0.60091, 0.59205, 0.68291, 0.65899, 0.64055
0.59183, 0.58674, 0.68896, 0.66820, 0.65438
0.58500, 0.58604, 0.69357, 0.66590, 0.66359
0.58068, 0.58969, 0.69501, 0.66359, 0.65668
0.56847, 0.57468, 0.72442, 0.73041, 0.67972
0.56406, 0.57291, 0.72672, 0.71889, 0.67972
0.55385, 0.60842, 0.68896, 0.65668, 0.64286
0.55124, 0.57897, 0.73306, 0.71429, 0.68203
0.55219, 0.56922, 0.74690, 0.72120, 0.71659
0.53066, 0.60215, 0.71029, 0.67512, 0.66820
0.53415, 0.59386, 0.73796, 0.67972, 0.68203
0.52075, 0.60526, 0.73912, 0.66590, 0.67742
0.51466, 0.58305, 0.76766, 0.73963, 0.69355
0.50608, 0.59540, 0.76477, 0.70737, 0.68894
0.49401, 0.59165, 0.76650, 0.71889, 0.70046
0.49084, 0.60611, 0.77457, 0.72120, 0.70737
0.48468, 0.61202, 0.77400, 0.71198, 0.68664
0.47424, 0.64083, 0.76679, 0.69355, 0.66359
0.46352, 0.59458, 0.79389, 0.74424, 0.71659
0.45811, 0.61550, 0.80110, 0.72811, 0.69355
0.45571, 0.66018, 0.75757, 0.68433, 0.65668
0.45209, 0.63021, 0.80023, 0.72811, 0.68433
0.43068, 0.62738, 0.81580, 0.72811, 0.70276
0.43064, 0.61515, 0.81839, 0.74194, 0.70968
0.42289, 0.62565, 0.80974, 0.73272, 0.68203
0.41390, 0.64961, 0.83079, 0.72811, 0.69355
0.40593, 0.67622, 0.83021, 0.72581, 0.70046
0.40241, 0.69046, 0.82099, 0.69816, 0.69355
0.38800, 0.66484, 0.84289, 0.70968, 0.70046
----------------------------------------------------------------------------------------------------------------------------
0.67477, 0.68038, 0.60046, 0.57143, 0.57373
0.66196, 0.66283, 0.63361, 0.61982, 0.63364
0.64969, 0.66276, 0.62150, 0.60829, 0.61290
0.64271, 0.64849, 0.63851, 0.62442, 0.59217
0.64258, 0.64488, 0.63563, 0.63594, 0.60829
0.63222, 0.62716, 0.65639, 0.64516, 0.64055
0.61658, 0.62234, 0.67772, 0.64977, 0.63594
0.60678, 0.62378, 0.66446, 0.63594, 0.64286
0.59923, 0.60878, 0.68838, 0.65899, 0.65438
0.59716, 0.61171, 0.70481, 0.66820, 0.65207
0.58733, 0.60530, 0.70798, 0.66359, 0.67051
0.58149, 0.66466, 0.65206, 0.62673, 0.62212
0.57765, 0.59668, 0.71952, 0.67512, 0.67281
0.57110, 0.59825, 0.72557, 0.68433, 0.64977
0.56866, 0.59175, 0.72816, 0.69124, 0.64516
0.55993, 0.59678, 0.72413, 0.66820, 0.65438
0.55934, 0.61869, 0.69040, 0.64747, 0.59217
0.55659, 0.60839, 0.72326, 0.65207, 0.64747
0.54326, 0.59446, 0.72961, 0.70276, 0.63364
0.55316, 0.61472, 0.71462, 0.68433, 0.60599
0.54663, 0.59565, 0.73191, 0.67281, 0.65668
0.53710, 0.64658, 0.68579, 0.64055, 0.63364
0.52696, 0.61594, 0.73162, 0.67972, 0.64055
0.52408, 0.59599, 0.75555, 0.68433, 0.64516
0.52516, 0.58919, 0.75613, 0.67051, 0.65668
0.52022, 0.59274, 0.76650, 0.69355, 0.64286
0.50943, 0.60604, 0.76535, 0.69124, 0.64747
0.51371, 0.60762, 0.76449, 0.70046, 0.63825
0.50628, 0.61705, 0.75987, 0.69355, 0.66590
0.49763, 0.61431, 0.75555, 0.67051, 0.62903
0.50326, 0.60568, 0.76881, 0.67972, 0.65438
0.49937, 0.59586, 0.78265, 0.68894, 0.64977
0.49481, 0.60812, 0.77371, 0.68894, 0.63594
0.48754, 0.60166, 0.77948, 0.69124, 0.64055
0.47924, 0.62596, 0.75901, 0.66820, 0.65438
0.48058, 0.61608, 0.76506, 0.68664, 0.63594
0.47193, 0.62908, 0.78005, 0.67512, 0.63825
0.48014, 0.61877, 0.79158, 0.65899, 0.65668
0.45891, 0.62998, 0.79274, 0.67742, 0.64055
0.46262, 0.64727, 0.79187, 0.66590, 0.63364
0.46260, 0.61809, 0.79677, 0.67972, 0.64747
0.45394, 0.63035, 0.80023, 0.67972, 0.63594
0.45134, 0.65559, 0.79389, 0.65899, 0.63825
0.45006, 0.67808, 0.79591, 0.67972, 0.61290
0.44187, 0.66654, 0.79158, 0.65438, 0.62903
----------------------------------------------------------------------------------------------------------------------------
0.68374, 0.68818, 0.55405, 0.52304, 0.60138
0.67361, 0.67381, 0.59066, 0.57834, 0.61290
0.66208, 0.66389, 0.63477, 0.60369, 0.65207
0.65484, 0.65101, 0.65408, 0.64286, 0.64977
0.64620, 0.64336, 0.63275, 0.60369, 0.61521
0.63016, 0.62125, 0.68233, 0.66820, 0.66590
0.61309, 0.61319, 0.68435, 0.67742, 0.65899
0.60815, 0.60795, 0.70337, 0.65438, 0.66359
0.59767, 0.61746, 0.69328, 0.64055, 0.62442
0.59238, 0.60836, 0.69934, 0.67281, 0.64286
0.58576, 0.61062, 0.70798, 0.63825, 0.64977
0.58448, 0.61017, 0.71289, 0.65207, 0.63364
0.58233, 0.60420, 0.72240, 0.65668, 0.64977
0.57781, 0.61246, 0.69386, 0.67512, 0.65899
0.57112, 0.60923, 0.71116, 0.67742, 0.65438
0.56946, 0.60827, 0.71173, 0.67281, 0.66129
0.56394, 0.60539, 0.71606, 0.65438, 0.64055
0.55842, 0.60095, 0.71519, 0.67281, 0.67512
0.55901, 0.59312, 0.73047, 0.67051, 0.66129
0.54779, 0.59740, 0.73739, 0.68203, 0.65668
0.54612, 0.60388, 0.73595, 0.67051, 0.66129
0.53564, 0.60738, 0.72932, 0.67051, 0.66820
0.53351, 0.60559, 0.72701, 0.67742, 0.68203
0.52334, 0.60052, 0.74459, 0.69816, 0.68203
0.51329, 0.58190, 0.75065, 0.66590, 0.68203
0.51266, 0.60613, 0.74719, 0.68664, 0.67051
0.50771, 0.58530, 0.77313, 0.67742, 0.66590
0.49969, 0.58972, 0.77198, 0.70046, 0.67281
0.48978, 0.59569, 0.77515, 0.69124, 0.67281
0.48272, 0.58563, 0.78236, 0.67972, 0.68664
0.48033, 0.67872, 0.74056, 0.67972, 0.67742
0.47992, 0.59962, 0.78236, 0.68203, 0.66359
0.46573, 0.61836, 0.76391, 0.65668, 0.64516
0.46537, 0.61456, 0.79792, 0.68664, 0.67281
0.46196, 0.60834, 0.80023, 0.69355, 0.67972
0.44851, 0.64221, 0.77803, 0.67281, 0.66590
0.45177, 0.63334, 0.81234, 0.68894, 0.68664
0.44617, 0.64673, 0.79504, 0.67051, 0.67742
0.43668, 0.65121, 0.81147, 0.65899, 0.68433
0.43012, 0.69590, 0.79648, 0.67051, 0.70046
0.41889, 0.66470, 0.81897, 0.68203, 0.69124
0.41353, 0.69012, 0.81839, 0.66129, 0.70046
0.41001, 0.66299, 0.82733, 0.66129, 0.67972
0.40476, 0.66115, 0.82935, 0.67051, 0.69816
0.40165, 0.68304, 0.82502, 0.64055, 0.68203
----------------------------------------------------------------------------------------------------------------------------
0.68446, 0.67708, 0.55578, 0.56221, 0.53687
0.67667, 0.66330, 0.56702, 0.57373, 0.53917
0.66367, 0.64849, 0.63822, 0.64516, 0.61060
0.64761, 0.62811, 0.64543, 0.65899, 0.61060
0.64180, 0.61749, 0.65984, 0.67972, 0.64747
0.63139, 0.60353, 0.65091, 0.66590, 0.62442
0.61766, 0.60515, 0.64399, 0.65899, 0.60829
0.60833, 0.59887, 0.69155, 0.72581, 0.69816
0.60158, 0.58116, 0.69184, 0.70276, 0.68664
0.59167, 0.58872, 0.70107, 0.73502, 0.70046
0.57851, 0.58078, 0.70020, 0.69585, 0.67972
0.57414, 0.61518, 0.68146, 0.67281, 0.65668
0.57487, 0.58309, 0.70770, 0.68664, 0.67742
0.56110, 0.57728, 0.73162, 0.71429, 0.70737
0.55526, 0.57855, 0.73162, 0.70046, 0.70968
0.54401, 0.57883, 0.73825, 0.70276, 0.70507
0.53633, 0.59538, 0.73883, 0.68664, 0.69124
0.52436, 0.59544, 0.75295, 0.67972, 0.70276
0.52650, 0.58374, 0.75209, 0.70276, 0.71198
0.51487, 0.58829, 0.76679, 0.69355, 0.70968
0.51107, 0.58216, 0.77256, 0.68664, 0.69585
0.50651, 0.59741, 0.75958, 0.69355, 0.70276
0.49968, 0.59330, 0.78265, 0.69124, 0.70046
0.49042, 0.60380, 0.77285, 0.68203, 0.69816
0.48023, 0.60601, 0.78956, 0.69585, 0.69816
0.47514, 0.59920, 0.79821, 0.68433, 0.71198
0.46922, 0.61092, 0.80138, 0.68894, 0.69585
0.45669, 0.64781, 0.78956, 0.68894, 0.67051
0.45836, 0.61977, 0.80974, 0.70968, 0.69585
0.44401, 0.63813, 0.81263, 0.69585, 0.67281
0.43456, 0.63870, 0.81436, 0.68664, 0.68894
0.42880, 0.65233, 0.82473, 0.69816, 0.67972
0.42136, 0.67056, 0.82531, 0.69585, 0.68433
0.41301, 0.68780, 0.82445, 0.70276, 0.66590
----------------------------------------------------------------------------------------------------------------------------
0.68589, 0.67718, 0.55319, 0.58295, 0.58065
0.67865, 0.66870, 0.59412, 0.60599, 0.57373
0.66084, 0.64808, 0.63505, 0.61982, 0.61290
0.63556, 0.62512, 0.65437, 0.66359, 0.63364
0.62229, 0.62027, 0.66590, 0.65668, 0.63825
0.61573, 0.62148, 0.64860, 0.66590, 0.63364
0.59519, 0.61168, 0.67714, 0.66820, 0.64055
0.58701, 0.61077, 0.69386, 0.67742, 0.68664
0.57365, 0.63911, 0.69703, 0.64516, 0.65899
0.56590, 0.59212, 0.70453, 0.67972, 0.69355
0.55305, 0.58905, 0.70683, 0.67512, 0.67281
0.54783, 0.58963, 0.72672, 0.67972, 0.68894
0.54395, 0.59692, 0.74315, 0.66820, 0.69355
0.53721, 0.58908, 0.74517, 0.68203, 0.69585
0.52555, 0.60014, 0.75699, 0.67051, 0.67281
0.52186, 0.60829, 0.76160, 0.65668, 0.68433
0.51959, 0.60270, 0.74921, 0.69355, 0.69124
0.51848, 0.61819, 0.76131, 0.66129, 0.66820
0.50969, 0.60886, 0.77544, 0.66129, 0.69124
0.50459, 0.64213, 0.75497, 0.65899, 0.63825
0.49811, 0.61735, 0.77890, 0.68203, 0.67972
0.49168, 0.60939, 0.78293, 0.67972, 0.68664
0.48454, 0.61064, 0.78351, 0.68203, 0.69585
0.47691, 0.64957, 0.78611, 0.66820, 0.66820
0.47043, 0.65157, 0.79072, 0.64516, 0.64516
0.46412, 0.63783, 0.79706, 0.66590, 0.64977
0.46414, 0.63823, 0.80138, 0.67742, 0.66820
0.45029, 0.65864, 0.80600, 0.64977, 0.68894
0.45034, 0.66298, 0.81061, 0.66359, 0.64286
0.44083, 0.66645, 0.80427, 0.66129, 0.67051
0.42656, 0.68462, 0.82156, 0.66359, 0.65207
----------------------------------------------------------------------------------------------------------------------------
0.67477, 0.68038, 0.60046, 0.57143, 0.57373
0.66196, 0.66283, 0.63361, 0.61982, 0.63364
0.64969, 0.66276, 0.62150, 0.60829, 0.61290
0.64271, 0.64849, 0.63851, 0.62442, 0.59217
0.64258, 0.64488, 0.63563, 0.63594, 0.60829
0.63222, 0.62716, 0.65639, 0.64516, 0.64055
0.61658, 0.62234, 0.67772, 0.64977, 0.63594
0.60678, 0.62378, 0.66446, 0.63594, 0.64286
0.59923, 0.60878, 0.68838, 0.65899, 0.65438
0.59716, 0.61171, 0.70481, 0.66820, 0.65207
0.58733, 0.60530, 0.70798, 0.66359, 0.67051
0.58149, 0.66466, 0.65206, 0.62673, 0.62212
0.57765, 0.59664, 0.71980, 0.67512, 0.67281
0.57113, 0.59821, 0.72586, 0.68433, 0.64977
0.56869, 0.59246, 0.72874, 0.69124, 0.64516
0.55997, 0.59677, 0.72384, 0.67051, 0.65438
0.55921, 0.61900, 0.68982, 0.64977, 0.59217
0.55671, 0.60825, 0.72413, 0.65207, 0.64977
0.54342, 0.59465, 0.72903, 0.70507, 0.63364
0.55324, 0.61321, 0.71577, 0.67972, 0.60829
0.54659, 0.59678, 0.73191, 0.67051, 0.65668
0.53724, 0.64786, 0.68579, 0.64055, 0.63364
0.52684, 0.61460, 0.73162, 0.67972, 0.64055
0.52393, 0.59701, 0.75786, 0.68664, 0.64055
0.52524, 0.58909, 0.75699, 0.67051, 0.65899
0.52010, 0.59193, 0.76535, 0.69124, 0.64286
0.50924, 0.60557, 0.76794, 0.69585, 0.64977
0.51345, 0.60798, 0.76333, 0.69816, 0.63825
0.50648, 0.61590, 0.75930, 0.69355, 0.66820
0.49757, 0.61368, 0.75497, 0.67281, 0.63364
0.50283, 0.60706, 0.77025, 0.67972, 0.65668
0.49834, 0.59772, 0.78265, 0.68433, 0.64747
0.49524, 0.60751, 0.77429, 0.68433, 0.63825
0.48755, 0.60069, 0.77919, 0.69124, 0.64747
0.47896, 0.62497, 0.75728, 0.66820, 0.64977
0.48089, 0.61572, 0.76247, 0.68433, 0.64286
0.47228, 0.62828, 0.77890, 0.67281, 0.63364
0.48031, 0.62015, 0.79129, 0.65438, 0.65668
0.45967, 0.62865, 0.79447, 0.67742, 0.63594
0.46243, 0.64650, 0.79187, 0.66590, 0.63364
0.46167, 0.61937, 0.79533, 0.68203, 0.64747
0.45414, 0.62969, 0.80081, 0.67972, 0.64055
0.45236, 0.65530, 0.79619, 0.65668, 0.63825
0.45033, 0.67963, 0.79591, 0.67051, 0.61521
0.44229, 0.66624, 0.79274, 0.66359, 0.62903
----------------------------------------------------------------------------------------------------------------------------
0.68466, 0.67542, 0.55405, 0.58756, 0.56912
0.67343, 0.66150, 0.56097, 0.58756, 0.57604
0.66411, 0.64953, 0.62295, 0.61060, 0.61982
0.64453, 0.64743, 0.65811, 0.64977, 0.67742
0.63292, 0.63270, 0.67656, 0.66820, 0.67051
0.61643, 0.61159, 0.68867, 0.67972, 0.67281
0.61366, 0.61083, 0.69300, 0.69585, 0.67281
0.60520, 0.60182, 0.68781, 0.69355, 0.68203
0.59822, 0.60384, 0.69645, 0.69816, 0.68664
0.59495, 0.60479, 0.69645, 0.69816, 0.68433
0.59263, 0.59384, 0.69328, 0.68894, 0.69585
0.58873, 0.59305, 0.70078, 0.70968, 0.69355
0.58139, 0.59446, 0.70164, 0.68433, 0.69585
0.57788, 0.58915, 0.67801, 0.67512, 0.67512
0.57657, 0.60874, 0.70798, 0.68894, 0.67972
0.57084, 0.58523, 0.71577, 0.71198, 0.70737
0.56812, 0.58145, 0.71894, 0.71429, 0.69585
0.56311, 0.57610, 0.72067, 0.71889, 0.69585
0.55330, 0.57154, 0.72009, 0.71198, 0.70968
0.54730, 0.56989, 0.73133, 0.71429, 0.69355
0.54371, 0.58919, 0.73537, 0.71429, 0.67512
0.53859, 0.57012, 0.73998, 0.72120, 0.68894
0.53268, 0.56845, 0.74863, 0.71429, 0.69816
0.52698, 0.56913, 0.75180, 0.73502, 0.70046
0.51722, 0.57347, 0.75958, 0.72581, 0.70276
0.51089, 0.57203, 0.76247, 0.70737, 0.69124
0.50196, 0.57710, 0.76131, 0.72120, 0.71659
0.50535, 0.58339, 0.75757, 0.70737, 0.67281
0.50061, 0.57051, 0.76449, 0.72120, 0.69355
0.49030, 0.61406, 0.76794, 0.68203, 0.68433
0.48660, 0.59559, 0.77602, 0.72120, 0.71198
0.48174, 0.64573, 0.76333, 0.68433, 0.69355
0.47471, 0.59611, 0.78697, 0.69585, 0.72120
0.46586, 0.61425, 0.79101, 0.70276, 0.70507
0.46648, 0.59222, 0.78553, 0.70737, 0.71429
0.46770, 0.58997, 0.79447, 0.70737, 0.71198
0.45927, 0.61911, 0.79360, 0.70046, 0.70737
0.45245, 0.62656, 0.79677, 0.69355, 0.70737
0.45259, 0.64558, 0.80167, 0.68664, 0.69124
0.44185, 0.62315, 0.78956, 0.69585, 0.70046
0.44301, 0.61332, 0.80686, 0.70968, 0.69585
0.43533, 0.62534, 0.81263, 0.69585, 0.71889
0.42975, 0.61859, 0.80686, 0.69355, 0.68433
============================================================================================================================
Namespace(pooling='lspool', batch_size=32, lr=0.0001, epochs=200, pool_ratio=0.5, dataset='FRANKENSTEIN', edges=False, runs=10, logging='logs/26_03_24/lspool_maxabs_frankenstein', config='config/config.json', patience=20, seeds='config/seeds'); _CudaDeviceProperties(name='NVIDIA GeForce RTX 4060 Ti', major=8, minor=9, total_memory=16379MB, multi_processor_count=34); {'hidden_features': 128, 'nonlinearity': 'elu', 'p_dropout': 0.0, 'conv_layer': 'GraphConv', 'pre_gnn': [64, 128], 'post_gnn': [128, 64], 'pre_pool_convs': 1, 'post_pool_convs': 1} 
----------------------------------------------------------------------------------------------------------------------------
0.68351, 0.67978, 0.55607, 0.55530, 0.57373
0.67497, 0.66866, 0.56962, 0.57373, 0.57604
0.66200, 0.64355, 0.63707, 0.65438, 0.63594
0.63855, 0.59708, 0.67138, 0.70507, 0.66359
0.62178, 0.58253, 0.67599, 0.71198, 0.66820
0.61079, 0.59839, 0.63361, 0.64286, 0.62212
0.60888, 0.56312, 0.68579, 0.70737, 0.64747
0.60148, 0.56347, 0.68348, 0.71198, 0.64055
0.60085, 0.56275, 0.68348, 0.70046, 0.64516
0.59698, 0.55946, 0.68809, 0.70737, 0.65207
0.59170, 0.55896, 0.68233, 0.70046, 0.63594
0.58893, 0.55301, 0.69934, 0.69816, 0.63364
0.58805, 0.55672, 0.70078, 0.72350, 0.63134
0.57777, 0.54396, 0.70914, 0.71429, 0.65899
0.57267, 0.54234, 0.71116, 0.72811, 0.65207
0.57325, 0.54658, 0.71721, 0.70737, 0.65899
0.56546, 0.55411, 0.71202, 0.70046, 0.66820
0.55895, 0.55066, 0.72269, 0.70507, 0.65668
0.55851, 0.54509, 0.73624, 0.71198, 0.67281
0.55049, 0.54728, 0.72326, 0.69816, 0.64055
0.54599, 0.55686, 0.72009, 0.69124, 0.64747
0.54230, 0.55416, 0.73854, 0.71889, 0.64977
0.53989, 0.55856, 0.74027, 0.68894, 0.66359
0.52431, 0.56058, 0.74459, 0.73041, 0.67512
0.52238, 0.55627, 0.75786, 0.71659, 0.65438
0.52309, 0.54972, 0.76131, 0.71659, 0.66129
0.51161, 0.57787, 0.73710, 0.69124, 0.66129
0.51380, 0.55456, 0.76449, 0.71429, 0.64747
0.49335, 0.55740, 0.77313, 0.72350, 0.67742
0.48879, 0.56645, 0.77227, 0.70968, 0.68664
0.49020, 0.54280, 0.77775, 0.74654, 0.67281
0.47602, 0.55712, 0.78841, 0.71659, 0.67281
0.47322, 0.54907, 0.78582, 0.73041, 0.67051
0.47087, 0.55876, 0.78784, 0.73041, 0.67742
0.46161, 0.57533, 0.80138, 0.70968, 0.67742
----------------------------------------------------------------------------------------------------------------------------
0.68567, 0.67663, 0.55434, 0.58295, 0.52535
0.67503, 0.66372, 0.60680, 0.62442, 0.55991
0.63961, 0.65291, 0.61978, 0.61060, 0.56452
0.61404, 0.64502, 0.68636, 0.66129, 0.62673
0.59678, 0.63807, 0.70943, 0.62673, 0.67051
0.58706, 0.63841, 0.69213, 0.65899, 0.63134
0.57911, 0.64012, 0.71462, 0.66359, 0.65668
0.56318, 0.64991, 0.73191, 0.62212, 0.67281
0.56102, 0.64363, 0.74315, 0.64977, 0.67512
0.55157, 0.65335, 0.72845, 0.65438, 0.63594
0.53695, 0.66458, 0.74517, 0.63825, 0.65438
0.52749, 0.67761, 0.75901, 0.63594, 0.65899
0.50108, 0.71027, 0.75209, 0.62442, 0.65438
0.48410, 0.70062, 0.79619, 0.64286, 0.64977
0.46699, 0.72945, 0.79965, 0.63134, 0.64977
0.45597, 0.74434, 0.81753, 0.64516, 0.65668
0.43630, 0.75687, 0.83223, 0.61290, 0.66590
0.40650, 0.82005, 0.84405, 0.61521, 0.65207
0.39828, 0.84592, 0.85327, 0.62212, 0.65207
0.36694, 0.91489, 0.83943, 0.63364, 0.66820
0.34916, 0.88808, 0.88268, 0.62212, 0.62673
0.33720, 1.02839, 0.84693, 0.62903, 0.65668
0.28940, 1.06747, 0.87287, 0.57834, 0.63594
0.27919, 1.13925, 0.90574, 0.58065, 0.64516
0.25976, 1.18190, 0.92563, 0.58986, 0.66590
----------------------------------------------------------------------------------------------------------------------------
0.68225, 0.67881, 0.55866, 0.54378, 0.52995
0.67336, 0.66438, 0.59816, 0.58295, 0.57143
0.66122, 0.64101, 0.63621, 0.61982, 0.59677
0.63314, 0.60135, 0.65667, 0.66129, 0.62442
0.61692, 0.60112, 0.67772, 0.67742, 0.61982
0.60707, 0.60085, 0.67685, 0.64516, 0.63364
0.60515, 0.59625, 0.67656, 0.65438, 0.63594
0.59793, 0.59150, 0.68752, 0.65899, 0.63364
0.58946, 0.59353, 0.69069, 0.66359, 0.63364
0.58903, 0.58898, 0.69184, 0.66820, 0.64286
0.57613, 0.57837, 0.71779, 0.70968, 0.65438
0.56959, 0.57791, 0.72038, 0.71659, 0.67742
0.56237, 0.61124, 0.67109, 0.64055, 0.62903
0.56062, 0.58681, 0.71865, 0.67972, 0.65438
0.55585, 0.56984, 0.73941, 0.72811, 0.67281
0.54436, 0.61296, 0.69415, 0.66129, 0.62212
0.54118, 0.59446, 0.73105, 0.68894, 0.65438
0.53014, 0.59185, 0.74171, 0.69816, 0.67281
0.52464, 0.57621, 0.74863, 0.72811, 0.65899
0.51377, 0.60117, 0.75555, 0.70507, 0.66129
0.50327, 0.59849, 0.75930, 0.70276, 0.67281
0.50485, 0.59432, 0.77688, 0.71429, 0.67512
0.49401, 0.60103, 0.77400, 0.71429, 0.67512
0.48703, 0.66065, 0.74459, 0.66129, 0.63825
0.47704, 0.60913, 0.77342, 0.70276, 0.66590
0.47007, 0.60828, 0.80081, 0.70507, 0.67051
0.47175, 0.65191, 0.76131, 0.68433, 0.63594
0.47122, 0.60297, 0.80974, 0.70968, 0.67512
0.44629, 0.61674, 0.80110, 0.70737, 0.65438
0.44500, 0.60952, 0.81407, 0.72350, 0.66359
0.43862, 0.60884, 0.81753, 0.72350, 0.67051
0.42550, 0.63272, 0.83136, 0.70276, 0.65899
0.41535, 0.65789, 0.83540, 0.70046, 0.65207
0.41340, 0.69558, 0.80369, 0.68433, 0.64055
0.39764, 0.65802, 0.84174, 0.68433, 0.63825
----------------------------------------------------------------------------------------------------------------------------
0.68225, 0.67881, 0.55866, 0.54378, 0.52995
0.67335, 0.66430, 0.59787, 0.58986, 0.57143
0.66116, 0.64074, 0.63621, 0.61982, 0.60138
0.63268, 0.60125, 0.65754, 0.66129, 0.62212
0.61684, 0.60112, 0.67858, 0.68203, 0.61982
0.60703, 0.60083, 0.67743, 0.64977, 0.63134
0.60482, 0.59650, 0.67570, 0.65207, 0.62903
0.59844, 0.59187, 0.68636, 0.66590, 0.63594
0.58986, 0.59189, 0.69271, 0.66590, 0.63134
0.58892, 0.58859, 0.68954, 0.66820, 0.63825
0.57622, 0.57738, 0.71721, 0.71429, 0.65207
0.56881, 0.57668, 0.72182, 0.71889, 0.66820
0.56219, 0.61413, 0.67195, 0.64286, 0.62212
0.56036, 0.58723, 0.71634, 0.68203, 0.65668
0.55610, 0.56923, 0.74056, 0.72350, 0.67281
0.54417, 0.61528, 0.69271, 0.65438, 0.61521
0.54057, 0.59582, 0.72932, 0.69355, 0.65438
0.52883, 0.59268, 0.74546, 0.69585, 0.67512
0.52331, 0.57921, 0.75267, 0.72811, 0.66820
0.51396, 0.60532, 0.75468, 0.69585, 0.66590
0.50321, 0.59629, 0.75786, 0.71198, 0.66359
0.50455, 0.59886, 0.77515, 0.71659, 0.67742
0.49307, 0.60183, 0.77313, 0.71429, 0.67051
0.48658, 0.65570, 0.74950, 0.67281, 0.64286
0.47604, 0.61496, 0.77457, 0.70507, 0.66129
0.46892, 0.60973, 0.79994, 0.71429, 0.67972
0.47135, 0.65553, 0.76074, 0.67281, 0.64286
0.46980, 0.60824, 0.81493, 0.71198, 0.67512
0.44453, 0.62878, 0.79619, 0.70968, 0.66129
0.44194, 0.61628, 0.81320, 0.71198, 0.65668
0.43809, 0.62342, 0.82041, 0.71659, 0.66590
0.42360, 0.63941, 0.83050, 0.71429, 0.66129
0.41235, 0.67464, 0.83396, 0.70968, 0.65207
0.40957, 0.71987, 0.80196, 0.68203, 0.64286
0.39542, 0.66658, 0.83626, 0.67972, 0.65438
----------------------------------------------------------------------------------------------------------------------------
0.67789, 0.68203, 0.59297, 0.55760, 0.57834
0.66506, 0.67399, 0.61574, 0.58525, 0.60138
0.65191, 0.66597, 0.60450, 0.59677, 0.60138
0.64053, 0.65831, 0.63563, 0.59677, 0.58295
0.65101, 0.67591, 0.60277, 0.57834, 0.55760
0.64819, 0.66351, 0.62727, 0.58525, 0.59677
0.63240, 0.65028, 0.65811, 0.62903, 0.60829
0.61335, 0.64447, 0.65033, 0.62212, 0.61290
0.60494, 0.62557, 0.68464, 0.66590, 0.64516
0.60087, 0.62317, 0.69098, 0.64977, 0.65438
0.59168, 0.61533, 0.70481, 0.65668, 0.65438
0.58777, 0.68774, 0.63765, 0.60138, 0.60138
0.58230, 0.60405, 0.70798, 0.67051, 0.64747
0.57577, 0.60921, 0.71548, 0.67972, 0.64747
0.57336, 0.60201, 0.72874, 0.67742, 0.66129
0.56630, 0.60407, 0.71779, 0.69355, 0.65438
0.56692, 0.61916, 0.68118, 0.63134, 0.58756
0.56732, 0.60608, 0.71750, 0.65899, 0.65668
0.55491, 0.59202, 0.72759, 0.65899, 0.65438
0.56231, 0.58918, 0.72499, 0.65668, 0.64286
0.55486, 0.58531, 0.73969, 0.68664, 0.66820
0.54967, 0.62401, 0.70568, 0.65899, 0.64747
0.54384, 0.58958, 0.73076, 0.68433, 0.67972
0.53927, 0.58463, 0.74777, 0.69355, 0.66129
0.54530, 0.58667, 0.75036, 0.67742, 0.66359
0.53486, 0.59677, 0.75209, 0.66129, 0.65668
0.53104, 0.59081, 0.75238, 0.68203, 0.66820
0.53408, 0.58158, 0.76189, 0.68433, 0.65899
0.52696, 0.59194, 0.74546, 0.68203, 0.66820
0.51755, 0.61502, 0.71663, 0.64055, 0.59217
0.52107, 0.59768, 0.76247, 0.66820, 0.63825
0.51724, 0.58246, 0.76766, 0.67512, 0.64747
0.51374, 0.58152, 0.76506, 0.68203, 0.65207
0.50455, 0.58004, 0.77227, 0.69816, 0.65207
0.50382, 0.59883, 0.76477, 0.67281, 0.65207
0.50253, 0.61342, 0.74344, 0.67051, 0.64055
0.49878, 0.58984, 0.77169, 0.67281, 0.63594
0.50052, 0.59125, 0.77429, 0.68664, 0.63364
0.48736, 0.58859, 0.77746, 0.69124, 0.64977
0.49194, 0.58318, 0.77746, 0.69585, 0.62903
0.48715, 0.59132, 0.78178, 0.68203, 0.62903
0.47629, 0.60707, 0.77544, 0.69124, 0.64516
0.47995, 0.60221, 0.78322, 0.67972, 0.62903
0.47305, 0.60991, 0.78611, 0.68433, 0.60599
0.46471, 0.59096, 0.78611, 0.68664, 0.61982
0.47992, 0.63533, 0.76362, 0.66590, 0.64747
0.46828, 0.59050, 0.79245, 0.68664, 0.60599
0.46093, 0.60078, 0.79129, 0.69355, 0.61521
0.45903, 0.59575, 0.79994, 0.68894, 0.61521
0.45011, 0.62347, 0.79879, 0.68894, 0.61060
0.44823, 0.60508, 0.80513, 0.69355, 0.61751
0.44527, 0.63913, 0.79475, 0.67051, 0.63594
0.44916, 0.63496, 0.77400, 0.66359, 0.64747
0.44464, 0.62330, 0.80398, 0.68664, 0.62442
----------------------------------------------------------------------------------------------------------------------------
0.68337, 0.68698, 0.55405, 0.52304, 0.60138
0.67074, 0.66492, 0.62179, 0.60138, 0.62903
0.65462, 0.64730, 0.65466, 0.65899, 0.63825
0.63826, 0.64237, 0.64226, 0.62442, 0.60138
0.62605, 0.63280, 0.64485, 0.63825, 0.64286
0.61474, 0.61012, 0.69588, 0.66590, 0.65207
0.60280, 0.60910, 0.69703, 0.64747, 0.63594
0.60091, 0.60535, 0.69732, 0.67051, 0.64055
0.59196, 0.60151, 0.70770, 0.67051, 0.64286
0.58624, 0.59642, 0.71000, 0.68433, 0.64286
0.57529, 0.59736, 0.70885, 0.66359, 0.64055
0.57315, 0.60597, 0.69876, 0.66820, 0.62903
0.56475, 0.59230, 0.72269, 0.67742, 0.65668
0.56123, 0.59729, 0.72240, 0.69355, 0.65438
0.54979, 0.60530, 0.72442, 0.68894, 0.65438
0.54968, 0.58952, 0.73335, 0.70507, 0.66129
0.54417, 0.58435, 0.73537, 0.68894, 0.65899
0.53831, 0.58664, 0.74315, 0.69355, 0.64977
0.52300, 0.59137, 0.74661, 0.69124, 0.64055
0.52117, 0.60843, 0.74344, 0.67972, 0.65668
0.51358, 0.63104, 0.73249, 0.66590, 0.67742
0.50048, 0.58814, 0.77054, 0.70737, 0.67281
0.49274, 0.60712, 0.76477, 0.69355, 0.67972
0.48256, 0.60246, 0.78178, 0.70507, 0.65899
0.47504, 0.60718, 0.78582, 0.67972, 0.64747
0.47001, 0.61984, 0.79619, 0.68894, 0.69124
0.45836, 0.64534, 0.78120, 0.68894, 0.68433
0.44669, 0.61595, 0.81580, 0.70046, 0.68894
0.43693, 0.64992, 0.81234, 0.69124, 0.66820
0.43312, 0.63913, 0.81637, 0.67512, 0.64055
0.41606, 0.64831, 0.82185, 0.69355, 0.69585
0.40787, 0.65815, 0.82531, 0.66820, 0.67051
0.40767, 0.67570, 0.83280, 0.68203, 0.64286
0.38756, 0.67400, 0.84520, 0.69585, 0.67512
0.37869, 0.74463, 0.81032, 0.64286, 0.59447
0.36331, 0.72690, 0.84347, 0.64747, 0.62212
0.37032, 0.71963, 0.86048, 0.67281, 0.63825
----------------------------------------------------------------------------------------------------------------------------
0.68499, 0.67840, 0.55607, 0.56221, 0.53687
0.67699, 0.66748, 0.56414, 0.56221, 0.53687
0.66500, 0.65044, 0.64947, 0.64516, 0.60829
0.64782, 0.62902, 0.66359, 0.67972, 0.64747
0.64105, 0.62163, 0.66965, 0.68894, 0.67281
0.62942, 0.60636, 0.66792, 0.67051, 0.64286
0.61651, 0.61211, 0.66042, 0.67742, 0.62442
0.60953, 0.60127, 0.67945, 0.69124, 0.67972
0.60561, 0.59583, 0.68982, 0.70046, 0.67972
0.59697, 0.61054, 0.68319, 0.67742, 0.67972
0.58917, 0.60008, 0.68723, 0.69124, 0.67281
0.59063, 0.61373, 0.67945, 0.66590, 0.68433
0.59803, 0.60067, 0.69184, 0.66820, 0.67051
0.59019, 0.59957, 0.69300, 0.69816, 0.68894
0.59411, 0.60065, 0.68665, 0.67972, 0.67512
0.58890, 0.62262, 0.65581, 0.64286, 0.60829
0.58824, 0.58527, 0.69328, 0.69585, 0.66590
0.57696, 0.59952, 0.68982, 0.68894, 0.66820
0.58158, 0.57729, 0.70020, 0.72581, 0.69585
0.57787, 0.57599, 0.70770, 0.73272, 0.70737
0.57381, 0.57802, 0.71519, 0.72120, 0.69124
0.57041, 0.58340, 0.71087, 0.72811, 0.71198
0.56918, 0.58037, 0.72269, 0.72581, 0.68894
0.56457, 0.57590, 0.71087, 0.72350, 0.68664
0.56355, 0.58398, 0.72816, 0.70737, 0.68894
0.55278, 0.58729, 0.72932, 0.70968, 0.71198
0.54855, 0.58510, 0.73508, 0.72581, 0.70737
0.54063, 0.58865, 0.73998, 0.71659, 0.69355
0.53954, 0.59341, 0.74488, 0.71889, 0.69124
0.53606, 0.59406, 0.73335, 0.70737, 0.70507
0.53162, 0.59273, 0.75065, 0.71198, 0.69124
0.52264, 0.58639, 0.75295, 0.70507, 0.69124
0.51963, 0.60152, 0.73624, 0.68894, 0.66820
0.51249, 0.59650, 0.76650, 0.69585, 0.67051
0.51033, 0.60193, 0.75786, 0.69816, 0.69585
0.50268, 0.61123, 0.75699, 0.69355, 0.66590
0.49533, 0.62007, 0.75555, 0.68433, 0.68203
0.49202, 0.60026, 0.77832, 0.68664, 0.68894
0.48739, 0.62405, 0.76996, 0.71198, 0.69355
0.47723, 0.59813, 0.77803, 0.69355, 0.67512
0.47306, 0.61019, 0.78639, 0.67742, 0.64516
0.47050, 0.62113, 0.80283, 0.66590, 0.67512
0.45867, 0.62054, 0.79274, 0.68664, 0.67972
0.44814, 0.62634, 0.80484, 0.65899, 0.66820
----------------------------------------------------------------------------------------------------------------------------
0.68572, 0.67701, 0.55347, 0.58525, 0.57834
0.67707, 0.66601, 0.60392, 0.60138, 0.58525
0.64943, 0.63765, 0.65033, 0.63134, 0.62673
0.62985, 0.62598, 0.66705, 0.63825, 0.65438
0.62068, 0.61415, 0.66763, 0.64055, 0.64977
0.60922, 0.60947, 0.67195, 0.64055, 0.64977
0.59291, 0.61148, 0.67599, 0.65668, 0.65668
0.58260, 0.61062, 0.68809, 0.66359, 0.66590
0.57306, 0.66541, 0.67858, 0.58986, 0.64516
0.56025, 0.63538, 0.67282, 0.66129, 0.64516
0.55371, 0.59890, 0.73479, 0.67051, 0.67051
0.54976, 0.59673, 0.74229, 0.66590, 0.67742
0.54216, 0.60510, 0.75151, 0.66129, 0.66820
0.53656, 0.59637, 0.75353, 0.66820, 0.67051
0.52880, 0.59681, 0.75382, 0.64747, 0.67051
0.52188, 0.60273, 0.76016, 0.68203, 0.66590
0.51914, 0.61380, 0.76160, 0.65207, 0.67512
0.51550, 0.65345, 0.74373, 0.62903, 0.66129
0.50700, 0.61784, 0.76881, 0.66129, 0.66820
0.50734, 0.69335, 0.72701, 0.60599, 0.63825
0.49994, 0.61160, 0.77630, 0.68203, 0.66820
0.48952, 0.60489, 0.78466, 0.67281, 0.66820
0.48192, 0.61480, 0.78005, 0.68894, 0.66129
0.48038, 0.66685, 0.78611, 0.65207, 0.65899
0.46673, 0.62954, 0.78956, 0.66129, 0.64747
0.46693, 0.64139, 0.78956, 0.67051, 0.65899
0.47141, 0.64150, 0.78726, 0.65207, 0.65668
0.45287, 0.64622, 0.80052, 0.66359, 0.66359
0.44832, 0.66628, 0.80225, 0.67051, 0.64055
0.44395, 0.65101, 0.81522, 0.68433, 0.64516
0.43294, 0.65902, 0.81580, 0.67512, 0.65438
0.42990, 0.68562, 0.80513, 0.64516, 0.63594
0.43333, 0.71887, 0.78668, 0.63594, 0.62442
0.41684, 0.71500, 0.76276, 0.66590, 0.65207
----------------------------------------------------------------------------------------------------------------------------
0.67789, 0.68203, 0.59297, 0.55760, 0.57834
0.66506, 0.67399, 0.61574, 0.58525, 0.60138
0.65191, 0.66597, 0.60450, 0.59677, 0.60138
0.64053, 0.65831, 0.63563, 0.59677, 0.58295
0.65101, 0.67591, 0.60277, 0.57834, 0.55760
0.64819, 0.66351, 0.62727, 0.58525, 0.59677
0.63240, 0.65028, 0.65811, 0.62903, 0.60829
0.61335, 0.64447, 0.65033, 0.62212, 0.61290
0.60494, 0.62557, 0.68464, 0.66590, 0.64516
0.60087, 0.62317, 0.69098, 0.64977, 0.65438
0.59168, 0.61533, 0.70481, 0.65668, 0.65438
0.58777, 0.68774, 0.63765, 0.60138, 0.60138
0.58230, 0.60405, 0.70798, 0.67051, 0.64747
0.57577, 0.60921, 0.71548, 0.67972, 0.64747
0.57336, 0.60201, 0.72874, 0.67742, 0.66129
0.56630, 0.60407, 0.71779, 0.69355, 0.65438
0.56692, 0.61916, 0.68118, 0.63134, 0.58756
0.56732, 0.60608, 0.71750, 0.65899, 0.65668
0.55491, 0.59202, 0.72759, 0.65899, 0.65438
0.56231, 0.58917, 0.72499, 0.65668, 0.64286
0.55486, 0.58531, 0.73969, 0.68664, 0.66820
0.54967, 0.62401, 0.70568, 0.65899, 0.64747
0.54400, 0.58965, 0.73076, 0.68433, 0.68203
0.53943, 0.58324, 0.74777, 0.69355, 0.65668
0.54549, 0.58617, 0.75180, 0.67742, 0.66129
0.53447, 0.59734, 0.75180, 0.65899, 0.65668
0.53073, 0.59118, 0.75440, 0.68203, 0.67281
0.53348, 0.58354, 0.76304, 0.67972, 0.65899
0.52645, 0.59194, 0.74661, 0.68203, 0.67051
0.51742, 0.61596, 0.71577, 0.64516, 0.58986
0.52186, 0.59726, 0.76304, 0.66820, 0.63825
0.51730, 0.58412, 0.76708, 0.67972, 0.65207
0.51321, 0.58176, 0.76679, 0.67972, 0.64977
0.50474, 0.58038, 0.77313, 0.69816, 0.66129
0.50375, 0.59747, 0.76535, 0.67051, 0.65668
0.50313, 0.61266, 0.74402, 0.67051, 0.64516
0.49891, 0.59052, 0.77227, 0.67281, 0.63825
0.50147, 0.59008, 0.77832, 0.68203, 0.63825
0.48746, 0.58881, 0.77602, 0.67972, 0.64977
0.49186, 0.58519, 0.77602, 0.69585, 0.62673
0.48749, 0.59129, 0.78265, 0.68203, 0.62212
0.47601, 0.61105, 0.77429, 0.68894, 0.64055
0.48065, 0.60152, 0.78524, 0.67742, 0.62442
0.47266, 0.60873, 0.78726, 0.68203, 0.60599
0.46537, 0.59000, 0.78582, 0.68664, 0.62212
0.47947, 0.63553, 0.76910, 0.67512, 0.64977
0.46858, 0.59268, 0.79447, 0.67972, 0.60599
0.46088, 0.60402, 0.79158, 0.68664, 0.61060
0.45851, 0.59554, 0.80081, 0.69355, 0.60369
0.44980, 0.62649, 0.79965, 0.68433, 0.61060
0.44855, 0.60699, 0.80513, 0.69124, 0.62212
0.44592, 0.64044, 0.79331, 0.67051, 0.63364
0.44946, 0.63319, 0.77313, 0.66359, 0.64747
0.44501, 0.63043, 0.80455, 0.68664, 0.62903
----------------------------------------------------------------------------------------------------------------------------
0.68628, 0.67643, 0.54944, 0.58295, 0.56682
0.67676, 0.66363, 0.55549, 0.58756, 0.57604
0.67098, 0.65481, 0.59844, 0.59447, 0.59677
0.65538, 0.65046, 0.67022, 0.67512, 0.66129
0.64128, 0.62757, 0.67051, 0.67742, 0.68664
0.62130, 0.60955, 0.66474, 0.67051, 0.65668
0.61981, 0.61000, 0.69213, 0.69585, 0.67051
0.61291, 0.59665, 0.68204, 0.67281, 0.67742
0.60326, 0.60251, 0.70135, 0.70507, 0.67972
0.60039, 0.58840, 0.70337, 0.72350, 0.67972
0.59269, 0.58419, 0.68089, 0.68433, 0.67742
0.58810, 0.58047, 0.70453, 0.70276, 0.69816
0.57796, 0.57606, 0.69934, 0.69816, 0.68664
0.57424, 0.57626, 0.68492, 0.70276, 0.68203
0.57125, 0.59412, 0.71289, 0.66590, 0.67972
0.56586, 0.56613, 0.71663, 0.73272, 0.68894
0.56339, 0.56788, 0.72384, 0.72350, 0.68433
0.56004, 0.56544, 0.72470, 0.71659, 0.68433
0.55413, 0.56024, 0.72528, 0.74194, 0.68203
0.54857, 0.55917, 0.73595, 0.73963, 0.69816
0.54423, 0.56764, 0.73566, 0.70968, 0.70046
0.53982, 0.55638, 0.74402, 0.71659, 0.68894
0.53786, 0.55825, 0.74777, 0.71889, 0.69355
0.52843, 0.56319, 0.75209, 0.70276, 0.70737
0.52411, 0.55894, 0.75123, 0.72581, 0.68894
0.51987, 0.55857, 0.75440, 0.74885, 0.68203
0.51376, 0.55941, 0.76276, 0.72811, 0.67742
0.52013, 0.56842, 0.74142, 0.70737, 0.67281
0.50892, 0.55687, 0.77054, 0.73502, 0.69585
0.50220, 0.59512, 0.76650, 0.67281, 0.68433
0.49966, 0.56356, 0.77746, 0.71659, 0.71198
0.48946, 0.59262, 0.76160, 0.69124, 0.70737
0.48551, 0.57885, 0.78466, 0.70737, 0.70276
0.47563, 0.57422, 0.78899, 0.71429, 0.70507
0.47814, 0.56555, 0.78322, 0.71429, 0.68433
0.47727, 0.56554, 0.79360, 0.73041, 0.69355
0.46727, 0.58219, 0.79331, 0.70737, 0.71429
0.45899, 0.57819, 0.78495, 0.70968, 0.68433
0.45457, 0.58492, 0.80196, 0.71889, 0.70737
0.44886, 0.58357, 0.80542, 0.70507, 0.69124
0.45257, 0.55850, 0.80340, 0.72350, 0.67051
0.44126, 0.59506, 0.81378, 0.70276, 0.71429
============================================================================================================================
Namespace(pooling='dlspool', batch_size=32, lr=0.0001, epochs=200, pool_ratio=0.5, dataset='FRANKENSTEIN', edges=False, runs=10, logging='logs/26_03_24/lspool_maxabs_frankenstein', config='config/config.json', patience=20, seeds='config/seeds'); _CudaDeviceProperties(name='NVIDIA GeForce RTX 4060 Ti', major=8, minor=9, total_memory=16379MB, multi_processor_count=34); {'hidden_features': 128, 'nonlinearity': 'elu', 'p_dropout': 0.0, 'conv_layer': 'GraphConv', 'pre_gnn': [64, 128], 'post_gnn': [128, 64], 'pre_pool_convs': 1, 'post_pool_convs': 1} 
----------------------------------------------------------------------------------------------------------------------------
0.68169, 0.67474, 0.60392, 0.61060, 0.59217
0.66248, 0.66036, 0.59758, 0.60829, 0.59908
0.64773, 0.63276, 0.65667, 0.67051, 0.64055
0.62590, 0.61113, 0.67455, 0.68203, 0.65438
0.61693, 0.60804, 0.68464, 0.66820, 0.65207
0.60997, 0.61430, 0.66532, 0.68203, 0.65207
0.59918, 0.59672, 0.68925, 0.68433, 0.65668
0.59236, 0.57993, 0.70193, 0.67972, 0.67742
0.58498, 0.57539, 0.69271, 0.69816, 0.66590
0.58474, 0.56227, 0.70597, 0.69355, 0.67742
0.57775, 0.56284, 0.71577, 0.68894, 0.67051
0.56531, 0.56248, 0.72153, 0.65899, 0.68203
0.56027, 0.56421, 0.71087, 0.68894, 0.66820
0.56227, 0.55426, 0.71548, 0.70968, 0.66129
0.54922, 0.55616, 0.71317, 0.68664, 0.65207
0.54321, 0.54205, 0.73018, 0.71659, 0.67281
0.54804, 0.54594, 0.73306, 0.73041, 0.66590
0.53728, 0.54954, 0.74834, 0.69355, 0.68664
0.54706, 0.53913, 0.74027, 0.71198, 0.69585
0.52557, 0.54663, 0.74546, 0.70737, 0.69355
0.52524, 0.56883, 0.73681, 0.68664, 0.67972
0.53391, 0.54870, 0.74488, 0.71198, 0.68664
0.52280, 0.54747, 0.75613, 0.67972, 0.70276
0.51505, 0.55229, 0.75728, 0.69124, 0.69355
0.51093, 0.55653, 0.75382, 0.68433, 0.67512
0.50890, 0.55114, 0.76074, 0.69124, 0.68664
0.49928, 0.58807, 0.75151, 0.66820, 0.67051
0.49528, 0.56355, 0.76506, 0.70276, 0.69585
0.49459, 0.56319, 0.75180, 0.69585, 0.64516
0.49268, 0.55593, 0.77544, 0.69124, 0.68433
0.48379, 0.56333, 0.77313, 0.70276, 0.66820
0.47818, 0.55516, 0.78063, 0.70507, 0.68894
0.47792, 0.54875, 0.78293, 0.70046, 0.68894
0.48019, 0.59618, 0.75295, 0.68203, 0.64747
0.48384, 0.56520, 0.78293, 0.67051, 0.67972
0.47075, 0.56345, 0.78207, 0.70507, 0.65899
0.45720, 0.59489, 0.76737, 0.64747, 0.64516
0.46717, 0.61031, 0.77169, 0.69124, 0.69124
0.45954, 0.57105, 0.78466, 0.69355, 0.65899
----------------------------------------------------------------------------------------------------------------------------
0.67779, 0.67026, 0.57394, 0.58065, 0.55300
0.66852, 0.66250, 0.63073, 0.62212, 0.62442
0.65328, 0.66018, 0.61516, 0.61060, 0.59677
0.63503, 0.66184, 0.66388, 0.63825, 0.62212
0.62949, 0.64649, 0.68867, 0.64747, 0.65668
0.61359, 0.64599, 0.69098, 0.65668, 0.66129
0.62124, 0.63533, 0.66503, 0.64286, 0.63134
0.59681, 0.67787, 0.65898, 0.55991, 0.62673
0.60064, 0.64147, 0.68118, 0.61751, 0.68203
0.58560, 0.61778, 0.70481, 0.67742, 0.65207
0.58689, 0.61517, 0.70971, 0.65207, 0.68203
0.57344, 0.60389, 0.71577, 0.68664, 0.68203
0.56190, 0.60647, 0.71577, 0.65668, 0.66820
0.55980, 0.61538, 0.70856, 0.64055, 0.70737
0.55406, 0.58900, 0.72470, 0.67742, 0.70507
0.55128, 0.60137, 0.73537, 0.68433, 0.69355
0.53659, 0.60081, 0.74632, 0.65207, 0.70046
0.53275, 0.64933, 0.70539, 0.62442, 0.67742
0.54428, 0.58197, 0.75295, 0.68894, 0.70968
0.52272, 0.59530, 0.75065, 0.66129, 0.71659
0.52739, 0.58500, 0.75209, 0.67742, 0.69585
0.51199, 0.61358, 0.74921, 0.67281, 0.70046
0.50715, 0.60433, 0.73624, 0.66129, 0.68894
0.51565, 0.59713, 0.76045, 0.67281, 0.68894
0.50442, 0.61033, 0.75094, 0.65899, 0.67281
0.50661, 0.60023, 0.77400, 0.67972, 0.69124
0.49344, 0.59287, 0.77486, 0.67972, 0.68894
0.48745, 0.60700, 0.77630, 0.67742, 0.69816
0.49403, 0.59642, 0.77371, 0.68894, 0.68203
0.48413, 0.61960, 0.77948, 0.66590, 0.68203
0.48630, 0.59358, 0.77457, 0.67742, 0.68664
0.47355, 0.60949, 0.78351, 0.68433, 0.68433
0.47384, 0.61512, 0.77803, 0.68433, 0.67972
0.46778, 0.61318, 0.79101, 0.67281, 0.68664
0.46838, 0.60948, 0.78784, 0.69124, 0.68203
0.46171, 0.62432, 0.78178, 0.67051, 0.66590
0.45976, 0.62760, 0.78812, 0.67281, 0.67051
0.46524, 0.61867, 0.79706, 0.67051, 0.67051
0.44885, 0.61830, 0.79158, 0.67512, 0.67281
----------------------------------------------------------------------------------------------------------------------------
0.67755, 0.65090, 0.57567, 0.58065, 0.55760
0.65963, 0.62531, 0.62871, 0.64516, 0.58525
0.64718, 0.62173, 0.61401, 0.62673, 0.58756
0.63898, 0.64282, 0.59297, 0.59217, 0.55300
0.63477, 0.60245, 0.65696, 0.69816, 0.64977
0.62743, 0.59727, 0.67166, 0.69816, 0.61290
0.61273, 0.57096, 0.68838, 0.72581, 0.62212
0.60345, 0.57894, 0.68435, 0.72120, 0.65207
0.59775, 0.56017, 0.69444, 0.72120, 0.62442
0.59055, 0.55442, 0.69790, 0.74194, 0.64516
0.58678, 0.55235, 0.70049, 0.74424, 0.66590
0.57737, 0.54630, 0.70453, 0.73733, 0.65668
0.56662, 0.63065, 0.65293, 0.62212, 0.62673
0.56864, 0.53998, 0.71721, 0.75806, 0.66590
0.57100, 0.53234, 0.71807, 0.74885, 0.65899
0.55358, 0.51579, 0.72557, 0.76498, 0.67051
0.55198, 0.52794, 0.73508, 0.74885, 0.68664
0.53959, 0.52830, 0.73883, 0.73502, 0.68894
0.54327, 0.52173, 0.73364, 0.74885, 0.69124
0.53363, 0.54340, 0.73825, 0.74424, 0.66129
0.52989, 0.52932, 0.73941, 0.72350, 0.67972
0.52972, 0.52024, 0.74229, 0.73963, 0.68664
0.52488, 0.53278, 0.73566, 0.72581, 0.68433
0.51891, 0.51358, 0.75786, 0.76037, 0.68433
0.51112, 0.52125, 0.76218, 0.75346, 0.68664
0.52158, 0.49631, 0.75670, 0.76267, 0.70507
0.50624, 0.52812, 0.76160, 0.75576, 0.67972
0.51484, 0.55151, 0.73624, 0.72581, 0.67051
0.49749, 0.51072, 0.76535, 0.75806, 0.68664
0.49875, 0.53005, 0.76420, 0.75346, 0.69585
0.49938, 0.52318, 0.77803, 0.75346, 0.69355
0.49790, 0.55488, 0.76131, 0.72350, 0.67512
0.49343, 0.51870, 0.78063, 0.74424, 0.70737
0.48139, 0.52915, 0.77919, 0.75346, 0.69124
0.48178, 0.54622, 0.77457, 0.73272, 0.69816
0.47392, 0.54657, 0.78611, 0.72350, 0.67972
0.47872, 0.59365, 0.75238, 0.71198, 0.65438
0.47284, 0.54754, 0.76593, 0.72811, 0.67512
0.45816, 0.51827, 0.79360, 0.75576, 0.70046
0.46189, 0.55162, 0.78755, 0.72120, 0.67742
0.46360, 0.52277, 0.80455, 0.74885, 0.69816
0.45113, 0.53128, 0.79504, 0.74424, 0.68664
0.44897, 0.52599, 0.80859, 0.74885, 0.69585
0.44299, 0.52686, 0.79245, 0.73963, 0.69355
0.44184, 0.52920, 0.82099, 0.74654, 0.69124
0.44407, 0.53783, 0.81868, 0.74654, 0.69816
----------------------------------------------------------------------------------------------------------------------------
0.67755, 0.65090, 0.57567, 0.58065, 0.55760
0.65963, 0.62531, 0.62871, 0.64516, 0.58525
0.64718, 0.62173, 0.61401, 0.62673, 0.58756
0.63898, 0.64282, 0.59297, 0.59217, 0.55300
0.63477, 0.60245, 0.65696, 0.69816, 0.64977
0.62743, 0.59727, 0.67166, 0.69816, 0.61290
0.61273, 0.57096, 0.68838, 0.72581, 0.62212
0.60345, 0.57894, 0.68435, 0.72120, 0.65207
0.59775, 0.56017, 0.69444, 0.72120, 0.62442
0.59055, 0.55442, 0.69790, 0.74194, 0.64516
0.58678, 0.55235, 0.70049, 0.74424, 0.66590
0.57737, 0.54630, 0.70453, 0.73733, 0.65668
0.56662, 0.63065, 0.65293, 0.62212, 0.62673
0.56864, 0.53998, 0.71721, 0.75806, 0.66590
0.57100, 0.53234, 0.71807, 0.74885, 0.65899
0.55358, 0.51579, 0.72557, 0.76498, 0.67051
0.55198, 0.52794, 0.73508, 0.74885, 0.68664
0.53959, 0.52830, 0.73883, 0.73502, 0.68894
0.54327, 0.52173, 0.73364, 0.74885, 0.69124
0.53363, 0.54340, 0.73825, 0.74424, 0.66129
0.52989, 0.52932, 0.73941, 0.72350, 0.67972
0.52972, 0.52024, 0.74229, 0.73963, 0.68664
0.52488, 0.53278, 0.73566, 0.72581, 0.68433
0.51891, 0.51358, 0.75786, 0.76037, 0.68433
0.51112, 0.52125, 0.76218, 0.75346, 0.68664
0.52158, 0.49631, 0.75670, 0.76267, 0.70507
0.50624, 0.52812, 0.76160, 0.75576, 0.67972
0.51484, 0.55151, 0.73624, 0.72581, 0.67051
0.49749, 0.51072, 0.76535, 0.75806, 0.68664
0.49875, 0.53005, 0.76420, 0.75346, 0.69585
0.49938, 0.52318, 0.77803, 0.75346, 0.69355
0.49790, 0.55488, 0.76131, 0.72350, 0.67512
0.49343, 0.51870, 0.78063, 0.74424, 0.70737
0.48139, 0.52915, 0.77919, 0.75346, 0.69124
0.48178, 0.54622, 0.77457, 0.73272, 0.69816
0.47392, 0.54657, 0.78611, 0.72350, 0.67972
0.47872, 0.59365, 0.75238, 0.71198, 0.65438
0.47284, 0.54754, 0.76593, 0.72811, 0.67512
0.45816, 0.51827, 0.79360, 0.75576, 0.70046
0.46189, 0.55162, 0.78755, 0.72120, 0.67742
0.46360, 0.52277, 0.80455, 0.74885, 0.69816
0.45113, 0.53128, 0.79504, 0.74424, 0.68664
0.44897, 0.52599, 0.80859, 0.74885, 0.69585
0.44299, 0.52686, 0.79245, 0.73963, 0.69355
0.44184, 0.52920, 0.82099, 0.74654, 0.69124
0.44407, 0.53783, 0.81868, 0.74654, 0.69816
----------------------------------------------------------------------------------------------------------------------------
0.67747, 0.67648, 0.60969, 0.57834, 0.56452
0.65990, 0.66168, 0.64803, 0.58295, 0.60138
0.64574, 0.65782, 0.63938, 0.58065, 0.61521
0.63119, 0.68877, 0.59988, 0.57143, 0.57143
0.62192, 0.63932, 0.68550, 0.65207, 0.65899
0.61075, 0.64371, 0.67801, 0.62903, 0.65668
0.61340, 0.63351, 0.69155, 0.65438, 0.63134
0.59215, 0.70409, 0.65523, 0.61521, 0.63364
0.59705, 0.61869, 0.70020, 0.65207, 0.64977
0.58713, 0.65799, 0.68492, 0.63134, 0.65438
0.58292, 0.60974, 0.70366, 0.66129, 0.64747
0.57124, 0.65812, 0.68694, 0.61521, 0.64516
0.57280, 0.62145, 0.70712, 0.66359, 0.62673
0.57200, 0.60770, 0.72182, 0.67512, 0.64055
0.55786, 0.60372, 0.72009, 0.67972, 0.65438
0.54765, 0.59290, 0.72182, 0.66820, 0.62212
0.55233, 0.60938, 0.70366, 0.66359, 0.63134
0.54597, 0.60025, 0.74142, 0.68664, 0.65207
0.53397, 0.58156, 0.72961, 0.67512, 0.65207
0.54109, 0.58710, 0.74229, 0.68894, 0.65899
0.53221, 0.58606, 0.73133, 0.68894, 0.64516
0.52370, 0.65115, 0.71779, 0.64977, 0.66590
0.51370, 0.61179, 0.74834, 0.67742, 0.66590
0.51238, 0.58587, 0.75786, 0.68433, 0.67051
0.51348, 0.58187, 0.74950, 0.68664, 0.66359
0.51091, 0.60446, 0.72701, 0.67742, 0.62903
0.49650, 0.59232, 0.76016, 0.69355, 0.65899
0.50948, 0.56935, 0.77630, 0.68433, 0.64055
0.50394, 0.59351, 0.77342, 0.69355, 0.65899
0.49346, 0.59312, 0.73912, 0.69124, 0.64055
0.49649, 0.58614, 0.77486, 0.69816, 0.66129
0.48774, 0.57490, 0.78697, 0.68203, 0.65899
0.48773, 0.68582, 0.74690, 0.68894, 0.64055
0.48384, 0.57696, 0.78178, 0.70046, 0.67972
0.48082, 0.59917, 0.78841, 0.68894, 0.65438
0.47890, 0.57916, 0.79591, 0.70737, 0.67281
0.47125, 0.67885, 0.72182, 0.64977, 0.63134
0.48217, 0.60264, 0.77803, 0.68664, 0.64977
0.45493, 0.60451, 0.79216, 0.69355, 0.65899
0.45943, 0.62827, 0.78928, 0.68894, 0.64516
0.46789, 0.60664, 0.78524, 0.69355, 0.65668
0.45853, 0.59972, 0.81032, 0.69124, 0.67281
0.45031, 0.59947, 0.79562, 0.69816, 0.66359
0.44292, 0.61011, 0.80773, 0.68664, 0.65899
0.43681, 0.62043, 0.79504, 0.69124, 0.66590
0.44221, 0.70203, 0.74171, 0.66590, 0.65899
0.44447, 0.62271, 0.81003, 0.69124, 0.66129
0.43173, 0.63557, 0.80773, 0.67512, 0.65438
----------------------------------------------------------------------------------------------------------------------------
0.68144, 0.67508, 0.62006, 0.58065, 0.63825
0.65924, 0.65683, 0.63159, 0.61290, 0.65899
0.64769, 0.66158, 0.65148, 0.59908, 0.62212
0.63781, 0.67556, 0.58403, 0.58065, 0.54608
0.62175, 0.62866, 0.68838, 0.64747, 0.67051
0.61484, 0.63014, 0.69559, 0.63825, 0.64055
0.59738, 0.62794, 0.69876, 0.64747, 0.63825
0.59607, 0.61415, 0.70798, 0.66590, 0.64516
0.58396, 0.60571, 0.70683, 0.66129, 0.65438
0.57527, 0.60491, 0.69415, 0.67281, 0.63134
0.56916, 0.59071, 0.72240, 0.67281, 0.64286
0.56046, 0.59833, 0.71144, 0.65438, 0.64286
0.55978, 0.59253, 0.71663, 0.67972, 0.63594
0.55610, 0.58326, 0.73018, 0.67742, 0.67281
0.54965, 0.59231, 0.71865, 0.68203, 0.65899
0.54800, 0.57023, 0.74315, 0.68894, 0.67742
0.53933, 0.57545, 0.74373, 0.68664, 0.67742
0.54577, 0.57088, 0.74488, 0.70276, 0.67512
0.53154, 0.57917, 0.73710, 0.68894, 0.66129
0.53212, 0.57492, 0.73566, 0.69585, 0.66820
0.52549, 0.56913, 0.74805, 0.70968, 0.69124
0.51452, 0.57188, 0.75699, 0.70276, 0.69816
0.51084, 0.60346, 0.73018, 0.66590, 0.65438
0.50908, 0.57131, 0.76045, 0.70507, 0.68894
0.50670, 0.63374, 0.72701, 0.67512, 0.65899
0.50989, 0.59871, 0.74287, 0.68664, 0.66359
0.50135, 0.57733, 0.76564, 0.69585, 0.67512
0.49369, 0.58267, 0.76593, 0.70507, 0.66359
0.48623, 0.59983, 0.76679, 0.69124, 0.68433
0.48953, 0.59211, 0.76016, 0.69124, 0.67051
0.48651, 0.61694, 0.75094, 0.67281, 0.66359
0.47949, 0.59993, 0.76881, 0.68203, 0.65899
0.47544, 0.61241, 0.76103, 0.69355, 0.66129
0.47370, 0.60418, 0.77919, 0.69355, 0.67051
0.48363, 0.58552, 0.78899, 0.69585, 0.67281
0.46136, 0.64047, 0.76131, 0.67281, 0.66129
0.46327, 0.59291, 0.79937, 0.67972, 0.67742
0.46498, 0.60549, 0.77890, 0.67051, 0.66820
0.46194, 0.62121, 0.77890, 0.68433, 0.67512
0.45113, 0.60999, 0.80340, 0.70046, 0.67512
0.44588, 0.62610, 0.78149, 0.68203, 0.67512
----------------------------------------------------------------------------------------------------------------------------
0.67307, 0.65293, 0.59844, 0.61521, 0.55760
0.65401, 0.70428, 0.56731, 0.56912, 0.54378
0.64583, 0.63101, 0.67051, 0.67742, 0.63364
0.63583, 0.61483, 0.67801, 0.66359, 0.64286
0.62215, 0.65806, 0.60507, 0.59908, 0.58525
0.62759, 0.60899, 0.68464, 0.68664, 0.65207
0.61388, 0.59781, 0.69011, 0.68894, 0.65207
0.60185, 0.59495, 0.69559, 0.69585, 0.67512
0.60120, 0.60413, 0.67541, 0.65899, 0.65668
0.59109, 0.59132, 0.69617, 0.68433, 0.65899
0.57267, 0.59322, 0.69559, 0.68894, 0.64977
0.57430, 0.61713, 0.66013, 0.65899, 0.64055
0.56345, 0.59454, 0.69905, 0.69355, 0.64055
0.56728, 0.55711, 0.72989, 0.72581, 0.70737
0.56825, 0.56033, 0.72788, 0.71198, 0.70968
0.55302, 0.55775, 0.73133, 0.72811, 0.70276
0.54902, 0.56064, 0.73681, 0.72811, 0.70276
0.53061, 0.56622, 0.73364, 0.71889, 0.71659
0.53879, 0.55678, 0.74344, 0.72120, 0.70046
0.53223, 0.55893, 0.73249, 0.70968, 0.70968
0.53161, 0.55461, 0.74575, 0.72350, 0.71659
0.52776, 0.56775, 0.73969, 0.71198, 0.70968
0.52516, 0.55608, 0.74978, 0.73963, 0.70046
0.51951, 0.57218, 0.74114, 0.70737, 0.70968
0.51581, 0.58225, 0.74546, 0.70276, 0.69124
0.51441, 0.56943, 0.75670, 0.71889, 0.71889
0.50758, 0.55169, 0.76593, 0.71889, 0.71659
0.49953, 0.59287, 0.76420, 0.69585, 0.70276
0.49701, 0.56851, 0.76939, 0.73272, 0.73733
0.49392, 0.57708, 0.76477, 0.70737, 0.69816
0.49322, 0.56274, 0.77285, 0.72350, 0.70507
0.48816, 0.57534, 0.77746, 0.71889, 0.69124
0.48504, 0.58204, 0.77688, 0.71889, 0.70046
0.48905, 0.57717, 0.77803, 0.71659, 0.71429
0.47517, 0.59802, 0.76939, 0.69816, 0.73272
0.47828, 0.57543, 0.79014, 0.70968, 0.70737
0.47450, 0.58778, 0.78495, 0.70507, 0.69124
0.46337, 0.60298, 0.78928, 0.72120, 0.70276
0.47362, 0.59578, 0.78697, 0.70046, 0.70276
0.46365, 0.59766, 0.78236, 0.69585, 0.69585
0.45635, 0.58465, 0.79879, 0.71659, 0.72350
0.45576, 0.59493, 0.80398, 0.69124, 0.70968
0.44922, 0.61102, 0.79043, 0.71429, 0.69816
0.44970, 0.59726, 0.80773, 0.70968, 0.70507
0.45391, 0.63426, 0.77169, 0.67972, 0.67742
0.44224, 0.59927, 0.80600, 0.73041, 0.70276
0.43943, 0.58490, 0.81522, 0.70276, 0.71889
----------------------------------------------------------------------------------------------------------------------------
0.67654, 0.68663, 0.59844, 0.57834, 0.58756
0.66213, 0.63101, 0.62179, 0.63364, 0.62903
0.64168, 0.63450, 0.68060, 0.64516, 0.65899
0.63274, 0.63561, 0.67541, 0.62673, 0.64055
0.63524, 0.61361, 0.64457, 0.65207, 0.64977
0.62239, 0.62630, 0.68896, 0.64286, 0.66129
0.61225, 0.60435, 0.67080, 0.67972, 0.68433
0.60030, 0.60345, 0.69155, 0.66820, 0.68433
0.59571, 0.68655, 0.63938, 0.60369, 0.61290
0.58418, 0.60107, 0.68665, 0.68433, 0.68894
0.58186, 0.58251, 0.70424, 0.67742, 0.68664
0.56870, 0.62427, 0.70135, 0.65668, 0.68894
0.56633, 0.58320, 0.71952, 0.68894, 0.69355
0.55487, 0.58472, 0.71807, 0.67972, 0.70276
0.54783, 0.58724, 0.72961, 0.69355, 0.70046
0.54822, 0.58696, 0.71346, 0.67512, 0.70968
0.54881, 0.58424, 0.73624, 0.69816, 0.69585
0.53658, 0.62535, 0.71692, 0.66820, 0.67051
0.53173, 0.58953, 0.74431, 0.68433, 0.68664
0.52938, 0.65598, 0.71375, 0.66820, 0.67281
0.52217, 0.59296, 0.74950, 0.67742, 0.72120
0.51835, 0.59351, 0.74748, 0.69585, 0.70276
0.51132, 0.60191, 0.74950, 0.68203, 0.70046
0.52058, 0.60534, 0.76045, 0.66129, 0.69585
0.50370, 0.60072, 0.77169, 0.68433, 0.70276
0.50523, 0.61399, 0.75295, 0.67512, 0.69124
0.50736, 0.64543, 0.75440, 0.66359, 0.67972
0.49647, 0.60272, 0.77400, 0.68203, 0.69355
0.49477, 0.63266, 0.77371, 0.66590, 0.67512
0.49059, 0.61786, 0.77400, 0.67742, 0.68894
0.48210, 0.60709, 0.78034, 0.68203, 0.69816
----------------------------------------------------------------------------------------------------------------------------
0.67747, 0.67648, 0.60969, 0.57834, 0.56452
0.65990, 0.66168, 0.64803, 0.58295, 0.60138
0.64574, 0.65782, 0.63938, 0.58065, 0.61521
0.63119, 0.68877, 0.59988, 0.57143, 0.57143
0.62192, 0.63932, 0.68550, 0.65207, 0.65899
0.61075, 0.64371, 0.67801, 0.62903, 0.65668
0.61340, 0.63351, 0.69155, 0.65438, 0.63134
0.59215, 0.70409, 0.65523, 0.61521, 0.63364
0.59705, 0.61869, 0.70020, 0.65207, 0.64977
0.58713, 0.65799, 0.68492, 0.63134, 0.65438
0.58292, 0.60974, 0.70366, 0.66129, 0.64747
0.57124, 0.65812, 0.68694, 0.61521, 0.64516
0.57280, 0.62145, 0.70712, 0.66359, 0.62673
0.57200, 0.60770, 0.72182, 0.67512, 0.64055
0.55786, 0.60372, 0.72009, 0.67972, 0.65438
0.54765, 0.59290, 0.72182, 0.66820, 0.62212
0.55233, 0.60938, 0.70366, 0.66359, 0.63134
0.54597, 0.60025, 0.74142, 0.68664, 0.65207
0.53397, 0.58156, 0.72961, 0.67512, 0.65207
0.54109, 0.58710, 0.74229, 0.68894, 0.65899
0.53221, 0.58606, 0.73133, 0.68894, 0.64516
0.52370, 0.65115, 0.71779, 0.64977, 0.66590
0.51370, 0.61180, 0.74834, 0.67742, 0.66590
0.51238, 0.58587, 0.75786, 0.68433, 0.67051
0.51348, 0.58187, 0.74950, 0.68664, 0.66359
0.51091, 0.60447, 0.72701, 0.67742, 0.62903
0.49650, 0.59232, 0.76016, 0.69355, 0.65899
0.50948, 0.56935, 0.77630, 0.68433, 0.64055
0.50394, 0.59351, 0.77342, 0.69355, 0.65899
0.49346, 0.59313, 0.73912, 0.69124, 0.64055
0.49649, 0.58614, 0.77486, 0.69816, 0.66129
0.48773, 0.57490, 0.78697, 0.68203, 0.65899
0.48773, 0.68584, 0.74690, 0.68894, 0.64055
0.48384, 0.57695, 0.78178, 0.70046, 0.67972
0.48082, 0.59919, 0.78841, 0.68894, 0.65438
0.47889, 0.57918, 0.79591, 0.70737, 0.67281
0.47125, 0.67886, 0.72182, 0.64977, 0.63134
0.48217, 0.60264, 0.77803, 0.68664, 0.64977
0.45493, 0.60454, 0.79216, 0.69355, 0.65899
0.45943, 0.62827, 0.78928, 0.68894, 0.64516
0.46789, 0.60657, 0.78466, 0.69585, 0.65668
0.45852, 0.59972, 0.81032, 0.69124, 0.67281
0.45032, 0.59947, 0.79562, 0.69816, 0.66359
0.44292, 0.61010, 0.80773, 0.68664, 0.65899
0.43681, 0.62044, 0.79504, 0.69124, 0.66590
0.44218, 0.70209, 0.74142, 0.66590, 0.65899
0.44447, 0.62272, 0.81003, 0.69124, 0.66129
0.43174, 0.63559, 0.80773, 0.67512, 0.65438
----------------------------------------------------------------------------------------------------------------------------
0.67619, 0.65118, 0.59585, 0.60599, 0.61060
0.66468, 0.63859, 0.59239, 0.60138, 0.60829
0.64568, 0.63255, 0.66071, 0.66359, 0.63594
0.62947, 0.60806, 0.67685, 0.68433, 0.65438
0.62680, 0.60804, 0.65466, 0.65438, 0.64055
0.60763, 0.58801, 0.69300, 0.71198, 0.66820
0.60873, 0.60763, 0.68550, 0.65668, 0.64977
0.59636, 0.60348, 0.69155, 0.67512, 0.65668
0.59353, 0.57638, 0.70481, 0.68894, 0.69124
0.58903, 0.58117, 0.71692, 0.69585, 0.67512
0.57905, 0.58486, 0.71231, 0.68433, 0.68664
0.57292, 0.56738, 0.70856, 0.69816, 0.69124
0.56381, 0.57142, 0.71779, 0.70046, 0.71198
0.55877, 0.56389, 0.70135, 0.71198, 0.68203
0.55609, 0.62715, 0.68492, 0.64055, 0.65438
0.54806, 0.56888, 0.73451, 0.69585, 0.70507
0.54663, 0.56396, 0.73768, 0.69816, 0.70046
0.54051, 0.55597, 0.72125, 0.70737, 0.71429
0.53127, 0.56047, 0.72499, 0.72350, 0.69816
0.53371, 0.55150, 0.73941, 0.71198, 0.72120
0.52973, 0.55859, 0.75007, 0.70968, 0.70507
0.51973, 0.55794, 0.75151, 0.71659, 0.69585
0.52540, 0.54833, 0.75295, 0.72350, 0.70737
0.51887, 0.54668, 0.76304, 0.74194, 0.70507
0.51668, 0.57969, 0.75295, 0.68433, 0.71198
0.51030, 0.55728, 0.76708, 0.71889, 0.70046
0.50233, 0.56981, 0.75209, 0.71889, 0.70276
0.51339, 0.56521, 0.76074, 0.72811, 0.70046
0.50286, 0.56873, 0.77976, 0.71429, 0.71889
0.48942, 0.57626, 0.77112, 0.69355, 0.72350
0.49727, 0.56296, 0.78409, 0.72120, 0.71889
0.48600, 0.59550, 0.76996, 0.67742, 0.69585
0.48118, 0.57968, 0.78409, 0.69585, 0.71198
0.47372, 0.61820, 0.77285, 0.67281, 0.68894
0.48619, 0.58226, 0.75901, 0.71429, 0.67512
0.47597, 0.57751, 0.78466, 0.70276, 0.69816
0.46972, 0.59924, 0.79302, 0.69585, 0.71198
0.46678, 0.59747, 0.79533, 0.69816, 0.70046
0.46520, 0.61893, 0.78928, 0.67742, 0.69816
0.44922, 0.60526, 0.80254, 0.69355, 0.70968
0.45384, 0.59890, 0.77746, 0.69816, 0.67512
0.44795, 0.63062, 0.79418, 0.68664, 0.70046
0.45448, 0.60477, 0.78178, 0.68433, 0.68203
0.44595, 0.61338, 0.81436, 0.68664, 0.69355
